true,pred1,pred2,pred3,pred4,pred5
365.8869,387.6958,388.6453,386.7467,388.8116,389.9587
304.9546,319.8169,318.8270,318.4994,319.5995,317.3615
361.4368,366.4207,367.9048,369.4473,367.9806,369.7012
360.1403,372.1669,369.8713,372.1186,373.0382,372.4144
334.8007,351.4096,351.4335,350.0520,349.7883,352.1891
440.2627,413.0506,411.5388,411.2729,411.8137,412.5642
328.3493,339.0290,339.0844,338.2189,335.9792,337.4246
366.2561,371.4187,370.9061,369.9830,370.1230,369.3770
357.4685,391.5423,390.0798,393.2624,392.0069,390.2993
353.0170,367.7787,369.0610,368.5221,367.4841,368.8659
381.8796,365.4661,368.3224,366.5528,366.9509,366.9308
359.5296,356.0108,354.0466,354.5870,354.2561,354.0534
355.4878,356.5640,356.9133,356.0669,354.2792,356.8726
374.8454,352.7827,357.5430,354.0571,353.9239,354.8692
365.0687,371.2490,370.4062,372.2516,370.6957,373.6157
363.4244,347.7732,348.6912,347.5922,347.0002,346.4038
347.2417,330.3156,329.2533,331.1746,330.6326,329.3736
355.1904,371.0036,375.1834,375.0814,374.4119,372.8399
368.0445,355.4519,356.3080,355.7881,357.0937,355.5586
375.3332,392.2534,392.9938,394.1261,392.3877,394.2720
396.7330,389.2333,391.8419,391.0797,389.0919,392.6652
363.8777,354.7670,356.1649,356.0357,357.0404,356.4464
374.4044,381.0771,379.5828,381.3570,379.1679,380.6487
389.3313,385.5120,385.9184,386.0134,385.6202,387.0745
349.9657,374.7650,379.5573,376.0610,378.6610,377.5839
424.3187,394.6956,394.9492,393.9990,394.8225,395.5470
315.8220,354.5349,351.4751,354.7214,351.2066,353.2456
412.7356,389.5771,391.6586,390.6434,389.6272,390.6213
388.4928,368.0169,371.0749,370.2955,368.6767,369.3405
352.4738,377.1006,376.9085,377.7638,377.3172,375.8255
413.2829,383.7742,384.6313,382.8622,385.1416,384.8147
397.2378,372.7066,372.6813,372.7790,372.6671,372.2391
400.5688,404.7827,407.8026,406.5813,408.3293,405.3623
355.3838,372.8540,374.9018,374.6918,372.9981,375.8872
405.8914,407.3185,409.6367,408.9944,409.2987,408.8367
403.2814,379.4691,381.0788,380.3857,381.6159,380.9042
399.4342,410.2103,413.5362,411.5845,413.0985,412.0766
387.8970,390.7085,390.0442,388.3190,392.0654,392.6139
390.1959,384.3367,383.5819,382.8460,384.3664,386.0507
361.7298,376.2591,378.0225,380.7731,381.2303,379.9486
343.0489,344.5428,345.3453,346.4051,344.5720,344.1809
353.5444,344.3823,347.0758,344.7537,345.1211,343.0695
320.6480,325.6128,324.4284,324.4035,323.8290,325.2167
420.4463,425.8389,423.8317,424.8438,423.5251,425.6609
399.9127,409.8520,409.8214,407.0843,410.1496,410.0199
398.1201,373.0478,375.2686,378.6947,378.2948,376.5672
377.7695,397.8624,401.6235,400.6678,397.4378,399.3719
375.2797,350.3548,351.0528,353.8578,351.0208,352.9303
385.9886,366.2270,366.4682,368.6150,367.8845,368.0327
395.2118,402.5645,400.8488,405.3422,404.5068,400.9783
362.2159,373.5776,374.3744,373.3846,374.4607,374.0484
378.6614,409.4395,410.8902,409.2992,407.8930,407.4677
403.7501,405.8642,406.8136,406.8628,405.2389,406.6184
374.8107,374.5574,374.7995,374.4879,375.4881,375.4569
346.5289,355.5722,356.6698,350.2418,355.7607,356.8220
382.5116,380.4484,378.8946,378.9939,377.6059,378.6445
464.9492,420.8676,422.3609,420.2869,419.4517,418.2670
366.4073,367.1458,369.8120,369.1749,367.3543,368.8194
347.0274,354.4045,355.1675,355.2675,355.1374,354.4982
303.9433,338.6264,341.3307,340.6327,339.8340,340.1308
304.1231,328.3958,331.4627,331.8877,330.5466,330.9372
355.8657,343.9976,344.2758,342.5339,343.8441,346.3022
380.3600,380.5483,380.8220,380.2521,379.5231,379.8633
385.2401,387.0582,389.7089,387.2586,386.8428,387.8818
345.8794,359.4589,359.7884,359.4095,358.9684,360.0031
389.3929,377.6279,376.7332,377.8259,376.7924,377.7083
367.4385,385.4364,385.4633,386.7646,387.0637,384.3252
348.1308,360.5401,361.1847,361.2123,358.0915,362.8717
457.0824,448.4443,449.0222,448.2842,448.8295,448.5823
384.0455,391.7256,390.6848,391.7130,390.8906,392.9944
376.7895,368.7780,366.3140,365.2672,367.0852,364.5843
429.2498,420.5308,420.4192,420.9276,421.5927,419.8953
424.9001,398.8228,397.5864,397.8426,397.8241,395.3649
361.0049,340.0406,341.9707,341.8630,342.5325,341.7684
349.5228,349.0661,346.0607,346.9852,346.2576,347.3601
354.5451,351.8576,347.5705,350.4564,348.9788,348.9222
407.0773,411.4146,412.9656,412.8669,412.3982,415.4097
412.2755,382.8016,385.0133,386.1733,384.3344,383.4694
318.1252,312.9006,314.6181,317.4289,317.9163,316.7967
401.4236,390.2637,391.8710,392.9426,391.7595,391.6836
375.6948,391.5092,389.0229,389.9924,387.7328,387.7281
361.4283,372.1401,374.8464,374.8997,371.5140,371.4930
378.8628,397.0659,398.9290,397.7674,394.9091,396.9256
328.7551,328.3902,326.4231,324.4177,325.2864,324.5416
370.7069,366.5047,365.7562,367.1489,365.7191,368.4310
369.0240,357.4109,358.8348,358.5636,358.0754,358.2508
418.0223,407.8103,409.5770,407.5300,407.4965,411.6412
364.7038,353.7036,351.6609,353.8050,353.6883,352.6247
284.6487,278.9268,278.0253,276.8106,279.0911,279.8896
373.2122,363.7282,363.3231,363.0679,366.3576,366.1052
372.8172,376.2614,379.0352,380.9008,376.3544,377.0478
339.0893,332.5821,333.1146,334.0471,333.8624,334.8496
314.0930,322.7223,323.6707,322.5291,319.4837,321.8150
404.0524,406.4119,404.3318,407.5005,404.2696,406.0664
391.8366,379.2953,382.0043,380.6647,379.6994,379.7712
434.2352,428.9063,429.4168,427.7365,427.8595,429.3189
402.6675,401.1455,401.1391,401.0233,400.5114,399.5135
323.7092,310.4156,311.2201,311.7373,310.9198,310.5011
341.4188,360.7120,358.8523,359.4055,359.9349,360.1647
359.5291,359.0344,362.8904,363.7615,360.6139,362.5758
405.2156,411.4254,412.8115,410.4756,410.1582,411.4780
349.4491,339.5719,340.2021,340.2289,339.7338,339.2799
357.5126,354.9763,354.4780,354.6575,352.3765,353.6823
357.9363,351.8984,348.7312,351.5517,348.3193,351.1973
358.2825,362.5985,365.0372,365.4753,364.7256,364.4437
425.6635,426.6867,425.8139,425.3264,426.4161,427.1744
357.8849,339.5683,340.4276,339.3799,338.7049,339.5279
346.5661,356.0795,359.4352,358.5230,358.3348,357.2505
378.7821,368.7704,369.6079,368.5722,371.1333,369.5439
345.3776,354.7679,358.2804,356.6110,358.0093,356.5676
361.6039,353.7458,355.3863,355.4559,355.5928,354.9784
422.5579,402.4043,405.3917,403.3528,404.6860,405.4844
353.3279,352.0182,352.8809,352.2584,350.6482,352.8668
360.8554,357.8953,358.5898,359.8750,358.9042,359.4172
364.3870,361.9750,361.5415,363.8092,362.7382,360.2702
320.5901,319.4533,318.9423,318.4580,319.1820,320.0705
348.6086,371.3958,374.3091,374.2207,371.5438,374.5534
355.3059,361.3584,360.6262,359.1018,362.5486,359.9651
335.0648,314.0975,314.4584,313.2582,314.2670,316.7738
347.3893,361.8393,358.0251,360.7824,359.6480,357.3217
403.8575,424.5359,423.3865,422.4810,422.2170,426.0111
362.5101,353.5767,351.5035,352.7004,351.1112,353.3934
355.4041,343.3737,340.7095,342.0321,340.6290,342.4215
382.7211,367.5052,367.1050,368.9315,366.8670,368.7329
359.3783,371.7562,370.0697,371.9153,372.2971,371.8459
325.5642,337.2624,337.7635,337.4893,337.6952,339.1383
365.5638,358.5877,356.9196,357.6558,357.6059,359.3473
337.3747,342.1573,341.8848,341.2714,343.0946,340.5696
322.8951,343.7913,342.1211,342.2816,342.6928,344.2598
371.9296,377.4923,376.7117,376.3299,375.4576,375.3956
425.3818,417.0360,417.6463,416.1775,415.7216,416.0714
413.1340,391.9889,390.3838,392.8023,392.2635,391.4180
357.1761,346.2003,344.9198,344.9684,346.2387,346.9030
384.8420,403.9256,402.6927,402.1735,401.8416,404.1377
352.1765,367.0717,365.8712,367.8022,366.9772,365.3169
415.8567,411.1466,417.5611,414.8808,413.5529,412.2947
378.3047,352.6287,353.1848,353.3641,353.5125,355.5330
359.0278,373.2490,372.6940,375.4777,376.4269,374.4152
392.6890,400.2859,399.7073,401.4756,400.1352,399.6278
366.2897,401.1887,399.9660,403.3885,400.7752,399.4190
451.0723,434.0034,435.0071,433.2725,432.7053,432.7825
333.9749,338.7739,338.8613,339.8289,337.5322,340.6630
378.9802,385.6591,388.1168,386.6125,385.5263,386.4272
387.2476,397.3833,396.0738,395.5074,395.5863,395.9375
329.6472,350.1420,347.7568,349.0217,347.2721,348.3014
412.7570,393.7691,397.1207,395.3847,394.2523,397.5959
338.5426,365.0670,369.4379,364.8614,367.1456,367.3065
327.1659,362.8254,361.5064,364.8157,364.8173,362.7514
361.4134,370.7371,369.3646,368.6329,368.4522,367.5310
417.2831,393.1761,392.1905,394.1324,392.8778,392.4225
326.7397,323.9371,326.1169,327.2247,324.3605,324.0695
381.3500,399.1668,399.9100,398.1968,400.6128,398.8544
349.1378,358.7453,357.5096,358.6811,359.6151,359.4167
374.8020,355.1706,356.7200,356.9291,356.3711,354.5557
364.7476,370.8587,370.4961,372.8396,373.9787,369.5019
400.5425,407.8341,404.4121,403.4780,404.1594,403.6079
362.3399,360.8677,360.0387,360.0402,360.6533,359.1600
307.7736,320.7035,323.8812,322.4660,318.6741,318.2861
345.3514,348.0370,349.5909,347.3838,348.4092,348.6254
384.9469,366.3804,366.7928,366.9183,365.2103,369.2321
372.9104,379.3228,376.9470,378.3597,378.1040,380.5438
424.8430,405.9482,408.1114,407.6913,407.5952,407.0097
358.9048,388.4918,391.3112,391.2187,389.2239,392.1261
382.0342,373.1166,372.7899,373.7131,373.9407,371.5084
410.2156,381.4272,381.1173,381.4071,383.1469,379.8258
389.8250,376.3357,377.0295,378.3130,378.8967,377.7250
384.4678,392.3090,393.6466,392.9660,394.6752,391.1384
370.4893,384.5103,385.2397,384.0680,385.2663,386.6926
329.3868,354.2138,351.4087,352.8926,351.5824,356.5154
338.8836,364.1327,364.2589,363.8531,363.5572,365.3001
354.6228,366.6127,367.5163,366.6840,367.6424,366.8817
381.6585,367.0704,366.8414,365.7291,365.1624,364.8537
364.0704,362.8827,362.9451,363.2712,363.7386,363.3791
385.9146,395.0370,390.8367,393.8721,394.5618,393.7063
362.5056,363.9315,362.8600,363.5727,365.0680,363.8646
362.0886,360.6905,362.6481,362.1445,362.8832,362.4930
301.5669,328.5149,327.4882,329.8447,326.6826,330.9043
343.9311,343.7882,343.7508,343.3154,344.2055,343.9886
409.2632,402.9895,401.2237,402.3686,399.9785,403.2107
387.1096,371.1995,370.9620,372.2651,370.1146,372.4699
364.4320,345.3876,343.5768,344.7069,342.4920,343.4474
390.9021,380.3127,381.6155,379.6847,377.7222,379.6781
375.1960,352.1845,350.6602,354.0021,351.0106,353.4625
366.4759,380.6535,379.4840,382.1740,377.6499,379.7869
391.8535,398.8106,399.5774,398.1294,400.7340,398.8840
375.4025,369.6596,369.0781,370.7088,370.9993,372.1589
365.5553,374.0939,374.1059,373.0513,374.1174,371.8609
345.9357,337.6501,337.1048,337.0990,337.0937,336.0336
364.8823,383.6837,387.0793,385.0176,387.4716,385.2298
394.2209,434.7199,436.8705,436.4392,435.2511,436.1450
339.9549,371.9237,375.2286,374.3871,373.6763,373.5050
356.8762,362.0687,363.9047,359.6702,359.9820,360.2628
352.6619,366.1904,368.4939,367.9328,367.3394,367.5212
403.8356,378.6518,378.0616,377.6367,377.7773,375.7875
371.2714,377.0000,377.8091,378.8795,377.7222,375.0913
324.2331,356.0898,358.4848,356.8712,357.3585,358.1337
371.5664,374.2841,375.3688,375.8069,374.7192,373.0868
375.8040,390.2751,390.5281,390.3898,391.3891,391.4814
419.2188,427.0935,429.8094,430.7010,429.0440,426.4430
399.7086,386.1136,387.5379,386.4205,387.4945,388.9104
336.1636,363.3970,364.9014,363.0595,361.8600,363.6536
351.8301,335.8703,331.4574,332.7813,334.3821,333.4292
345.3129,354.2919,354.7826,353.8276,353.7314,356.3496
370.4522,383.1768,381.6229,382.5150,382.0398,382.4988
326.2016,349.1631,346.0423,346.4619,348.6931,348.6093
373.1503,405.1872,404.5034,404.0046,404.1294,403.5887
336.6978,357.5913,357.6105,355.4532,357.1857,359.9040
383.9481,363.8166,362.7828,363.2948,363.2966,361.1257
425.9159,412.1749,417.9091,414.8837,415.4789,415.1810
374.6071,403.5378,402.9813,403.6168,403.9476,402.3080
363.4223,379.0704,378.1085,377.0458,379.5820,378.3534
387.9665,405.2477,401.9868,401.4171,402.1365,400.5008
317.7579,326.7950,328.8428,328.1558,328.1443,328.1988
413.7970,428.8704,427.3379,427.9073,428.7618,426.0855
377.1683,358.9712,360.2000,360.9061,358.8577,360.6020
429.6471,398.2289,397.4477,398.2535,398.2487,396.9359
338.3951,350.6689,350.6594,350.2450,349.1786,350.5911
402.9571,388.3225,390.1472,390.4074,388.3754,389.3773
389.5283,375.9559,374.3251,377.0384,375.3694,377.8346
385.0651,355.1857,358.6151,357.7267,358.2364,357.9709
415.4007,431.5489,427.5878,426.5748,429.5187,426.0974
384.9950,383.9169,382.5380,383.1005,381.3464,383.2094
393.7680,392.0795,392.3264,393.0218,389.9554,392.7372
390.9168,391.7439,392.4519,392.1030,394.7456,394.3385
408.2911,368.9339,366.8131,369.5655,367.0262,366.9872
373.1846,389.0560,387.5248,389.0256,388.7701,389.0381
365.3988,351.1285,352.3542,352.3340,351.0728,347.9141
382.4508,386.2520,385.6620,385.2448,386.9109,385.1112
403.7451,386.6572,386.0418,389.1311,389.3185,387.8890
344.8750,337.1546,337.2908,335.8735,336.6100,336.6758
349.1747,359.0181,356.8719,359.4838,357.6012,358.3150
404.9376,391.7542,390.4930,392.2859,389.4377,389.1352
414.5835,383.8208,390.0348,385.4753,386.6036,382.9513
418.0542,402.5952,402.5445,404.3135,404.0056,401.5932
365.7415,378.8982,379.5755,379.1847,380.8600,380.5735
369.0511,366.3584,367.2385,367.9212,366.7163,364.7969
334.7041,338.0636,336.5370,337.2386,336.4013,339.3987
399.1427,398.2710,395.7697,395.5865,398.5080,395.7658
407.6526,435.3670,436.8432,438.0400,439.6057,437.8640
387.5333,386.3838,385.8158,384.9614,386.0871,385.7145
379.1042,373.2212,371.6450,369.9692,370.3430,374.0134
427.7039,399.9732,399.1316,400.1222,399.5097,399.8049
321.4124,320.6942,322.5959,321.7537,319.5393,320.2637
424.5541,437.5009,438.6204,436.1490,438.5710,434.6033
323.7962,360.6024,358.5761,359.9846,357.1445,358.4291
361.3990,368.2532,368.1642,370.3156,368.3385,367.6153
354.2566,357.3787,352.6240,355.5463,354.9089,354.5272
406.3896,422.9173,422.7730,422.7749,422.6638,421.7466
333.7121,352.1769,350.9036,350.9971,352.9046,349.8657
400.6855,415.0497,415.9563,415.8848,416.8616,413.5558
393.6313,376.5430,380.6994,375.1996,373.4483,377.1279
412.1054,396.7457,396.1248,395.8522,395.4632,394.0165
396.1976,385.2081,384.9443,384.6803,382.9661,383.1852
382.6242,408.3182,405.6833,407.4917,409.7371,409.2335
408.0822,386.3195,389.0392,387.3511,387.2973,388.5273
368.7559,360.5211,359.6732,361.8179,359.7482,359.2370
350.8588,350.8629,349.4473,351.2065,351.5460,351.7422
404.0605,376.1655,376.7904,377.8182,377.3060,376.0449
396.0917,383.1663,385.9177,383.9178,383.7752,380.3036
343.2159,351.2468,350.5228,352.5134,351.3633,353.8680
351.0901,372.6118,374.7537,373.1168,373.5698,373.2176
305.0436,308.9025,308.3193,307.6261,308.5382,310.0970
384.0977,383.2902,382.0412,384.2661,382.1861,383.4912
365.4428,355.2519,355.8399,356.2599,355.9310,355.0034
411.8357,415.6206,414.7240,414.5362,414.9828,413.9956
370.9799,337.3793,337.5252,336.5664,337.0185,338.9035
367.6002,377.0020,379.0100,378.8365,380.9680,378.2146
388.7115,373.2755,374.6170,374.3572,373.8096,374.5066
373.7783,372.5725,371.0394,373.5816,374.3698,372.2866
380.0109,392.9149,393.0012,393.9791,390.4042,391.2347
376.0379,364.9880,366.1656,365.1374,365.1021,366.0369
351.9006,354.2683,354.0125,350.3662,352.0950,353.6008
405.3966,415.3508,417.6505,416.7069,418.2891,416.3281
397.5981,401.2599,401.5986,403.5106,399.8967,400.7996
452.3468,412.7593,415.8317,414.5199,415.0158,412.3760
368.8198,363.2656,361.6116,360.6311,359.3657,362.0136
423.6574,390.2833,390.7646,387.4574,385.6806,387.6390
390.8492,381.5687,380.5214,381.0253,380.1333,380.0522
341.9593,334.6056,333.4624,334.7404,336.1554,333.5999
399.1775,376.6599,377.1674,377.5153,377.1591,377.4419
370.8759,339.2955,338.4042,338.1224,338.0176,338.0729
406.5178,405.5588,404.8086,405.4150,404.3322,403.4012
384.6660,380.4557,383.3339,384.0496,382.5850,384.0821
341.9203,352.4583,351.6998,351.2070,353.8049,351.7687
376.8961,376.0472,377.7898,378.7112,377.3756,379.2934
386.4172,380.9262,381.2149,382.0106,381.3983,381.7373
382.6672,388.5649,386.6228,387.1014,387.5801,386.8301
444.0641,402.3144,402.8573,402.6624,404.4335,403.6268
385.9106,371.4572,372.5051,372.5706,371.6358,371.0864
389.6926,386.4482,387.6047,387.0937,386.3264,389.8733
406.8261,387.9161,388.1589,387.3275,389.0272,387.7491
348.2347,396.2360,396.0839,397.1552,396.3515,396.8784
344.9959,323.9259,323.0257,322.5079,322.6803,322.7510
335.9935,349.7366,348.8542,352.0617,351.9374,349.9473
417.0582,391.0402,390.2985,391.7320,390.8043,391.4290
439.2402,438.6898,437.9950,437.9910,437.1227,437.0950
409.5665,400.1943,396.9100,400.4830,400.0144,398.9297
375.6293,369.0914,370.9861,370.2924,370.4165,369.7426
415.0702,388.1935,387.3920,387.9543,387.4859,387.3449
362.7017,391.7965,395.3676,394.5586,393.7428,396.4555
347.5249,352.4985,354.3256,352.2592,352.6182,353.3244
366.8278,355.2198,354.0201,354.0120,351.7457,355.5807
445.5325,414.4234,412.4878,412.8372,413.5329,415.4918
404.7265,381.7238,381.6354,383.3918,383.2906,379.4651
382.7591,385.9998,389.9727,388.9895,389.9366,390.2638
358.2732,346.6160,348.9979,346.6550,348.4939,349.1681
364.2971,354.8546,356.5907,356.8955,356.5003,356.2475
367.0015,382.4218,381.9567,381.1412,380.2452,380.4534
351.6888,359.1412,360.2462,357.9252,357.0814,354.9361
372.9944,364.9836,363.3442,363.2462,364.2484,362.3918
346.0661,338.2237,338.9716,338.0388,339.3619,339.4406
406.8812,423.1924,421.6339,422.0468,420.6140,417.7685
409.0624,400.2470,399.8219,399.1392,399.9610,398.2075
362.6234,362.6677,364.6359,363.9476,363.1269,362.6342
420.9360,401.8821,400.3856,399.0075,399.5413,399.9388
346.0428,344.5512,343.1800,344.1895,343.4849,344.7817
346.9768,370.3634,371.5517,373.3238,373.6328,371.3202
388.5659,378.6789,377.5430,376.3405,378.0495,377.4479
386.8348,404.4414,402.9976,399.9199,402.1567,401.0719
351.3013,358.5061,359.4440,359.6362,356.4950,356.2739
365.3049,372.9170,373.0575,374.5206,374.4288,373.4775
359.8166,360.3296,357.9927,360.8369,361.8405,360.2647
409.4993,407.6699,410.4016,410.0369,411.4224,410.2124
373.8365,361.7799,363.1121,363.8977,362.0538,361.1429
368.5117,368.2109,367.0774,369.3175,367.4285,366.2088
393.6119,375.0137,374.3164,376.7024,373.5939,373.4651
368.4081,372.0955,378.4535,374.0603,378.9638,375.8089
325.7841,318.2077,317.3506,319.1741,318.4332,320.0514
376.8631,398.2598,395.9051,397.9821,399.9213,397.0726
385.5976,380.5122,379.4297,378.9050,380.7011,378.0054
398.8112,388.2985,388.3700,388.6079,391.3103,388.8912
408.1053,387.0192,384.4704,387.4452,386.5886,386.8473
326.5472,331.9517,332.1655,331.6897,330.7350,333.4276
348.1256,339.9664,341.5524,340.3615,340.2949,340.4678
354.8834,368.5367,369.3897,367.4137,368.3923,369.3098
376.2719,381.8612,382.6938,382.9662,385.3631,381.8133
361.7102,384.2364,384.2274,385.4981,383.1085,384.6057
454.5593,436.3477,438.1729,441.5967,437.6784,437.2116
359.1407,379.6877,379.1974,381.8905,381.2243,380.2019
361.5575,363.6940,361.4829,362.1907,362.3147,362.0169
372.2687,390.0684,391.9529,389.3685,387.7522,390.3172
350.8551,364.9475,364.6351,367.2093,364.9767,364.0605
399.6580,402.8974,406.7098,405.0589,406.4444,405.5643
322.1763,327.4475,324.1493,326.3809,324.7019,327.6766
393.9518,385.5953,386.3095,385.7694,387.2445,385.5027
346.6352,348.5539,347.5612,348.9930,350.4074,349.3503
368.9288,365.9544,364.3135,363.9764,364.2833,364.8704
363.7607,367.2232,370.0464,369.0523,367.7054,369.5659
338.6794,332.6416,332.7469,333.8364,333.5335,332.9866
375.5712,395.4191,395.6436,395.7521,397.0405,397.0808
369.3559,366.7532,367.2342,365.6323,366.9229,366.4832
338.0971,350.9079,351.4624,350.9283,354.5113,350.6056
348.2012,346.3575,346.3391,345.9902,344.7908,345.5375
424.1903,408.1984,409.6220,408.2576,409.1886,409.5214
376.8390,402.0744,401.9324,401.6147,401.6245,401.2813
399.9856,391.7082,392.6496,393.3120,394.3099,395.4918
363.2286,345.3767,343.5118,345.7169,344.0287,345.3435
341.8489,330.9267,332.7310,329.9412,332.0511,330.4946
347.0988,365.6458,365.8339,367.3456,363.5822,365.2911
428.4992,402.7692,402.4306,403.5036,403.5236,401.1179
442.4280,412.8276,415.0644,414.8625,415.2587,414.2114
390.9590,371.0390,370.5182,367.9042,368.1855,369.6176
378.6525,381.6376,378.6425,378.5792,379.0314,378.9523
370.4661,360.1843,364.1643,360.4561,361.4347,361.6082
340.7944,350.5282,350.4841,348.2755,351.3076,347.5460
383.3762,376.1519,374.5426,377.0540,374.9159,376.6490
334.9752,345.7993,348.7515,347.4356,347.7231,346.8705
361.9135,392.9061,393.1835,392.0417,392.3967,392.3675
392.5949,373.3008,374.4649,376.1102,374.6493,374.3308
341.8390,361.0735,361.1393,360.7260,361.5236,362.4004
392.2327,392.2084,390.7828,392.7986,391.5572,390.7046
359.3600,359.1729,361.5112,361.3062,361.2788,363.1724
399.7080,388.8362,389.2589,388.4285,389.8999,390.3148
399.2041,393.8765,394.8547,394.7282,395.2081,394.6897
350.7068,349.1686,350.0309,349.8893,349.1675,347.1326
415.8977,423.6971,422.4592,422.4957,424.7144,421.3093
376.1487,381.9182,383.9959,381.7912,381.1241,381.9263
382.1525,353.3396,351.4953,351.7749,351.2985,353.9656
409.3721,380.2065,380.8274,380.6533,380.0809,382.4684
361.2283,364.5384,364.6834,365.1777,363.3359,364.2064
417.9668,401.8902,405.3859,403.6178,404.4610,404.5526
394.9504,404.8481,403.7576,403.6415,405.8006,402.3398
395.6225,393.3988,395.4634,396.6964,398.0810,395.1801
369.0938,357.2284,360.3679,360.1359,359.2908,358.6855
331.3340,356.9549,357.6009,356.4976,357.3193,355.4406
364.0959,376.5150,372.5852,374.1846,372.6547,374.5386
333.7089,363.8268,362.9178,363.4748,363.5406,365.0389
370.5301,365.1062,363.0112,366.1495,364.2744,364.7432
392.0918,410.7264,411.3289,413.2176,412.9502,407.8971
313.0561,326.3716,328.4759,326.9297,329.1877,328.9752
356.1170,357.1216,355.3590,354.4524,356.3232,353.4195
394.5428,391.7657,390.7034,390.8962,388.1790,391.9345
388.8035,374.9547,374.9175,372.9495,373.8754,374.3515
362.9695,389.8027,389.2719,388.9887,388.9045,389.5835
337.6411,364.3671,364.9240,365.9568,364.6781,364.5992
365.1862,362.5257,363.9576,364.0025,363.3700,362.3253
408.9071,404.7874,406.8692,403.3250,406.0018,404.3302
382.1131,371.6638,369.4587,372.8595,371.8377,369.5665
364.4072,348.2063,347.8828,346.8545,349.2505,348.3838
348.0411,368.3904,373.4373,370.1924,370.0547,370.8076
366.7114,363.3336,360.8353,362.0623,361.0949,360.1820
371.6198,380.1942,382.1695,381.4289,381.9236,381.1151
352.6716,349.1272,347.9148,347.0071,347.4051,348.4413
375.6361,380.4057,377.1143,380.2989,380.6071,379.7466
339.2495,338.0819,334.9544,337.3863,337.0926,335.9181
355.8145,364.2366,366.3316,365.1570,365.3206,364.2121
365.3032,363.0496,362.3774,362.7995,362.4241,361.9893
414.3315,394.0490,394.1724,393.4563,394.2061,393.0975
379.2786,351.6513,351.8053,349.7393,348.8453,351.4331
330.8902,325.6037,324.6238,325.2377,323.6155,325.1564
387.6966,388.9426,386.7778,388.7379,388.2330,388.1046
391.2959,398.3151,397.7885,397.6613,396.6165,397.8240
380.8087,364.5951,364.9740,365.9326,365.1006,366.9653
415.7699,405.5660,406.5806,406.9418,403.6778,405.8073
375.8341,382.3781,381.2325,381.3731,383.6689,383.3193
368.1038,384.2796,384.4365,384.0970,385.4383,382.7888
333.5947,351.8509,349.1773,349.7812,350.9541,351.3132
399.3059,380.1824,380.3956,379.6520,380.3754,382.3599
374.0856,378.7734,380.3043,379.0479,379.3270,378.7658
407.4931,392.3680,393.6032,392.9827,393.3677,393.0245
404.1956,376.7815,374.1561,373.1639,374.7414,374.7440
403.6906,408.3296,410.7227,408.6686,409.3077,410.0309
422.8833,415.2075,413.9051,415.9528,416.5453,414.7336
407.0562,415.9621,415.4724,415.6181,413.9567,417.0370
393.6302,388.8225,389.3610,386.3147,387.2047,386.6219
408.8385,398.7193,396.9167,396.9112,397.0103,395.6765
330.3940,330.7537,331.1215,328.8641,328.8730,329.7102
395.8841,382.2802,382.8094,383.8839,385.1145,382.2365
404.8918,413.9425,410.1758,410.8353,410.8755,409.0952
360.0556,385.7615,387.6248,385.2724,388.2393,386.7893
454.8328,434.4148,439.1486,438.2407,437.0378,438.6161
445.8825,462.6440,463.6065,465.2151,463.3815,462.3578
429.4426,406.6548,407.7707,406.0506,405.6096,407.4512
320.4800,344.2443,347.2899,344.4089,345.8971,346.4000
384.3941,390.2645,391.5882,392.2909,389.5378,391.5714
380.0182,355.6429,357.3687,357.5073,357.9770,359.3556
444.1242,403.5586,401.8189,402.5671,403.9115,400.9016
395.6961,400.0067,397.6265,400.0717,400.1631,400.7181
387.7772,403.0641,402.0687,404.1989,401.8640,402.8827
397.4501,380.4992,380.6793,381.4651,381.2554,381.0261
351.7733,321.3335,321.1575,322.1240,322.6185,321.3075
417.3079,407.2779,405.2260,407.2877,406.3990,406.2260
402.5836,395.2581,392.1690,394.2966,395.9855,393.7386
388.0438,371.3075,367.8025,371.3177,371.1124,370.2599
362.2053,353.7037,352.3688,353.6326,353.1758,354.0000
362.3628,388.0915,389.0264,389.3709,388.9779,388.6405
350.0055,344.0111,345.9937,346.0943,343.3396,343.8478
346.0058,345.9620,345.1335,345.8373,346.3793,347.7203
385.1232,391.8185,391.2227,389.1980,391.3812,389.2730
317.4642,321.5920,322.2651,321.5962,320.2162,322.9533
350.6834,352.2527,352.5573,354.0919,351.8316,351.2705
364.4221,374.9447,377.0551,375.1631,377.5395,376.6620
343.8852,355.7179,356.6140,358.1426,359.5261,354.8908
411.8817,395.6991,396.5247,396.0333,395.4407,394.6323
360.9593,378.2533,376.5819,376.9932,378.9972,378.7342
380.1935,386.1075,388.0272,385.5266,386.3628,388.4558
370.4482,401.9046,399.9761,397.9600,398.8411,401.0331
413.3569,405.8493,405.6306,405.9716,405.1829,406.4648
396.8178,390.1256,388.0483,387.2944,389.6037,385.3880
358.4522,371.3854,371.6968,367.1930,369.2948,371.3404
359.0183,370.4971,370.0622,370.1844,370.6524,372.4533
404.0075,408.0535,406.9520,405.4938,406.3484,406.0786
415.9542,409.5182,411.9621,412.3767,414.2146,410.3482
372.0262,385.4033,388.2388,386.9888,388.1813,387.1241
375.9264,371.5666,372.7667,370.6761,373.1420,373.4688
345.8801,327.1073,326.8174,329.2262,328.3852,328.6338
366.0204,361.8683,361.8970,362.1053,362.8669,363.3542
348.7287,361.3567,363.5792,363.8389,363.7462,362.2729
367.2767,354.3467,357.8640,356.5973,355.4448,355.1935
353.2359,351.5793,351.7041,350.9222,350.1494,352.2215
348.6875,364.9424,366.0008,366.7257,363.7599,365.6727
383.2333,372.4145,371.3486,370.5092,369.1574,371.4948
392.0255,380.4689,380.3355,383.6293,382.0095,380.0307
464.8315,414.9759,414.6611,413.9394,415.4555,414.0335
338.0895,356.2535,357.9261,357.5063,355.5462,354.7728
361.2665,352.5276,352.3004,351.3612,351.9661,350.4943
388.2661,404.0300,404.9223,405.9487,406.0715,404.6562
391.6921,387.5270,388.6927,385.8334,386.4120,387.1133
348.7061,365.9509,364.8912,364.5568,366.7482,363.9107
422.9252,405.8212,405.7137,406.5525,405.1312,403.2952
407.4822,409.0555,410.4852,409.8945,409.4480,408.7665
369.5254,372.7611,374.0768,372.9730,373.6107,373.8656
405.2362,389.3077,391.6445,390.2921,390.7990,389.2965
412.3038,418.4879,416.5684,416.0403,415.7125,417.0691
401.2952,398.3138,398.8736,401.6197,397.2086,402.0331
381.8391,377.9263,377.3253,378.9757,378.4955,376.9751
364.5512,370.5427,370.4477,370.4811,367.5043,370.9386
296.6503,316.2797,316.4746,317.7797,315.5903,316.5612
382.1555,375.0620,376.9738,374.7238,375.2325,374.5589
397.6809,388.2838,390.8623,389.6674,391.9467,387.9049
332.5664,335.4845,338.3146,342.8970,340.8475,338.4288
399.7493,378.7196,379.1952,377.8100,379.1795,381.0116
398.6381,395.2447,399.0288,397.3445,396.6172,398.0046
403.7752,393.6223,393.4163,393.6213,393.5962,392.9090
374.0317,394.1974,395.1335,392.5384,394.0051,397.3598
367.6874,349.9886,350.4552,352.7183,350.7219,350.4266
404.2295,408.1577,405.6661,406.6555,407.4673,405.9371
392.7091,391.7915,393.3415,390.5148,392.7298,391.7136
364.4344,362.1964,362.0978,361.0069,363.1762,360.7910
390.7545,360.1284,359.3410,356.7680,357.8666,359.3236
460.5247,410.5480,410.8100,409.0626,408.8844,410.3839
307.5269,339.0222,339.5178,343.2474,339.3042,338.0807
355.1172,371.3386,372.7006,372.6100,371.9509,371.5320
373.3210,383.2822,382.8293,383.2577,382.4807,383.7102
348.9029,394.2966,394.3623,394.1798,395.3817,393.7349
393.6877,393.8850,392.8477,392.2452,391.0281,390.9233
354.5742,360.5114,363.4127,361.1755,361.7928,360.3051
385.4751,374.1045,372.9618,374.7843,372.4606,372.9332
337.6108,327.9991,325.3910,328.9698,327.8578,328.3000
405.8789,390.2396,388.4824,390.9628,390.4498,391.4951
373.8749,393.9333,391.9538,390.8749,390.0664,392.2063
381.8611,381.3753,381.6435,382.0745,382.4154,381.7545
373.4845,386.3624,384.6544,385.6734,385.1774,381.5300
335.3165,375.4989,371.9960,374.0777,373.6190,373.5792
366.3022,371.8008,372.7366,372.6936,372.3890,371.2577
417.5107,420.2372,421.0371,420.3464,424.5275,422.4601
381.9722,390.0134,389.4844,387.6658,387.5960,386.3994
390.2446,384.8625,382.7923,382.2997,381.8703,381.3476
365.0479,377.2989,380.0540,379.2905,381.0458,379.0671
381.2875,392.6441,395.2374,393.4339,392.9362,394.0685
422.5253,391.0879,391.1877,389.3927,390.6064,391.0312
293.2433,284.4128,287.7772,289.4336,281.6295,283.7245
403.5358,405.8702,404.7389,403.6708,406.3644,409.6523
393.4115,398.8486,393.0654,393.1509,395.9654,393.7954
409.5409,403.0594,401.5064,405.6535,403.6401,403.6674
354.4179,348.7442,350.9626,348.4050,351.6473,349.4458
388.2392,373.9260,374.3210,373.1401,374.7564,375.2064
427.6814,413.8919,411.6623,411.7636,412.8416,410.7235
391.0328,396.5465,400.1387,397.3741,399.0287,398.5214
411.3433,391.6184,389.7907,392.6823,389.2421,390.0366
382.2860,385.2537,386.5181,387.1698,385.7135,385.3595
376.7176,368.7809,364.8479,367.8591,365.6963,366.9191
405.4306,388.4310,392.9642,389.6316,388.6344,389.1322
382.3940,393.2077,393.2144,392.9076,393.4402,395.8110
356.2417,351.7798,350.7070,352.6310,353.3536,352.8760
379.4056,375.2684,376.4418,373.8309,373.7732,377.0559
378.3956,363.8319,364.2903,365.5703,365.5935,364.4580
348.4916,378.3806,379.2466,381.3002,377.8491,379.1789
378.8610,371.4168,374.4258,372.5448,374.7532,373.8242
414.6166,402.4000,401.5318,402.9448,401.6548,400.4332
312.2821,328.1422,323.5982,321.8648,323.1230,324.1147
416.0663,420.3456,420.4362,419.0752,420.8229,420.8600
400.2976,368.9670,370.4932,371.4899,370.8051,369.5312
344.7808,346.8027,346.0223,346.2075,346.6301,348.2034
384.5720,385.9729,385.6981,386.9636,385.3601,387.2842
386.8736,383.6446,384.0614,382.3544,381.2840,382.8296
423.0630,409.5577,408.6768,408.0965,407.3610,408.6943
452.0702,469.5331,476.0156,474.0790,476.1715,474.3276
344.1848,355.5808,354.8678,353.1671,352.6135,354.0792
367.7311,374.9916,373.8681,376.3254,374.8453,376.1582
354.2261,369.1821,371.5392,371.3573,370.1424,369.1792
423.9480,404.3167,405.5492,405.1253,405.3960,405.3467
300.4747,311.3595,306.4860,309.1691,306.0227,308.6787
354.6825,330.8654,328.1714,331.0967,328.1132,329.7886
375.9459,380.7315,380.4386,382.1374,381.7928,381.4971
316.0678,311.8776,311.5813,314.4685,312.3347,313.8283
323.6078,321.9453,322.8325,324.9549,324.5799,323.3729
341.3852,348.7632,344.9919,348.0776,349.7553,347.0698
443.0497,409.6246,413.3640,411.9963,415.2571,409.0058
388.9924,392.5502,394.9383,393.1664,394.2574,395.0288
336.4189,325.8429,325.3951,327.2334,322.5544,326.0817
344.0917,343.6350,342.2080,342.1339,342.1473,342.2152
328.2657,334.3298,332.6341,334.1117,331.0572,333.7350
368.8277,382.7783,384.0285,384.2906,384.8856,383.2405
346.1715,344.6963,342.9116,342.9498,343.7581,346.8882
350.1971,362.3854,364.4892,361.4738,362.5031,363.0614
338.2911,331.0146,325.6761,326.5163,328.1744,329.0763
346.5342,356.5941,356.8021,357.0014,355.7569,356.3345
395.7013,394.1767,394.8863,395.7351,395.8083,398.3357
356.0429,357.5785,360.8170,359.4600,359.5910,361.4405
358.5336,364.0040,364.6175,364.5470,363.9967,366.2246
349.6022,332.8381,332.0807,332.4796,330.8057,331.3276
386.6095,381.3010,382.6892,380.4308,383.5943,380.5606
393.6702,374.1852,373.0258,375.4436,375.7306,375.9038
355.6940,371.1604,373.3936,373.3483,369.5981,377.8221
363.8671,386.6731,385.5615,386.1051,386.8281,386.7159
348.5328,358.9790,358.8881,356.7117,357.4086,358.8833
327.2126,317.1613,320.8992,319.8895,319.8300,318.2044
336.8899,334.3032,335.1980,335.9227,333.8101,335.7359
363.4984,367.7710,367.9119,369.5315,368.0502,368.4096
345.2885,371.5382,372.8404,372.5982,373.8323,371.0311
424.8382,391.5017,389.2683,390.1991,392.5318,391.8084
307.4553,322.5770,324.1686,322.7017,321.8462,321.8359
312.4300,339.4004,342.1170,340.4713,341.2533,338.8584
395.7419,397.9764,398.1828,397.7125,398.6104,396.9353
380.1940,372.7039,374.4312,372.5427,373.8870,374.6378
389.9466,371.7978,371.1934,372.6322,370.8596,373.1982
373.7508,385.0760,384.8137,384.2057,382.7294,382.1219
345.0801,339.2802,337.8855,337.3616,337.7258,337.2522
327.9590,339.5736,338.6424,338.8352,340.4717,339.5819
330.2850,315.5804,314.6973,316.4338,316.2033,315.7338
422.7913,410.5217,411.9700,412.9295,411.8905,414.0296
350.0594,341.2651,342.2769,343.5482,340.9509,343.3769
379.2593,369.4448,371.9580,370.3564,371.8268,370.9250
335.2869,360.1426,360.9238,363.0458,359.0123,361.7428
352.8227,368.7436,368.9813,367.2336,365.5776,364.5195
394.0377,386.9851,388.3085,387.6796,387.8157,388.6854
388.0896,369.5656,367.8056,369.7972,371.0817,368.3410
330.6471,349.1069,347.0846,350.6939,350.9048,352.4881
336.5494,345.9128,347.0892,346.1268,346.1876,344.6419
355.7704,372.6087,371.3562,371.3510,371.2379,373.5894
392.9117,405.3997,406.4167,407.3788,407.5315,403.9833
433.6623,429.9282,430.4595,428.2616,428.9901,428.1207
425.9914,420.8270,418.0533,418.0265,416.5676,419.0822
369.1479,361.5079,361.8347,360.6611,362.6365,360.8207
427.5030,413.5607,413.0890,413.3874,413.5569,415.0727
376.9220,368.6393,366.6983,367.4020,367.3990,367.2080
313.7597,348.2423,348.9599,346.0712,347.3872,348.7767
349.0613,340.5608,341.4430,339.2786,338.7877,341.4869
395.5835,387.9547,388.9983,390.6572,388.6453,388.0440
455.5726,431.6607,432.5704,431.3976,433.7541,433.0987
376.4079,359.5982,363.1882,363.0861,360.9452,364.2868
432.2122,415.5958,414.8836,415.0993,416.2482,415.7645
334.6865,330.4986,331.3926,330.6049,330.7625,330.6714
361.8611,363.8758,364.1117,364.8066,365.3115,364.5708
415.8745,389.6008,390.4643,391.4966,390.4723,390.1559
361.8976,364.6202,363.7475,365.4500,363.6168,365.8348
416.9635,421.4808,419.3564,422.6444,421.9985,420.9025
338.0294,338.0796,334.0913,335.7046,334.8135,331.7802
328.9852,354.2501,354.2399,354.0168,354.6111,354.9901
341.5286,335.4582,334.7599,333.6920,334.6060,333.2627
388.3634,378.0645,376.6660,378.5228,379.1070,377.0736
450.0836,427.8806,429.7194,430.3230,431.7310,430.1251
390.8924,383.9766,384.3651,384.4970,385.1708,383.1483
337.6767,344.3435,346.4073,346.0436,346.0138,346.8019
377.8447,395.6296,396.1084,395.4134,398.5550,396.0566
407.8655,364.0885,367.5428,367.6864,367.0393,366.9391
349.9134,361.5870,360.6385,358.0458,359.5885,360.8034
368.1610,361.9722,364.9536,363.3804,363.8943,366.1708
384.7677,422.0168,422.1605,422.0214,423.9310,423.8924
371.6265,372.1665,371.9772,373.7456,370.5400,371.1349
353.2908,378.4220,381.9662,380.7502,379.8552,378.5651
395.0113,385.1138,385.0715,386.1588,387.4073,384.1597
376.9489,381.3453,382.6177,380.8424,383.9604,384.4579
326.2170,335.7076,333.1725,333.2184,334.6999,336.9975
319.9042,338.4163,334.2764,337.8531,335.3175,335.5246
438.3542,402.0459,405.9315,402.7431,403.8939,403.9399
376.1241,377.7869,379.7281,379.2727,380.8364,378.2863
323.5554,323.9587,320.6710,322.0205,319.6780,321.8153
305.2793,325.5431,322.7441,328.0161,325.9529,323.7121
352.2193,326.7122,326.5153,330.1930,326.6682,329.3718
319.5375,338.0296,335.2517,336.2101,334.9205,336.6041
358.8725,346.3840,343.4940,343.1032,344.5112,344.3802
367.5320,372.8938,373.9613,372.2350,371.5563,372.5383
384.6978,356.8327,354.2122,356.7484,357.8515,355.6256
376.6133,366.3065,367.9073,367.0419,368.1255,369.1813
349.9747,339.4929,338.9723,339.6957,339.8917,338.4978
364.5101,353.5157,352.1403,355.0332,355.1060,354.0462
389.7736,391.2824,394.7247,391.5939,392.6948,393.4615
375.1814,347.6627,348.4296,347.8396,345.5115,348.2996
362.0346,350.3174,355.1551,354.5254,352.5985,354.0623
317.2392,337.3554,337.0349,337.3335,338.0082,338.0225
429.6747,451.1231,450.4091,452.4003,452.4569,450.4237
349.3424,363.3292,363.4794,365.1285,361.1020,363.0371
312.7180,322.7712,322.7776,320.8507,321.0954,324.3750
351.2155,361.0469,362.2799,358.7093,357.7168,359.5262
385.6129,388.9681,387.8651,386.5705,388.7642,388.1877
410.7876,393.1885,393.5715,394.2407,397.2474,396.6637
328.1606,336.6618,338.4336,335.7054,337.7970,337.2935
369.9743,352.4394,356.0268,354.3897,354.7470,354.2518
451.2671,419.6531,419.9522,423.2884,421.0280,419.8486
322.2496,282.3581,285.7034,285.6357,281.1278,281.7051
424.5953,406.8263,406.3219,405.2561,406.3053,404.2960
348.6329,352.6130,348.6713,351.6755,352.3908,349.7769
347.2693,352.3259,351.5321,350.6128,351.9048,352.6420
397.6276,379.9762,378.7998,379.0764,379.9001,375.7928
325.8671,360.9891,362.4521,360.5620,361.1344,360.6148
458.4580,433.4228,435.3077,435.2130,435.1754,434.6432
400.7295,375.5338,374.0609,373.7770,374.3026,374.4219
354.1630,368.4083,364.3412,369.4934,367.2495,365.3602
377.9537,383.1932,382.6283,381.7789,382.1315,381.5022
408.1982,397.0620,395.8811,395.4279,395.2729,396.3383
387.4024,398.2611,400.0330,400.3978,398.0757,397.0566
361.7773,346.4481,348.4433,348.1083,347.6689,346.6292
409.1274,372.8110,373.1386,372.6695,370.6324,372.4440
369.8841,387.3321,386.4063,387.9664,385.0006,389.9533
380.3548,388.8122,388.0600,388.7773,390.1119,390.1785
396.7321,397.3110,398.8926,398.3655,397.4293,398.7934
385.8462,372.6527,376.3851,376.5488,375.5187,375.3378
355.9995,378.6120,377.9585,378.9106,375.7748,376.7388
351.6659,336.4227,338.1873,339.1656,336.8560,338.7593
328.7313,346.4544,347.2544,345.4704,347.3811,348.6117
388.6880,394.1645,394.6265,396.4824,396.3592,397.3536
352.1768,351.5286,352.7441,351.2931,351.3428,352.0386
321.4880,331.0337,330.3241,330.9687,328.9770,331.5202
345.3854,350.1254,347.4656,348.7361,350.6187,347.0290
439.9698,430.4266,428.8210,429.3668,430.4038,429.7050
370.3512,381.4455,380.9915,382.3679,382.3050,381.9641
351.3090,364.5134,362.7799,363.8713,362.9483,363.9747
419.2632,397.6896,395.7289,397.3109,398.1129,396.3294
369.6378,343.0301,343.7949,346.0687,343.4886,346.6016
354.0836,357.5276,357.1838,360.8236,357.9551,357.7327
375.2319,371.9340,373.7362,374.3914,372.4666,372.8113
342.1743,331.0605,332.1580,331.9611,331.9553,330.8439
409.8254,415.9443,414.8500,413.5990,414.0733,414.9679
382.1905,395.8372,393.4386,393.7100,394.8187,395.3280
400.1464,380.1645,378.5650,378.3173,378.7424,379.4002
358.7086,351.5265,349.5943,350.2402,352.7156,348.1237
417.5394,401.8217,406.1983,402.1611,406.0148,401.5118
370.6486,370.2738,371.9785,370.4753,368.9846,373.8820
375.1031,377.7442,379.6473,377.7326,377.4340,378.4718
346.5014,366.8502,366.7332,364.2821,364.2495,364.2402
425.9951,422.6466,421.5242,421.8290,421.1507,419.7647
401.4551,404.7044,405.0681,405.4567,404.5560,407.2903
394.4825,383.3897,386.2901,384.0720,382.8975,383.8599
363.9611,361.4788,359.7255,362.0548,358.4569,361.7129
372.1108,364.5751,361.8919,362.7383,361.3635,362.2735
343.0085,366.2784,365.8818,366.9005,366.6639,368.1253
381.3823,366.8462,364.4236,365.3191,368.1328,365.5410
398.5884,378.3749,381.3414,380.9133,378.6269,378.5248
331.1430,359.2019,357.7537,360.3388,360.3545,359.1903
356.6099,383.3584,381.7466,379.6373,381.9409,382.5505
353.5606,394.5260,392.9468,392.2280,395.2793,394.7736
368.5578,389.8456,390.0271,389.1959,392.8682,391.0252
349.3765,343.9226,346.8537,345.2216,345.4048,344.9432
346.6797,350.8171,346.2460,345.0335,347.8443,344.2666
390.0347,400.0317,401.5943,404.7351,401.1451,403.7282
347.9348,362.8944,362.2622,366.3382,363.2478,365.1099
377.0748,366.1235,366.5144,367.6625,366.6625,364.6036
393.0699,391.5635,391.5531,389.2840,390.8887,393.1521
370.6218,368.3185,371.0988,369.2326,370.7726,371.5929
356.2668,349.4001,352.8399,351.1470,352.7497,350.4358
364.0729,371.4976,370.9289,371.9292,370.3298,373.0555
430.5183,420.8932,424.0346,420.7004,420.1715,421.3587
371.6904,360.4639,358.9689,359.2895,359.6390,359.5632
403.9928,412.7312,416.2321,415.1251,415.5794,415.1249
397.9207,411.6388,411.1560,410.8088,414.7737,409.4215
369.5668,369.6011,370.7557,369.2977,370.3055,369.1887
357.6971,376.7033,377.2809,376.9714,378.7838,376.5778
400.7616,398.0649,399.4409,398.3992,397.7283,400.6334
382.5606,407.9323,408.5620,407.1188,407.0684,406.6654
414.1059,395.5779,394.5475,397.3758,396.7366,394.6877
401.0049,394.6822,393.5061,394.7883,394.3014,394.1624
416.0391,408.3967,406.3992,406.5190,409.1147,406.1397
330.0968,303.5895,300.8961,298.9889,298.7856,301.1842
302.6085,294.9026,294.7071,297.1389,294.5487,297.3698
381.7703,370.0206,369.8547,368.6792,368.9661,369.7829
416.9465,411.2716,410.0300,410.5607,412.1791,411.9398
362.7546,369.7563,369.9922,371.6288,371.2543,373.1490
361.5794,353.7442,356.9635,354.2405,355.6337,355.4677
364.7595,350.2083,350.4715,350.8926,350.0202,351.6971
408.5467,391.6255,393.2789,393.0794,391.1722,391.8601
356.1417,361.6111,363.6278,360.6465,361.5021,360.3566
383.2662,391.5976,392.7848,391.3812,390.6063,389.1718
335.5098,350.6148,350.5679,348.6492,347.6120,348.9914
349.4221,330.6110,330.0039,330.2561,332.8493,332.1418
341.0216,356.1347,357.5472,356.2929,356.0871,357.7112
374.3490,367.1746,368.4157,365.4597,364.8816,367.4611
367.8904,347.1288,346.5682,346.6709,344.5771,346.3538
441.8220,442.1045,446.5649,444.9710,444.6765,444.6971
348.0794,363.7935,364.6687,361.5279,361.2188,362.1100
397.6377,406.2231,407.5011,406.9124,406.2181,407.4593
402.1228,392.8880,392.8925,393.3368,393.5481,394.1892
330.3257,332.6699,332.0859,331.8582,331.6591,332.2763
439.0482,417.0608,418.7825,416.6660,418.0625,419.0720
368.6789,354.9903,352.2408,353.0030,354.1277,353.9466
352.1747,368.2386,365.8510,365.0177,367.1457,366.4248
391.0942,397.4319,395.1929,395.4813,394.4467,394.2310
400.8726,383.8690,385.7172,384.5758,384.3020,384.0142
381.4496,362.7609,361.0085,361.8825,362.7333,364.4449
386.0433,379.9620,381.9736,384.2782,382.0930,384.2509
364.8823,370.6011,371.1344,370.5642,368.8945,370.9036
385.1497,361.0311,363.8416,363.7374,362.9752,363.0871
323.5838,335.1633,336.9055,336.0093,336.3327,334.6134
414.4329,405.4317,405.1614,406.0163,407.0082,406.1361
414.6812,398.5257,400.4392,400.5289,399.2363,398.9555
445.5603,411.5443,410.6308,412.5069,414.1723,412.5722
419.3139,383.4040,384.1967,381.8422,384.0814,382.5976
415.5726,413.2017,413.2401,414.0841,412.7819,413.7278
344.6028,346.8132,347.5125,348.3821,348.9115,348.1002
418.8057,402.0340,405.2460,404.9411,402.9111,402.5256
417.3104,402.1159,402.7428,402.9437,401.8441,403.0058
417.0309,420.8795,421.1583,421.7654,420.2414,423.6882
368.6494,345.2092,344.0063,343.0348,342.1090,342.7834
319.4526,342.4084,344.5181,347.3846,344.8814,344.6020
329.3836,349.1789,348.9627,347.6196,348.1453,349.7777
405.3678,399.0013,401.4746,400.8371,401.6491,401.0318
379.3981,376.2821,375.6298,376.8647,374.6242,374.1751
372.1625,368.0326,369.8006,366.7492,369.7610,368.5170
358.5932,361.8535,363.1604,360.3803,362.1984,361.8168
421.5785,397.6917,397.5183,398.7772,397.3143,398.1369
357.1965,382.1863,383.1509,382.2720,382.6805,381.4207
360.9394,378.6171,379.7014,377.1896,378.3021,378.3401
366.9256,371.3447,367.5800,371.7406,368.5990,368.1168
414.5635,406.6346,408.7564,406.8846,407.2020,407.6823
330.3536,350.7724,350.0221,351.3257,351.7543,352.7968
358.3448,371.7816,371.7809,371.8585,369.2760,370.2728
425.5809,390.4593,390.9418,389.9506,393.4097,388.5745
336.1066,348.3676,350.2905,348.9616,350.5110,349.2899
389.5320,428.1902,424.7609,425.7792,427.2386,424.8648
374.7240,368.8699,374.5100,372.2465,375.6068,372.9133
410.8164,379.8549,382.3101,381.2337,381.0738,380.2537
415.3490,410.0458,413.5196,411.2949,416.4030,410.7763
362.1718,362.6002,362.6618,358.8127,360.4151,358.3290
419.8855,402.9452,402.7577,404.2659,402.5982,402.3334
327.4847,339.8735,335.0291,337.5884,336.2870,337.1678
395.5327,378.0093,378.3637,381.4036,379.4996,377.9947
366.3296,370.1605,366.7753,369.5154,370.3336,366.5241
422.7920,398.5473,402.3606,400.4630,400.5850,401.5244
418.8101,422.8356,425.2395,425.0324,424.6434,425.9339
342.8511,350.6524,349.4820,348.6501,348.7888,348.7032
326.6705,338.5247,339.9834,336.3950,337.5085,338.3109
407.2908,427.7144,426.6350,426.9668,426.8841,428.9136
370.2731,359.7088,363.9162,363.3431,364.9138,364.3885
364.2463,380.3390,379.9046,378.3949,378.7602,383.2310
377.0737,388.9990,389.5191,390.4461,389.3200,388.7297
407.1403,395.7897,398.5126,398.3210,396.4071,397.6157
373.8257,385.6539,385.3309,382.8779,383.6543,384.9521
318.2760,324.4452,324.4226,325.5858,324.9892,324.3377
388.6344,399.8895,400.0309,399.4348,399.8319,399.7330
392.7634,380.6718,381.8308,381.0942,381.5315,381.7722
356.8327,367.0501,367.3787,365.7998,368.8737,367.1187
405.2113,395.5927,396.1923,396.5688,396.8415,397.2108
442.9603,426.6969,427.0955,425.9124,429.4462,428.8374
401.3277,403.2767,402.9290,405.5834,402.9102,403.6856
368.5741,363.8941,362.9424,364.3588,364.5656,361.7936
311.2651,307.2747,308.7963,310.1092,308.8448,308.1577
376.2561,394.4915,397.8817,395.3151,396.5610,397.2121
288.4106,291.2008,292.2391,292.1551,290.2492,293.0643
342.4107,380.7974,382.8347,382.7675,383.3088,383.4957
416.5739,412.5481,414.8634,412.4702,414.4566,412.1978
453.2805,404.0201,406.1030,404.3355,406.4797,403.6438
393.7869,406.1775,409.5445,407.6492,409.7033,409.6414
359.9006,357.1373,353.7239,359.7868,353.0954,354.5082
330.9772,352.1159,350.2279,349.4453,350.4536,349.7721
384.8565,378.4816,378.0899,378.2649,378.7659,378.4208
410.9410,410.5787,408.3836,411.1301,409.8450,409.9510
363.2453,358.5867,359.6987,362.3100,358.8461,359.2693
331.3905,342.8939,344.2105,343.3668,344.0095,345.4065
427.9904,406.9973,409.7361,406.4900,410.4996,409.5054
334.3889,343.5632,340.0911,342.7827,343.4343,342.0522
415.0464,395.1025,393.0987,393.5964,394.7582,395.4278
467.0007,415.2914,417.3647,418.4310,418.0550,415.0308
382.1695,377.6337,377.6173,378.0748,378.6050,378.7527
383.5483,386.3714,388.5542,385.8926,388.6948,386.4391
354.6595,348.7432,348.1878,346.7357,345.7489,347.4039
382.0247,408.2262,406.2091,406.9176,409.8558,408.2789
341.7607,333.9856,334.9462,334.5283,334.7316,336.0446
353.4161,341.3065,340.8654,341.5756,341.0951,342.7737
340.9685,320.7259,319.0640,317.3964,319.1155,319.3750
402.9082,388.4532,388.8159,391.8296,390.3081,389.8792
396.2703,410.4476,411.3157,409.5274,412.5919,412.4217
413.2312,428.9929,431.6632,429.4399,430.9537,429.9520
