true,pred1,pred2,pred3,pred4,pred5
365.8869,389.3294,395.3631,383.5836,394.1844,389.2717
304.9546,309.3217,316.4481,309.9153,320.2473,316.6108
361.4368,371.2650,372.1664,369.8348,371.9755,376.2689
360.1403,372.1427,370.5594,375.6764,375.2261,366.8624
334.8007,342.7178,344.7682,346.3199,342.3009,345.4729
440.2627,418.3208,418.1912,402.4351,426.1132,418.6452
328.3493,326.3441,335.7443,320.6135,324.6634,321.8690
366.2561,372.3545,370.6238,370.1880,370.2291,371.1475
357.4685,395.5054,394.9818,388.5905,390.9202,382.1782
353.0170,362.8873,365.0844,357.7400,360.4984,370.2818
381.8796,375.1480,366.7603,367.3688,370.5346,366.3024
359.5296,366.7854,368.1725,357.1968,359.4192,363.7169
355.4878,360.3056,361.5931,356.9778,348.4388,358.9385
374.8454,376.5537,365.2818,361.7783,360.7275,364.5970
365.0687,378.9610,378.1854,374.6136,372.9869,377.8964
363.4244,357.5806,355.2787,349.8071,350.2857,352.1111
347.2417,338.8095,340.0249,344.1668,343.6870,343.3267
355.1904,371.0370,367.2117,377.4743,368.6711,374.1748
368.0445,376.3716,369.8742,370.9518,367.7445,372.3264
375.3332,401.9316,399.3902,405.7159,401.7819,401.0308
396.7330,395.2845,388.7533,385.0363,396.5938,401.9943
363.8777,354.9999,372.8427,353.2037,341.9373,355.8141
374.4044,384.3361,384.2252,385.5643,388.2137,390.0911
389.3313,384.0208,381.0023,383.5561,382.9583,377.8601
349.9657,373.4503,369.0914,379.2024,367.0812,378.7541
424.3187,395.4294,401.1503,412.0164,401.8824,396.2446
315.8220,360.3555,346.8567,349.0252,352.6698,347.9338
412.7356,391.7124,401.3766,390.1641,390.9706,396.6853
388.4928,370.2300,372.2557,371.3676,360.8007,369.2948
352.4738,379.9334,377.1754,371.9480,375.4593,381.1487
413.2829,391.2665,376.5016,382.4447,391.9639,397.0923
397.2378,367.0143,365.5683,367.3749,370.6298,359.7106
400.5688,409.3727,411.4955,410.0194,406.1508,406.8076
355.3838,376.3500,373.1609,371.2045,375.2985,371.5755
405.8914,405.8445,409.7632,401.6418,400.1401,405.5524
403.2814,380.3397,374.6924,374.3804,367.6013,386.9923
399.4342,413.2191,417.6055,419.0731,413.6790,411.2502
387.8970,385.4154,380.9026,383.7607,383.7561,381.6713
390.1959,394.2414,393.3759,389.0235,401.8153,394.2853
361.7298,377.0756,386.3650,382.0977,380.4435,378.1154
343.0489,336.9355,328.6167,325.8579,331.1594,334.4117
353.5444,352.9056,343.1523,349.1436,349.6160,355.1720
320.6480,315.8992,330.3234,317.0344,329.1974,319.0205
420.4463,414.3667,417.0487,411.1587,419.1484,414.2615
399.9127,418.1887,411.2581,412.5234,413.7426,400.8369
398.1201,384.6730,392.9993,389.8787,391.5817,384.3636
377.7695,401.1471,408.4222,401.6678,396.2632,397.2684
375.2797,363.5522,350.2912,352.7638,355.0451,355.7801
385.9886,356.1990,363.5856,361.1078,364.7445,362.2034
395.2118,390.4488,397.7375,397.2254,404.3604,391.2910
362.2159,367.6010,364.1152,368.9071,375.1626,375.0618
378.6614,404.1781,417.1583,412.1283,403.9508,403.0808
403.7501,392.4316,390.7636,397.1907,391.7199,387.6053
374.8107,380.9981,365.3561,369.5489,375.9237,367.4939
346.5289,350.5970,345.4300,348.9799,340.2177,343.7874
382.5116,386.6040,384.8796,387.7243,386.1676,384.8157
464.9492,410.1694,408.4851,410.0014,410.0667,411.3078
366.4073,374.1649,373.4297,374.5127,372.2535,378.5685
347.0274,354.9286,349.1126,348.7641,345.5663,356.8955
303.9433,334.5684,331.6384,333.8921,340.4465,330.1598
304.1231,321.3560,325.7660,325.4025,328.1592,339.8492
355.8657,350.8722,340.5082,351.0011,341.2772,341.8041
380.3600,375.3450,383.1562,368.8317,376.7679,373.5420
385.2401,385.9959,402.5641,393.6444,389.6165,403.1121
345.8794,372.0223,368.8626,374.3030,369.4499,375.9918
389.3929,379.4860,364.3147,376.2627,370.2652,373.1066
367.4385,379.3792,381.5804,386.0732,379.5130,377.7048
348.1308,364.8522,358.8363,354.3704,366.2842,365.6428
457.0824,445.7441,437.7793,459.7890,457.8985,445.0054
384.0455,381.4313,384.8661,384.7092,381.8460,387.5465
376.7895,362.9707,368.5671,368.4659,369.3046,365.5836
429.2498,441.1210,438.0010,437.5381,445.4015,437.7213
424.9001,404.4679,413.8429,398.9477,405.3766,407.0912
361.0049,343.8395,350.7096,356.1072,356.4905,348.2467
349.5228,344.9653,342.6352,335.6009,336.4119,337.9029
354.5451,361.3904,345.9929,352.8467,356.1718,354.8085
407.0773,421.6705,422.8762,428.3066,422.9552,425.2091
412.2755,382.9771,386.5780,379.0255,385.3127,373.6364
318.1252,323.3614,327.9669,320.5633,327.2158,324.4637
401.4236,388.9464,387.9705,390.0807,379.8782,389.3680
375.6948,380.9034,374.1629,374.3160,369.8649,378.7061
361.4283,367.8018,363.6881,369.2149,355.8400,373.5999
378.8628,399.7591,394.6113,398.0797,395.9744,397.5908
328.7551,322.8423,318.2115,326.3759,328.1112,327.1688
370.7069,362.2119,362.1113,355.8716,360.9916,352.3347
369.0240,362.5747,373.0479,371.6373,360.4657,367.1826
418.0223,400.7777,400.5044,399.8873,399.5039,407.0894
364.7038,355.3531,362.2396,355.4607,358.8924,357.7239
284.6487,292.6534,293.4319,285.1564,294.9914,286.2412
373.2122,366.8746,368.8526,365.9772,375.8995,368.2805
372.8172,371.2036,380.3849,377.3026,384.3029,381.8735
339.0893,324.2748,330.6660,334.2182,325.0666,324.7752
314.0930,323.9287,323.5072,322.6889,323.4922,326.6809
404.0524,411.2819,398.0502,412.4207,397.6452,409.8924
391.8366,380.4060,386.1125,385.4746,373.6894,377.9702
434.2352,418.6482,421.8275,434.1380,426.4083,427.3403
402.6675,405.9659,403.1714,401.2274,402.6768,409.3266
323.7092,313.7499,304.0465,315.4208,315.0223,313.9181
341.4188,371.4263,368.7264,379.3804,365.6436,364.1440
359.5291,366.8408,358.1319,363.3330,383.6313,370.3418
405.2156,415.5200,413.3911,413.5240,427.0250,424.2097
349.4491,345.7385,339.9917,341.2539,347.7493,348.5802
357.5126,350.3631,349.5354,351.9149,357.5241,358.0061
357.9363,346.5299,357.2821,351.8740,351.2519,356.6440
358.2825,368.4041,363.8973,365.8934,371.3520,359.6904
425.6635,407.0690,418.0388,415.7940,429.0197,411.2491
357.8849,337.6480,341.0002,335.9770,339.8681,343.2625
346.5661,359.4207,363.1643,364.0581,358.7702,358.2649
378.7821,372.0472,373.0062,367.0692,377.2133,369.7076
345.3776,361.7099,354.0245,363.7449,362.0103,362.6877
361.6039,350.8337,356.2948,357.0290,351.8113,346.6549
422.5579,406.2208,400.5562,401.1032,402.4047,404.2616
353.3279,359.4094,366.2647,359.6224,360.2854,367.4419
360.8554,352.6506,356.8478,353.6398,347.3538,350.4877
364.3870,360.1632,357.1070,357.0180,354.5916,353.0945
320.5901,307.8990,310.8669,316.9738,311.0384,315.9848
348.6086,381.0998,374.0793,372.8606,369.5501,378.9164
355.3059,350.1230,350.0370,351.1300,352.5891,349.1011
335.0648,301.8474,306.1851,301.3073,302.6185,310.7775
347.3893,354.3864,359.3039,356.2719,352.5758,358.1339
403.8575,407.9265,416.4658,410.4675,412.1786,414.8954
362.5101,352.1427,361.0984,365.4332,359.1690,357.4268
355.4041,345.7669,350.3973,346.2491,341.1057,349.5358
382.7211,375.6763,386.5023,384.4566,379.0725,394.5146
359.3783,378.9435,382.8500,371.8404,362.2303,377.9625
325.5642,337.2089,331.5325,339.1759,339.9700,341.5420
365.5638,360.3875,362.8431,367.7179,367.0659,363.3215
337.3747,331.1027,337.0693,336.0421,345.2736,335.7344
322.8951,358.0826,353.0476,357.0782,350.9143,345.7526
371.9296,366.2991,369.4293,370.9372,367.6186,369.1386
425.3818,404.4319,415.9688,409.3484,412.7518,404.5526
413.1340,391.5959,400.6953,399.5991,403.4187,392.5797
357.1761,348.8688,341.7365,350.2435,346.6559,341.0638
384.8420,395.3357,389.9776,393.7673,393.5546,391.1292
352.1765,365.6312,360.8949,371.7816,368.3478,365.2050
415.8567,416.2686,415.2500,427.3040,428.2867,427.6142
378.3047,360.4543,357.6170,367.4829,351.9035,370.2415
359.0278,382.6734,375.6648,387.2238,389.7620,388.3624
392.6890,392.0573,395.5818,397.8570,387.1646,392.8426
366.2897,390.5034,399.2190,395.5229,398.7499,399.4628
451.0723,434.3939,433.9991,448.5358,434.2400,431.1554
333.9749,335.9534,338.1054,341.1120,329.5677,340.9670
378.9802,388.4535,392.4907,388.3221,380.6298,376.8430
387.2476,409.7757,397.2913,399.2194,398.1771,401.0506
329.6472,350.7374,349.0822,349.0242,351.8308,350.9439
412.7570,392.5612,399.7963,388.3272,403.0742,397.1353
338.5426,367.5064,371.3685,374.0214,368.4430,367.2371
327.1659,360.7687,347.5477,343.5418,346.3796,352.0616
361.4134,355.6049,355.6900,347.3748,348.6436,349.4703
417.2831,389.1382,396.9102,391.6870,393.6711,389.0752
326.7397,330.5395,339.4426,333.7303,333.3016,332.1508
381.3500,392.1726,392.8011,396.3800,397.0403,397.5337
349.1378,360.4910,353.4769,358.6128,357.7508,360.4607
374.8020,346.8611,335.4110,340.9946,341.6239,353.8874
364.7476,362.0772,358.2936,366.3877,362.1365,358.7059
400.5425,388.0934,394.1489,390.8716,389.8651,392.1693
362.3399,369.3356,363.1817,362.6233,368.3870,356.9135
307.7736,319.6056,319.4257,316.5864,315.7146,320.5724
345.3514,341.1017,328.2902,348.3450,345.3694,354.4958
384.9469,366.4672,374.2377,372.8964,367.4390,367.9289
372.9104,368.5827,372.0324,363.4194,374.4539,366.4550
424.8430,421.3868,421.0823,419.3560,424.0692,420.5876
358.9048,393.4302,401.3753,396.1103,396.4958,404.5004
382.0342,361.9283,363.0569,368.8277,367.5306,359.6552
410.2156,387.2168,377.5168,382.7876,382.8228,381.5138
389.8250,378.7429,381.1305,385.1108,372.1959,377.2256
384.4678,385.2166,385.5101,381.1995,382.0830,385.5203
370.4893,380.1861,375.6687,380.5544,380.7778,379.4428
329.3868,356.6038,351.7930,356.9708,354.5782,360.8645
338.8836,356.7539,370.4350,363.5143,360.3938,360.6448
354.6228,362.5589,369.8743,368.7805,370.3173,363.2945
381.6585,361.6540,355.4479,357.3864,364.5600,361.0144
364.0704,369.4274,370.1664,368.4270,369.9821,361.4563
385.9146,377.5128,395.3081,393.4307,393.4857,388.3187
362.5056,362.1561,345.3736,359.5533,361.9353,361.1302
362.0886,361.7136,354.1172,357.5091,353.2125,359.3734
301.5669,338.5406,318.4468,334.2241,313.1122,317.0071
343.9311,350.5239,337.6551,338.6662,335.8812,342.1289
409.2632,386.0521,389.1760,396.1589,382.8801,379.2112
387.1096,379.9232,384.4383,387.2321,381.7929,385.2476
364.4320,348.1704,343.6755,347.4622,347.6398,343.7607
390.9021,378.6736,383.3986,384.4232,379.4068,383.9854
375.1960,346.6332,364.2261,352.6420,352.5504,355.6030
366.4759,380.2334,384.1725,379.1305,380.5282,385.9907
391.8535,388.6421,393.6410,398.2675,397.3994,398.2361
375.4025,376.1551,374.4576,375.0912,367.9374,373.6202
365.5553,372.3066,385.5131,380.7655,376.0396,384.1145
345.9357,337.1417,333.7440,327.8716,327.9203,336.7271
364.8823,383.3986,376.4071,378.9215,382.6563,387.0397
394.2209,424.5277,437.7516,428.2038,436.8891,440.4294
339.9549,358.4792,365.6400,376.4406,364.6128,371.4911
356.8762,355.1659,347.9610,347.5253,360.1589,361.6911
352.6619,362.6070,374.5679,374.2832,368.1010,368.1363
403.8356,384.7801,389.9846,388.2119,393.0246,390.9676
371.2714,375.0004,372.6801,368.8298,376.2007,368.5428
324.2331,337.1108,342.4371,338.7554,338.8770,333.6362
371.5664,373.9286,376.7517,377.9535,373.0400,377.2627
375.8040,379.6394,383.7472,378.7553,382.0486,387.8655
419.2188,427.5441,422.9404,422.3091,430.8072,425.8883
399.7086,396.0691,385.7292,393.6136,387.1932,384.1990
336.1636,332.4424,352.2500,338.3438,343.6159,347.2391
351.8301,332.6601,338.7153,335.7125,336.3913,334.6677
345.3129,351.0135,353.9018,359.1362,353.3519,352.0088
370.4522,366.4242,379.3933,379.9704,383.9096,379.4701
326.2016,346.3463,354.9610,355.8482,345.3541,353.0760
373.1503,391.8232,394.4783,386.7838,392.1469,391.4898
336.6978,356.8172,361.3282,359.7740,358.3813,364.9283
383.9481,360.6047,364.5444,366.1016,359.1622,359.0950
425.9159,414.9734,415.6847,408.6069,412.2858,417.8354
374.6071,401.3557,413.6469,410.1978,404.1989,398.1510
363.4223,384.6671,376.1011,384.7674,384.3697,382.4477
387.9665,423.9248,412.6639,412.0598,418.1965,427.4883
317.7579,332.9487,335.6397,343.0151,332.1807,337.3371
413.7970,428.3658,422.8696,425.7552,426.7187,418.6208
377.1683,372.5578,368.3341,363.4704,370.5246,374.5314
429.6471,391.8069,394.5091,387.8289,389.1711,395.5208
338.3951,349.1265,355.9482,348.7402,351.8199,354.5085
402.9571,382.6317,361.6856,379.5236,389.7346,382.3604
389.5283,384.6145,379.5406,378.9321,374.0933,381.5769
385.0651,357.1591,349.1209,349.7470,349.7295,355.3163
415.4007,426.0356,418.0619,419.2155,427.5586,427.2841
384.9950,387.1536,376.9885,381.6886,376.5197,377.4722
393.7680,399.6043,395.5707,399.7285,400.5004,390.7146
390.9168,398.0764,395.4369,395.1739,400.4062,394.1292
408.2911,372.0000,366.4408,368.3646,372.0656,367.9827
373.1846,391.3686,390.5259,382.5983,371.5456,386.1855
365.3988,351.1475,346.5657,354.0229,342.7388,352.6234
382.4508,392.9471,396.6156,394.0508,388.1764,392.3489
403.7451,367.8817,367.4440,373.1470,373.9952,373.5971
344.8750,339.2754,335.5866,342.4638,341.5142,342.2678
349.1747,373.1167,368.6636,362.9800,366.4417,366.7655
404.9376,385.4678,387.0120,387.0719,380.3426,380.5839
414.5835,400.4923,401.6470,397.3972,399.3896,389.8233
418.0542,400.3754,390.7743,400.1270,397.8168,396.7019
365.7415,377.3272,378.6168,380.5574,378.5101,376.0673
369.0511,372.1768,374.3346,367.7506,371.7406,366.9435
334.7041,329.4389,326.4044,328.7336,320.6925,329.3118
399.1427,392.7732,396.1944,399.1903,391.8516,392.3227
407.6526,421.2576,437.2758,435.7312,434.4436,436.0850
387.5333,370.5147,380.8526,379.9855,375.5179,379.0152
379.1042,374.6423,372.8373,386.9099,373.0864,375.6186
427.7039,400.3371,391.2649,392.6459,393.3662,390.1771
321.4124,325.6414,317.3405,320.8435,318.0246,319.2429
424.5541,407.7699,419.4651,412.7190,424.8748,416.0150
323.7962,349.7434,349.5014,350.0215,344.9156,340.0270
361.3990,370.7837,380.3731,376.7469,376.3257,377.3219
354.2566,359.6126,354.9832,365.0449,358.4028,360.9980
406.3896,411.1645,410.3770,407.8246,412.7513,416.6618
333.7121,345.8125,348.0942,340.3303,343.9453,343.8277
400.6855,402.9636,409.4304,403.7693,401.3748,399.6004
393.6313,392.9000,405.0178,402.5228,402.4115,394.4686
412.1054,400.3258,396.4833,403.3588,393.9360,411.0952
396.1976,382.0273,375.8171,376.5487,379.2532,382.6312
382.6242,416.5739,415.1450,420.7169,408.5267,413.8456
408.0822,377.6377,385.7310,376.6952,387.9330,372.6444
368.7559,364.6361,362.2670,358.9081,365.0544,367.8598
350.8588,356.4718,361.0648,354.9245,357.1201,353.5200
404.0605,395.0074,386.0338,382.9205,394.6363,386.7719
396.0917,387.3104,390.4837,381.8222,377.7435,385.3535
343.2159,347.6268,355.7607,360.9763,349.6885,354.6371
351.0901,381.8900,364.0657,373.8326,374.8246,373.0912
305.0436,296.3508,305.4329,299.0062,300.9592,302.0445
384.0977,367.3155,363.1123,359.0404,367.7382,363.8659
365.4428,331.6016,346.2354,341.8839,346.6202,347.9199
411.8357,405.7990,410.6298,413.0923,405.8403,407.8847
370.9799,331.4398,330.6788,325.2604,323.1054,326.0080
367.6002,393.6821,392.6915,392.5820,379.1408,391.4536
388.7115,374.8748,380.7620,381.9867,373.9986,372.0312
373.7783,378.2186,379.7850,380.9292,377.3054,380.3701
380.0109,376.7140,380.2657,384.8620,385.4521,381.1252
376.0379,352.6767,355.6037,346.8522,342.3143,354.3814
351.9006,351.4004,350.2302,351.6087,351.7197,348.8378
405.3966,407.9113,407.5498,408.9632,401.3473,405.0912
397.5981,402.7841,400.7032,394.7093,395.8071,395.8146
452.3468,409.1599,417.0398,414.4695,406.3168,406.2244
368.8198,361.5655,368.8015,357.7861,366.6322,353.8567
423.6574,394.8047,401.2014,385.4708,384.2857,404.7393
390.8492,391.6414,388.7886,388.0143,386.6082,389.1133
341.9593,342.7651,340.1508,338.2051,337.2838,336.7844
399.1775,374.5417,379.5781,381.2524,382.2119,381.8710
370.8759,338.7244,341.4329,337.8607,341.8244,340.4386
406.5178,413.0746,409.0187,401.7047,408.3316,405.3777
384.6660,356.8259,364.8014,368.6279,365.6177,356.2815
341.9203,360.5020,359.8481,356.8076,362.0296,359.4903
376.8961,387.5203,375.2220,379.0109,378.4677,382.7297
386.4172,369.1534,372.7961,362.1853,368.2928,373.8248
382.6672,385.8763,383.4895,385.8121,384.1478,383.0403
444.0641,401.0514,395.5346,399.9876,400.0092,394.7347
385.9106,374.6362,380.0843,376.8433,382.1461,371.4761
389.6926,382.5462,378.5507,386.7266,382.5641,387.8796
406.8261,380.5999,378.7907,374.3248,378.7043,378.8031
348.2347,394.7330,389.9301,396.8617,383.0791,399.4057
344.9959,315.3717,319.6210,318.4815,320.9869,319.2393
335.9935,360.8073,357.3850,359.9105,361.0182,357.8991
417.0582,384.5617,387.5601,383.0130,381.3409,383.8382
439.2402,430.1642,429.7294,423.5772,433.3409,437.3944
409.5665,394.3481,393.1960,395.1781,393.0724,389.7597
375.6293,364.1446,377.7273,370.0034,371.5633,366.0945
415.0702,387.5135,383.9690,387.6136,374.6394,380.6916
362.7017,397.9102,405.2019,401.1728,403.6736,410.9775
347.5249,344.4593,349.9069,353.1496,349.0859,342.4603
366.8278,357.5178,356.3344,355.3154,357.2091,349.5089
445.5325,426.4757,413.2426,411.5988,420.4799,425.7759
404.7265,383.2222,380.4646,391.8459,381.7005,385.4121
382.7591,393.9423,386.5934,390.9726,396.0169,399.0516
358.2732,347.4831,341.1623,351.6238,341.6879,349.8397
364.2971,360.4622,357.0867,360.7874,364.4877,363.8114
367.0015,389.0144,381.3098,386.3193,382.9660,382.3160
351.6888,351.6851,351.9874,360.9987,361.8065,352.6834
372.9944,369.0007,363.4247,361.2210,369.2753,367.0634
346.0661,350.8172,354.2830,349.3920,344.2963,347.5168
406.8812,438.0075,434.6405,431.4076,421.2798,420.2193
409.0624,397.8431,403.0352,398.7872,392.9549,407.3288
362.6234,360.0054,361.7027,359.0512,360.5243,357.1670
420.9360,409.5932,407.6664,399.2828,395.6685,405.6670
346.0428,359.0800,347.2047,351.1680,344.7259,340.3731
346.9768,375.4546,381.3645,382.6300,378.9532,379.3474
388.5659,365.9163,366.2752,361.0072,366.6472,355.5083
386.8348,391.8388,387.4395,387.1057,385.3165,387.3807
351.3013,357.8326,366.7822,367.3366,361.3032,366.9813
365.3049,371.1576,370.5929,370.4052,373.4023,375.5120
359.8166,374.7658,364.5716,370.3156,369.8017,368.7753
409.4993,398.9806,400.4489,403.4611,408.7737,411.3342
373.8365,362.2477,356.3326,365.3589,357.4463,356.3985
368.5117,359.4985,359.2738,354.7908,353.2369,354.0823
393.6119,373.7726,378.0068,384.7249,380.8534,380.0541
368.4081,378.5344,383.0810,373.0631,377.4516,376.8153
325.7841,316.1929,315.4159,311.6248,310.9850,320.4201
376.8631,396.1805,399.0352,408.2421,405.0956,399.1242
385.5976,364.7403,374.6262,380.6456,374.9979,363.7454
398.8112,384.8204,382.6911,394.7149,388.4916,387.9893
408.1053,395.9632,395.3987,394.2227,390.1255,391.3141
326.5472,319.8737,323.6877,330.9698,325.3843,331.5486
348.1256,340.3210,340.5162,338.2495,339.6534,336.0627
354.8834,368.5633,360.3669,368.1144,376.5748,367.8979
376.2719,396.9532,385.0880,391.6092,387.1321,389.4044
361.7102,377.2515,377.1183,379.9847,383.2420,380.9782
454.5593,423.5850,436.5210,431.7033,420.8853,420.2980
359.1407,381.9296,381.1067,380.1147,382.6541,381.4859
361.5575,358.3659,355.7768,363.4940,362.9451,359.9236
372.2687,395.2716,394.9658,399.6833,398.8444,399.2290
350.8551,356.6344,360.7490,356.4557,357.1205,371.4231
399.6580,386.6132,397.1408,397.0884,396.6705,399.3279
322.1763,329.4539,335.1376,337.9840,338.2965,335.4716
393.9518,384.0783,394.4848,405.9341,394.3037,388.6002
346.6352,355.4876,354.6022,362.4538,362.5184,354.1803
368.9288,367.7737,361.3314,364.4464,360.4688,360.9580
363.7607,363.9886,371.7382,365.2120,365.9911,365.5401
338.6794,345.0508,352.3017,343.6490,332.2209,333.0904
375.5712,405.7069,395.0172,395.1632,395.8660,409.3232
369.3559,365.2628,365.6667,364.9600,367.9500,363.3269
338.0971,336.3485,343.5844,343.1468,345.2697,347.5710
348.2012,346.3128,356.8769,352.0096,358.7108,347.8879
424.1903,416.1283,415.9413,413.1556,414.2748,411.8849
376.8390,397.4342,396.6291,397.3466,402.6044,386.4511
399.9856,397.1451,390.8076,380.7862,391.7206,394.0162
363.2286,350.9748,335.2438,350.3215,338.8959,343.6967
341.8489,324.2321,313.4682,325.2440,321.5015,324.5857
347.0988,361.9349,367.9163,363.9420,360.9930,355.6912
428.4992,403.7019,401.8473,400.7753,403.2123,398.7356
442.4280,416.6531,429.4497,411.2876,422.7186,408.3514
390.9590,371.6810,370.1072,371.5832,378.7067,373.0716
378.6525,390.8023,399.2178,386.8746,386.9250,383.6593
370.4661,365.0489,372.6237,361.4155,359.9253,370.7018
340.7944,350.0645,345.5553,344.5352,352.9243,347.8436
383.3762,379.1000,386.1124,379.7331,377.9412,373.7673
334.9752,357.5204,356.8125,355.0589,351.7271,348.7932
361.9135,397.0376,391.5908,399.0739,394.7498,389.1385
392.5949,363.3743,367.4406,369.0930,371.9164,373.2693
341.8390,359.0345,351.7292,352.4087,346.2918,348.1436
392.2327,400.0324,391.8267,395.7657,405.8412,402.2444
359.3600,355.3200,367.1455,366.0241,360.3196,368.1264
399.7080,393.1653,384.7379,384.5149,389.9618,392.3087
399.2041,402.3925,402.8713,394.2292,398.0630,397.1815
350.7068,351.0822,346.3376,349.1093,347.8801,342.7280
415.8977,421.1032,423.1741,417.4683,421.0180,419.3849
376.1487,389.3318,385.3383,384.2468,380.6821,385.5534
382.1525,363.6855,356.1450,353.0241,356.7321,360.8526
409.3721,387.7336,390.4671,381.6213,378.9250,382.7805
361.2283,365.0565,371.4131,371.8769,363.5769,362.4280
417.9668,402.5312,401.0175,401.8154,396.5358,397.4119
394.9504,404.7702,395.3476,400.5323,391.1119,402.0233
395.6225,405.5583,407.7314,402.6147,400.5529,400.9728
369.0938,351.6904,349.5238,350.4198,357.6902,352.8993
331.3340,365.9724,367.4420,377.3787,367.6075,359.4180
364.0959,375.7491,379.6414,367.3445,372.5749,370.3051
333.7089,362.4215,352.9411,371.8584,357.4707,365.3007
370.5301,392.0745,384.5480,386.3989,382.3799,387.7223
392.0918,417.4714,416.0612,403.1176,413.7713,403.0460
313.0561,322.1446,332.4239,323.4752,329.6881,325.6470
356.1170,348.8787,358.1398,352.4612,353.7966,358.6565
394.5428,379.9852,376.1765,382.2023,376.6075,376.5827
388.8035,366.3402,365.2807,369.0530,369.0166,375.0122
362.9695,383.4741,384.3573,383.1189,383.3416,387.0490
337.6411,369.4611,365.5563,365.7960,363.0924,368.9057
365.1862,367.1055,362.6748,366.5188,368.3121,368.3056
408.9071,415.5903,396.7534,409.6886,405.4429,404.0360
382.1131,379.3542,383.3332,377.1288,377.9859,381.4962
364.4072,344.3899,345.0670,347.5787,347.6509,346.5719
348.0411,350.4814,358.8150,355.7610,364.1856,363.2179
366.7114,365.3605,358.4101,366.0665,354.1073,353.2667
371.6198,375.2903,387.3094,386.3356,390.3820,384.6218
352.6716,355.1173,355.1823,362.0565,361.0439,362.3870
375.6361,374.0753,385.2697,378.5767,367.1111,378.0700
339.2495,332.6684,336.7462,344.8814,342.5480,336.1325
355.8145,356.4890,361.4553,359.9864,358.4225,351.9148
365.3032,348.4121,344.4653,348.5655,346.9377,356.0974
414.3315,407.1167,398.0205,397.7934,396.1173,393.9856
379.2786,353.8626,359.2179,366.0067,354.6541,351.9206
330.8902,319.1935,319.7448,327.2676,327.8402,325.7057
387.6966,376.5910,387.8750,382.1175,379.0892,378.6954
391.2959,409.7593,403.2386,416.6927,407.1292,414.6673
380.8087,366.7018,365.9699,371.9258,363.6819,360.8643
415.7699,394.3093,388.5645,397.0816,390.3440,394.5573
375.8341,388.0868,383.3141,387.2528,383.6995,385.4193
368.1038,383.5987,386.2123,379.4980,390.7362,384.7161
333.5947,357.3284,343.1002,346.4885,349.4945,343.9166
399.3059,395.4673,397.6477,399.5287,391.2606,386.9771
374.0856,376.6417,372.7484,365.6555,376.4773,368.9977
407.4931,399.2638,400.5390,391.1761,393.6987,394.1457
404.1956,373.2338,367.1986,362.5769,369.5378,363.4137
403.6906,408.5233,405.5518,408.4707,405.6003,406.6757
422.8833,426.7154,425.8991,422.2028,431.3758,419.6771
407.0562,414.9873,398.6736,414.1073,404.4554,397.0632
393.6302,377.3085,384.7314,381.6440,382.8795,375.1161
408.8385,412.6118,412.0117,408.5044,412.2585,416.4750
330.3940,328.8943,333.9222,331.3564,330.4878,336.3124
395.8841,390.5404,390.3604,394.8957,392.9268,386.6653
404.8918,407.7642,403.3016,406.4702,410.6999,410.4814
360.0556,374.2350,378.3050,375.4347,379.6478,377.3895
454.8328,450.7491,450.9339,460.3287,454.6398,450.3366
445.8825,451.0476,447.8745,445.4970,439.3199,449.8317
429.4426,404.0085,400.0479,403.4585,407.4744,410.5763
320.4800,347.0849,340.3534,333.9263,338.5462,342.3591
384.3941,391.5434,396.6106,381.9174,379.5992,388.3313
380.0182,360.8818,366.0796,362.2941,370.9945,369.7370
444.1242,413.6720,411.4924,407.0473,415.7267,419.8980
395.6961,419.0359,405.3275,408.0974,415.7081,417.3354
387.7772,394.2497,394.4587,388.3015,393.1204,390.5613
397.4501,377.0034,373.1299,367.9243,371.8900,371.2117
351.7733,327.2382,335.6190,324.4312,329.8209,315.9664
417.3079,406.2423,398.9211,399.4246,396.0318,402.4846
402.5836,386.2466,381.2278,389.3859,393.1692,387.0640
388.0438,377.5633,380.8513,378.6301,376.3259,362.1708
362.2053,355.5698,352.1122,352.5721,358.3303,359.7539
362.3628,381.7544,384.9323,395.6257,390.9146,380.9955
350.0055,338.9854,317.5664,330.3965,332.4707,337.9454
346.0058,360.6933,350.9922,361.0243,352.1425,350.5814
385.1232,389.1621,392.7273,388.8897,383.8416,387.0068
317.4642,320.7199,325.9293,317.8349,319.4529,329.1790
350.6834,362.9718,364.4360,365.8521,363.6231,358.2294
364.4221,371.4867,378.7399,384.0999,376.0344,377.6914
343.8852,362.0663,362.7790,359.2793,360.2853,358.7313
411.8817,393.5043,403.6503,393.9695,398.8035,403.9509
360.9593,373.1702,383.4637,379.6808,379.4345,380.4990
380.1935,395.5485,385.0931,399.0064,383.7080,381.2350
370.4482,415.4525,399.8622,412.2447,406.0492,410.5737
413.3569,403.5857,407.4844,405.0761,402.4304,408.9049
396.8178,390.9870,390.9522,389.1048,395.2417,389.5504
358.4522,366.8813,368.0401,364.3699,370.4929,371.9205
359.0183,376.4232,366.3929,365.8462,368.4004,370.9678
404.0075,407.2763,408.8717,415.0068,403.4923,411.8058
415.9542,396.6118,400.5872,399.9337,395.1780,399.3323
372.0262,396.1383,386.4427,394.1641,393.6797,388.2631
375.9264,374.0781,374.3220,369.0024,370.3998,375.0127
345.8801,339.8732,339.5770,333.1450,343.0208,335.0592
366.0204,374.4445,375.8094,377.6122,368.1118,372.2489
348.7287,365.6768,359.2193,365.1011,351.7088,363.6109
367.2767,344.5626,339.7591,359.5840,354.7877,349.9437
353.2359,351.0776,351.5027,350.7356,357.7237,350.5463
348.6875,366.1196,359.2459,361.3242,365.4752,374.9887
383.2333,367.8115,365.0598,357.1858,355.6998,355.8844
392.0255,390.4360,382.2695,387.3166,385.8408,392.9327
464.8315,429.5869,431.6133,426.9317,430.0094,444.9247
338.0895,359.7299,351.7478,357.3203,351.1971,357.5716
361.2665,365.3346,362.3593,359.5582,354.8198,362.6042
388.2661,404.3855,399.0507,403.0540,409.7802,400.1292
391.6921,378.9577,375.4818,385.4225,380.4151,377.4227
348.7061,365.6830,363.0028,357.5084,364.9983,361.1974
422.9252,402.6327,413.6557,403.1578,405.4277,412.4252
407.4822,413.4883,415.4244,405.4300,409.8158,411.9225
369.5254,369.4561,371.4438,372.0697,369.8402,369.5151
405.2362,396.7230,398.2717,391.0985,393.0605,388.6421
412.3038,419.0097,420.6828,420.0226,416.0758,413.3174
401.2952,389.5868,391.5388,389.0306,389.8252,383.8083
381.8391,366.7733,366.8496,380.6138,377.1365,370.4837
364.5512,364.0662,363.8836,374.9066,369.6163,369.4074
296.6503,316.9569,323.3350,321.6961,322.4180,318.1242
382.1555,378.9047,376.4398,370.4604,375.3028,378.7805
397.6809,399.1750,410.5044,396.9756,399.4818,412.1380
332.5664,329.5438,339.2778,338.2931,336.1044,341.8424
399.7493,380.2434,382.9281,375.5752,379.3224,378.5580
398.6381,399.7661,393.7853,396.8684,398.6052,392.1831
403.7752,381.9233,389.4254,383.2062,389.4159,378.5508
374.0317,389.3226,388.4161,380.6841,384.3575,383.3774
367.6874,350.6192,348.0926,348.9204,345.7304,346.9057
404.2295,406.2544,418.7477,408.1285,411.4435,416.3048
392.7091,384.5829,378.1269,385.6724,380.9711,379.7317
364.4344,358.4403,355.4471,365.6628,354.2658,361.4091
390.7545,367.2861,357.4856,365.8575,361.8730,362.6542
460.5247,412.3657,410.0661,404.6264,404.2011,414.2049
307.5269,326.9410,340.0629,333.0672,333.2397,338.5497
355.1172,357.3329,370.6332,360.4461,367.7050,352.1979
373.3210,382.1871,377.8549,372.1239,379.6663,379.2266
348.9029,389.5020,393.8985,386.5132,398.3793,398.6641
393.6877,407.8220,398.4073,398.9294,393.2359,399.4584
354.5742,356.6428,357.0612,358.5379,355.1797,353.0400
385.4751,371.5866,373.4846,374.0550,370.1635,369.8148
337.6108,326.1257,322.4491,334.8808,328.1472,329.1497
405.8789,392.0635,389.7308,389.6790,384.0050,386.8854
373.8749,383.8129,389.2206,386.4658,383.9675,388.0367
381.8611,383.1208,383.4224,388.0304,384.1927,383.4799
373.4845,388.9518,390.6694,390.7024,391.2646,391.0591
335.3165,376.5332,375.1992,379.1099,375.8159,377.0010
366.3022,373.6001,379.5697,382.0962,378.0956,377.1158
417.5107,432.7563,432.5824,426.4855,425.3622,431.7818
381.9722,383.8336,383.3976,391.1402,381.0701,386.0755
390.2446,397.3057,395.7589,383.1041,389.6940,383.5756
365.0479,394.2476,391.7118,386.7994,390.7510,371.5837
381.2875,378.0903,390.2246,373.9313,381.7711,388.8575
422.5253,380.4961,379.6055,383.6853,387.3730,387.4274
293.2433,297.4362,298.2767,304.4691,295.8665,303.1353
403.5358,407.6985,395.5698,411.0465,413.3543,415.7719
393.4115,395.2758,394.4339,387.2438,394.2032,393.8811
409.5409,389.1524,398.8916,401.0404,394.9541,401.8857
354.4179,337.3116,346.7307,330.5064,340.2775,340.0174
388.2392,373.1611,372.4625,379.5168,375.6817,372.0135
427.6814,417.6062,418.2379,419.0657,413.5329,410.5051
391.0328,408.6982,405.8610,411.0042,411.2080,403.9065
411.3433,384.3235,382.4005,389.3711,378.5524,363.8982
382.2860,409.4139,414.4572,404.3866,404.3568,404.9486
376.7176,370.5785,365.0794,367.0437,365.0266,368.5409
405.4306,387.5796,401.3022,393.4831,388.9912,384.9719
382.3940,402.1485,398.6614,399.7765,399.9257,395.4033
356.2417,359.6483,360.0999,360.0941,359.3394,361.9189
379.4056,366.4144,375.9830,371.9101,374.0740,373.6327
378.3956,364.6534,368.5916,365.7801,364.3293,361.4784
348.4916,376.2745,374.4292,368.5396,371.0252,370.5539
378.8610,385.3859,384.2448,386.9836,394.4342,386.5724
414.6166,399.6131,396.4910,397.7343,395.1435,392.2200
312.2821,319.5218,327.3152,318.2567,322.5925,318.6246
416.0663,412.9787,414.8791,416.9222,409.5492,413.2999
400.2976,374.7048,379.4669,391.7159,372.6238,370.2902
344.7808,352.6482,353.6046,354.2166,355.0023,356.0609
384.5720,402.5467,399.0129,393.1844,400.1302,406.4111
386.8736,385.2483,384.2377,391.5937,388.6177,399.9807
423.0630,403.2584,408.1273,393.8241,397.0420,401.0177
452.0702,451.0016,434.8903,454.9788,442.0594,447.0986
344.1848,359.3150,356.2782,352.1008,345.6971,351.1215
367.7311,382.8504,380.9542,389.9112,377.9858,383.1279
354.2261,377.6442,371.1593,372.3139,363.9420,367.9808
423.9480,389.7199,384.9635,391.9232,395.5676,401.5875
300.4747,330.0915,319.1303,329.2150,320.0350,323.4018
354.6825,350.5938,329.0472,340.1346,333.0968,331.8219
375.9459,377.5325,376.0198,374.3459,374.3012,368.6263
316.0678,300.0479,306.1331,310.0654,302.9943,303.7523
323.6078,309.2392,311.0190,319.3782,323.5547,319.3281
341.3852,351.6498,346.0675,353.9486,358.0943,347.8415
443.0497,410.5460,408.1359,407.0396,418.5069,408.0409
388.9924,399.9527,408.0945,412.2589,392.9982,392.9149
336.4189,339.3278,325.1532,338.7662,326.9505,330.5075
344.0917,360.9522,341.1650,349.4753,343.4671,344.4196
328.2657,316.3779,319.9580,330.5832,314.5111,326.1765
368.8277,379.0622,387.9707,386.1990,391.9529,384.7075
346.1715,351.2768,341.3770,341.7257,345.7130,350.4730
350.1971,357.6669,357.4003,355.6320,350.6578,351.5775
338.2911,333.0624,334.5798,326.7307,340.6782,333.7889
346.5342,355.0182,359.9103,362.6402,357.1281,356.3401
395.7013,391.7296,381.8351,390.5025,380.2210,385.6344
356.0429,351.6623,351.7505,352.6908,356.6926,360.6957
358.5336,367.3700,369.4443,377.6848,368.2866,365.1625
349.6022,340.7993,340.6431,339.6584,343.5160,340.9316
386.6095,389.7389,390.3290,384.9064,390.1892,383.8441
393.6702,367.8407,350.1141,354.9519,348.8875,352.1327
355.6940,371.2337,376.3666,377.6146,368.3502,365.1253
363.8671,388.5262,393.1631,386.7506,392.7248,400.8870
348.5328,358.8107,358.6718,363.5072,361.9965,364.5641
327.2126,309.3491,315.5537,316.2170,312.8869,323.4193
336.8899,345.4531,337.3914,340.9878,344.5869,340.7298
363.4984,383.5036,373.4501,373.8476,375.5580,376.5920
345.2885,381.8954,382.6572,377.5857,375.7584,374.6397
424.8382,399.7658,396.6875,395.2516,397.1365,400.2253
307.4553,296.6437,305.0794,311.7654,300.7867,317.2196
312.4300,332.2366,335.2563,345.9400,336.1285,335.7433
395.7419,405.1553,406.3774,418.2283,412.4882,403.4965
380.1940,375.8022,369.9511,368.0722,367.9331,375.4254
389.9466,379.0678,383.7365,374.0577,379.0801,372.2953
373.7508,388.2475,378.0664,382.9403,383.6425,387.5489
345.0801,347.5891,344.2916,344.0913,339.8063,339.1160
327.9590,346.4521,338.6669,348.2320,351.0149,345.3891
330.2850,320.5399,326.6059,332.2910,325.0381,321.2961
422.7913,402.9414,402.3761,414.2714,401.0471,403.2688
350.0594,346.8513,339.5732,335.8795,343.4710,337.2212
379.2593,364.2920,371.7919,369.9139,369.7081,370.8292
335.2869,367.3115,354.2798,359.3427,360.6052,359.8193
352.8227,367.7632,369.5285,374.8380,382.6964,378.8068
394.0377,390.1630,380.7926,384.8133,389.8979,377.5121
388.0896,364.5848,369.0135,358.4147,350.1662,357.7881
330.6471,357.9485,349.3204,362.5804,357.0264,357.8099
336.5494,338.1175,346.4085,335.5872,344.9212,339.3623
355.7704,376.9810,371.3962,370.1059,374.9774,377.5662
392.9117,390.3843,401.6581,398.3884,388.7688,399.6177
433.6623,427.1558,433.4273,426.5533,423.0084,426.3334
425.9914,406.8185,405.3350,414.1429,413.3206,414.2354
369.1479,369.8918,375.7978,369.8760,365.3656,363.8903
427.5030,412.4227,411.0176,409.0473,417.2076,408.6708
376.9220,373.4539,374.3253,366.7555,378.1743,369.7094
313.7597,353.7022,345.8356,345.4986,349.2997,347.7391
349.0613,341.3374,334.8371,333.1918,339.7792,335.9333
395.5835,380.9332,379.3241,381.3772,379.1188,374.4152
455.5726,432.5422,425.7380,430.8459,421.0010,429.9501
376.4079,353.7551,358.3087,360.3611,356.8478,363.4858
432.2122,410.4859,416.8401,408.4593,418.8649,408.5991
334.6865,338.9850,336.0479,340.7187,341.3202,341.4564
361.8611,371.1366,364.6713,375.3226,363.0045,378.3582
415.8745,394.5259,394.7551,393.3816,394.4893,398.8317
361.8976,367.1057,364.6230,362.9705,366.8725,360.8398
416.9635,417.2717,423.2365,433.2182,431.5445,427.9843
338.0294,336.8312,339.4263,340.2565,339.4011,333.7291
328.9852,344.3833,337.1703,340.3333,343.2477,347.5125
341.5286,337.2612,335.6914,336.6927,337.3133,320.2565
388.3634,374.9703,370.8927,370.8820,374.2149,373.7893
450.0836,423.5082,425.5036,426.2361,422.6900,424.5957
390.8924,392.6471,399.6324,395.9270,397.8734,395.4286
337.6767,334.6577,327.2088,334.4060,326.2201,335.7628
377.8447,387.7065,393.6832,390.0707,388.3671,387.3690
407.8655,357.2586,356.8032,368.0402,366.8864,356.9323
349.9134,361.1007,362.4102,359.7760,360.5962,364.4164
368.1610,368.1760,369.1453,362.6442,373.4133,371.7996
384.7677,411.9586,412.3968,417.2253,419.4604,414.2685
371.6265,359.0988,371.9580,373.3064,371.2104,360.2469
353.2908,381.3380,390.6890,385.0720,384.9158,383.7611
395.0113,386.4566,386.7623,381.8345,382.4848,388.8854
376.9489,404.6971,385.7146,388.3018,390.9236,387.7035
326.2170,331.5122,328.2473,339.7618,337.4936,333.7566
319.9042,345.4327,352.8495,346.0325,342.4979,345.0156
438.3542,399.6248,394.8127,388.4862,400.1414,395.6399
376.1241,367.4727,382.9816,374.6141,372.3443,372.6673
323.5554,341.9435,345.1497,325.4583,345.1289,335.3117
305.2793,316.0594,320.9332,321.9057,322.4091,316.5028
352.2193,316.9267,330.3889,321.8880,322.7593,325.3741
319.5375,337.2991,332.5304,339.0892,336.5953,327.9648
358.8725,359.0296,365.7972,350.7838,353.1900,353.8699
367.5320,379.3081,385.0932,389.4344,374.8676,381.6993
384.6978,364.5711,369.1071,366.8478,363.5629,371.7116
376.6133,362.7298,369.6341,373.3438,363.6536,362.8933
349.9747,330.9478,326.9662,329.8595,329.3200,340.2375
364.5101,342.9886,357.5763,360.4189,355.8253,353.6335
389.7736,385.6638,388.2727,374.9529,383.6188,391.0656
375.1814,350.7462,345.5121,343.7457,346.1749,348.1842
362.0346,349.4316,352.0904,358.1244,352.0288,347.2726
317.2392,330.2784,333.7068,335.9442,326.4524,322.4060
429.6747,444.9901,434.0046,438.6658,443.2956,439.9880
349.3424,368.2572,371.8957,364.3138,360.0692,372.2093
312.7180,337.1164,334.4923,324.2863,321.5338,329.2171
351.2155,362.6333,364.7468,363.2050,362.5886,356.8993
385.6129,400.9214,394.0599,389.3297,398.5659,387.9992
410.7876,396.3132,389.7432,375.5896,386.8585,387.6287
328.1606,342.9427,342.8280,346.2191,351.7327,346.6109
369.9743,341.9891,348.1006,353.2759,355.5657,354.2537
451.2671,423.3158,424.3685,425.4807,425.2371,419.7314
322.2496,299.4650,308.0914,310.4093,296.4881,303.0717
424.5953,408.8235,417.5796,407.4415,422.2755,436.2874
348.6329,352.7480,349.0685,344.9377,351.3513,349.1462
347.2693,369.6056,367.2863,366.9941,369.1928,363.8326
397.6276,362.0952,379.8947,371.5752,378.3524,376.5590
325.8671,362.1674,354.2726,350.9911,355.3145,357.6427
458.4580,427.1020,426.9099,424.8523,423.6664,432.7901
400.7295,382.6823,387.0772,386.2780,388.8120,373.3008
354.1630,378.2610,366.7214,368.1994,368.3236,378.4431
377.9537,386.7523,396.0216,382.8994,389.4560,387.8214
408.1982,392.3943,394.8169,394.0245,388.9588,400.6357
387.4024,381.2771,388.4338,394.3115,390.5067,389.4452
361.7773,354.4539,348.8794,351.7686,352.4603,359.2442
409.1274,370.6111,376.3458,373.0771,372.0637,369.4440
369.8841,387.7604,376.9076,378.9101,386.3885,379.4546
380.3548,379.9131,377.8275,384.3235,379.2126,386.4249
396.7321,410.4238,405.2972,399.1605,394.8169,392.4691
385.8462,375.4613,379.2124,380.9558,389.8763,388.8269
355.9995,368.8124,365.6704,384.0752,372.1878,372.7818
351.6659,341.6564,336.4911,332.6031,330.3586,341.3576
328.7313,333.7936,341.1144,344.4490,343.9227,347.7370
388.6880,401.4826,398.2807,405.7426,407.7289,396.4466
352.1768,370.8323,362.3631,356.8766,362.5726,366.1947
321.4880,329.9626,328.8597,335.0851,330.8281,334.1213
345.3854,352.7100,344.5511,343.0011,342.6612,337.5252
439.9698,445.7371,423.1832,441.0779,441.5976,432.0669
370.3512,390.0450,397.5804,400.9204,400.7423,392.9641
351.3090,351.5952,362.0851,363.0805,362.6097,353.3448
419.2632,379.5625,381.8629,383.9927,391.4574,378.5550
369.6378,347.3257,342.9796,356.4121,342.0608,346.7894
354.0836,364.7629,362.9504,363.6098,362.6501,356.8643
375.2319,375.3134,375.1776,381.3513,378.2505,373.8455
342.1743,331.8795,335.0255,334.0609,328.6727,333.1736
409.8254,403.6845,400.4712,408.8456,410.4995,402.7514
382.1905,399.9331,398.8087,386.7219,395.1526,390.7916
400.1464,396.3769,386.9513,399.8054,393.8707,394.6957
358.7086,359.2999,347.2722,345.8716,350.4805,348.3282
417.5394,414.6052,413.8239,417.1740,412.7498,414.9407
370.6486,385.0816,372.4220,371.7769,377.1811,375.1637
375.1031,396.6926,391.2809,387.4317,382.8701,398.0254
346.5014,373.4442,371.0215,372.2235,372.0357,370.9830
425.9951,432.0975,422.1004,413.3672,416.9867,427.4135
401.4551,393.1956,393.7407,400.7678,394.2655,399.1437
394.4825,396.9808,396.8586,397.5094,395.9937,396.6052
363.9611,362.0787,368.8613,366.8598,360.7788,363.8878
372.1108,366.4158,372.5215,365.0711,369.2928,364.7997
343.0085,363.7026,372.9648,355.3635,368.4790,374.4425
381.3823,373.3804,372.9402,375.4433,370.8801,373.7621
398.5884,381.0874,379.2518,380.6318,380.5153,387.2158
331.1430,366.5988,365.0883,359.0129,368.8187,364.3160
356.6099,375.3022,381.5135,379.5610,376.5406,385.9238
353.5606,402.4387,393.8188,390.6138,388.3091,395.5129
368.5578,383.6229,388.6681,384.5208,388.9188,386.8836
349.3765,350.5186,352.2605,350.4174,350.0337,352.8665
346.6797,352.2623,344.2469,350.5309,352.8331,350.0168
390.0347,400.3378,406.8842,403.7478,400.6248,395.2553
347.9348,364.2117,365.0721,356.1390,363.6403,367.3109
377.0748,368.1547,360.7647,363.3079,361.3232,364.9562
393.0699,417.9337,401.2284,397.7792,410.7577,412.7963
370.6218,354.7765,359.5172,354.2125,351.0358,351.0232
356.2668,324.9858,338.1950,340.5414,332.0007,338.6626
364.0729,362.6236,365.1219,361.4182,358.4559,373.1504
430.5183,422.1781,423.1705,429.0324,423.9319,420.8795
371.6904,373.1776,367.9391,369.8925,367.6006,371.9228
403.9928,408.1336,420.1407,406.2119,406.8700,408.8431
397.9207,410.9077,408.9053,400.3969,411.2389,409.7873
369.5668,373.4857,373.7443,374.6582,369.6277,371.7449
357.6971,375.5757,391.7807,385.6948,380.5102,375.3642
400.7616,415.9324,400.2899,401.1668,408.2458,400.7659
382.5606,404.3862,414.1128,411.1103,407.7586,409.0930
414.1059,398.6540,398.9652,397.2236,389.4486,391.8574
401.0049,377.1990,386.3669,378.8055,379.5469,369.0126
416.0391,408.7451,407.7534,412.7120,408.9366,404.2316
330.0968,303.5760,302.8900,303.7165,295.8930,297.1750
302.6085,297.5572,306.0826,311.6753,280.7960,297.9866
381.7703,374.5764,368.4512,375.3674,370.1194,374.2141
416.9465,415.4652,420.7105,406.9606,398.8221,402.9372
362.7546,370.5751,361.5621,370.5095,367.6217,365.5659
361.5794,340.9360,350.8968,347.5724,342.9925,345.5574
364.7595,349.9265,357.0771,359.0714,362.4082,350.1513
408.5467,387.1347,391.2875,381.5267,384.1192,384.6755
356.1417,363.1052,364.1753,361.7824,365.4877,359.0462
383.2662,390.6043,392.6396,397.2491,388.1536,395.1018
335.5098,338.3221,347.1019,349.3462,349.5949,342.9917
349.4221,337.4431,329.0913,337.0210,334.3231,324.8275
341.0216,358.4546,358.8120,348.4278,350.0596,356.8179
374.3490,380.4814,375.3101,367.6204,370.1509,375.6606
367.8904,344.0988,347.6491,348.6898,349.8801,347.6175
441.8220,460.5610,449.5578,455.3613,458.1398,462.3958
348.0794,358.5844,367.5853,367.2174,362.6313,362.8301
397.6377,411.6371,397.6041,401.9494,403.3250,399.8289
402.1228,390.4954,399.4503,389.7643,396.7838,390.8843
330.3257,334.6962,331.6594,341.0923,337.9890,333.1617
439.0482,414.8587,405.5590,408.4753,402.0686,410.3465
368.6789,358.0913,356.4592,354.6335,362.9086,355.6805
352.1747,365.1265,367.3545,359.0808,365.0893,371.8276
391.0942,392.8242,393.9084,393.2538,392.1891,391.6513
400.8726,384.9099,390.9217,383.4014,381.5503,389.8643
381.4496,368.6831,367.2637,368.2256,372.6422,373.6505
386.0433,377.7450,377.2924,388.8801,375.7581,371.9636
364.8823,370.5328,362.8840,368.1282,366.4159,359.8987
385.1497,347.4393,367.1765,357.7541,366.3926,362.7801
323.5838,332.7614,334.2857,320.6676,333.3041,330.8108
414.4329,401.2648,404.4956,407.8573,400.3322,392.7014
414.6812,394.8235,395.9550,391.3128,393.6903,391.0357
445.5603,408.4943,408.1727,415.8852,408.0382,416.4858
419.3139,393.5421,400.1720,399.5700,400.6441,399.8017
415.5726,410.5843,411.3013,404.7981,414.3507,405.3067
344.6028,355.1895,351.0004,349.9425,352.2262,350.3607
418.8057,407.1097,394.7015,401.7866,396.3429,405.6026
417.3104,401.7805,397.8864,406.4700,408.9598,397.0138
417.0309,430.9741,429.7018,419.9181,440.5072,430.9046
368.6494,345.7025,337.1653,347.8680,345.8377,351.2616
319.4526,340.2849,340.7364,348.3480,346.6657,344.0852
329.3836,357.4948,357.5298,362.1180,360.6472,361.8446
405.3678,400.3588,400.9927,405.4828,391.4175,395.3145
379.3981,386.6943,378.1841,383.9527,382.3153,381.5605
372.1625,364.9631,361.1333,365.3263,374.2130,367.8949
358.5932,366.9087,360.9745,362.2220,370.7800,361.8386
421.5785,404.0231,402.5668,406.7042,399.2707,401.5558
357.1965,375.6363,369.5513,366.6069,374.1137,372.3227
360.9394,368.3729,370.0512,366.8332,369.4746,369.3230
366.9256,367.3531,372.5227,367.9363,375.7777,373.7883
414.5635,430.3239,429.0370,418.7428,435.3741,432.4776
330.3536,350.7764,349.4903,353.9858,343.7827,347.9337
358.3448,368.8187,365.6051,366.6901,367.1716,365.9489
425.5809,406.0558,401.3735,420.7664,399.2478,396.7303
336.1066,347.2619,349.4761,350.3784,363.0443,346.2585
389.5320,439.3658,439.0425,441.3448,434.5998,430.6470
374.7240,362.3087,370.3328,367.6947,359.4072,368.2243
410.8164,389.3908,392.6585,397.9557,398.7424,393.9770
415.3490,435.1547,430.6668,423.3272,430.5447,434.2036
362.1718,360.0425,353.8980,352.4413,357.6978,359.1174
419.8855,407.5826,403.2166,411.9362,406.5556,409.3713
327.4847,338.9035,345.6291,338.8741,336.1936,336.8420
395.5327,360.4017,369.8018,359.9393,359.0569,363.4760
366.3296,360.7329,360.9786,356.1000,358.7287,362.0206
422.7920,391.0020,400.7307,398.9255,406.8861,402.2592
418.8101,416.3144,425.4438,422.4745,424.4841,428.7988
342.8511,345.6839,349.9765,347.3280,345.7281,354.6543
326.6705,327.9143,328.7248,331.9129,329.5337,338.6428
407.2908,416.7651,410.7971,414.2197,410.3773,415.3527
370.2731,382.1982,371.8208,378.2382,374.9435,375.8293
364.2463,381.7814,388.2055,389.6547,383.5430,386.9792
377.0737,383.2576,382.8094,383.6329,386.0872,392.2185
407.1403,382.9132,392.2602,379.0921,390.3446,394.4592
373.8257,381.2673,395.9960,386.8792,388.0107,378.7747
318.2760,322.2602,333.2189,328.3717,320.1691,330.6167
388.6344,401.9595,400.0761,402.0007,402.2179,396.6750
392.7634,375.1282,378.2454,378.4949,378.0554,381.3762
356.8327,372.6020,376.6673,380.5031,365.6613,362.3592
405.2113,404.1821,398.4395,402.9838,397.6552,391.4411
442.9603,429.5699,431.8549,437.4273,438.2009,431.6660
401.3277,395.7267,398.9301,395.2352,395.7777,400.1615
368.5741,356.9680,352.4152,359.3518,358.5243,353.0240
311.2651,311.9868,314.1661,314.5340,318.8440,312.2269
376.2561,390.8963,394.0097,403.5524,401.6483,404.3031
288.4106,306.7236,299.5440,298.5312,311.3105,311.5322
342.4107,382.9755,382.7829,388.3760,390.0155,381.7423
416.5739,406.9612,402.9558,404.8817,402.6167,406.4325
453.2805,393.5092,395.0786,399.7431,392.6733,403.9754
393.7869,406.5146,410.0761,413.1335,413.7715,395.2963
359.9006,340.5029,347.2234,341.8688,343.2039,344.7817
330.9772,358.1085,358.2425,359.2102,359.3394,356.5249
384.8565,373.9564,366.6118,369.7241,379.1245,373.9707
410.9410,388.1182,390.8398,404.5112,395.7408,384.3761
363.2453,362.7042,355.4412,367.9888,362.6422,366.3960
331.3905,334.2274,328.5617,331.1231,335.5490,332.8896
427.9904,412.5520,400.3026,412.2681,423.6795,413.0796
334.3889,338.6219,342.3227,351.9666,341.2113,344.9309
415.0464,407.1612,398.1885,400.6924,407.9774,413.4985
467.0007,419.5974,425.5754,428.1070,432.7527,429.1947
382.1695,370.1580,376.2359,368.4912,363.0845,363.7986
383.5483,386.3183,387.2431,383.8319,387.9773,387.7792
354.6595,349.7546,346.1692,345.7043,346.6882,348.6919
382.0247,396.9401,397.1364,404.6198,407.6041,400.5830
341.7607,334.3129,333.7097,347.2390,338.6721,334.2436
353.4161,347.7182,350.6607,343.7880,346.1888,346.7059
340.9685,308.1355,317.1883,318.0711,321.2558,318.2475
402.9082,396.6679,394.0997,396.9550,394.6207,391.3409
396.2703,421.2782,424.8368,418.6151,422.3401,426.4763
413.2312,428.5738,412.1128,426.7939,428.2561,425.5157
