true,pred1,pred2,pred3,pred4,pred5
365.8869,386.2085,378.2573,388.8125,377.9434,388.5033
304.9546,310.4462,320.0571,314.6502,314.0377,318.4706
361.4368,369.4604,353.5543,353.6890,362.8620,367.8271
360.1403,375.9612,368.0290,369.4849,366.5424,371.9598
334.8007,342.8564,334.1355,340.4649,346.2125,343.7886
440.2627,420.2029,413.4244,421.3162,431.0617,419.3642
328.3493,340.6906,332.6996,320.1300,338.5561,341.7035
366.2561,376.5180,369.3057,366.7735,367.6167,364.4792
357.4685,389.3645,384.9928,392.9063,382.4718,386.7061
353.0170,351.4112,350.5695,349.9852,356.2644,362.7067
381.8796,389.0837,384.4458,373.5696,387.1092,377.9321
359.5296,345.4203,342.8408,343.1222,344.9341,336.6121
355.4878,362.6910,348.0694,351.8526,354.1485,355.4042
374.8454,354.3981,354.1355,348.6315,349.7912,355.8904
365.0687,377.2449,380.9172,372.1035,382.2870,378.5689
363.4244,355.9478,347.4991,352.5071,352.5553,345.6028
347.2417,351.9802,333.1913,345.2751,345.1221,340.0359
355.1904,378.8695,378.9293,377.7062,377.6019,375.4294
368.0445,367.4641,356.7059,363.5855,368.6783,365.1073
375.3332,393.5461,394.0823,398.9727,389.0443,388.5279
396.7330,397.2288,396.4600,396.5654,408.4851,393.4192
363.8777,349.3481,347.2096,350.4001,347.9652,351.6719
374.4044,389.4338,379.8032,383.4471,394.0931,381.6005
389.3313,385.8447,390.5995,390.5415,391.0310,384.8172
349.9657,371.8189,367.3459,372.8775,370.8112,373.9091
424.3187,402.1932,394.0024,405.6837,404.6996,401.2146
315.8220,344.4764,343.0329,344.6616,338.5478,340.1816
412.7356,403.8241,406.1354,402.2043,405.5645,400.3820
388.4928,361.5510,368.4285,372.2687,370.6116,361.6448
352.4738,375.5182,371.0307,370.9618,374.8772,366.2022
413.2829,381.5494,386.5453,391.0578,379.3905,381.0042
397.2378,373.1748,357.1413,363.5821,363.1742,367.7940
400.5688,395.4933,410.4534,404.8059,403.8773,399.5750
355.3838,363.6082,359.3411,357.9066,362.3374,361.1454
405.8914,401.2527,416.3541,404.0327,407.8569,411.0321
403.2814,384.4757,386.1792,380.3906,390.9716,384.7424
399.4342,400.5668,393.8260,413.5376,400.6249,406.5765
387.8970,366.7254,369.3207,377.2308,367.8917,365.9737
390.1959,385.3851,384.8690,387.5489,386.0125,390.4389
361.7298,380.9091,376.3307,373.1762,380.0387,375.9134
343.0489,338.5761,343.3693,344.5482,339.7803,343.7327
353.5444,337.3304,337.1089,339.2001,345.1289,343.2969
320.6480,320.6992,320.3580,323.2931,335.6755,318.1240
420.4463,427.1288,425.1324,422.1550,427.9707,419.7750
399.9127,410.0476,411.1751,411.4728,403.6703,403.2895
398.1201,369.7011,385.7899,381.2892,376.5806,380.7458
377.7695,414.2870,402.7082,403.8361,405.1335,397.3411
375.2797,355.8818,346.1265,338.4495,351.9990,349.1937
385.9886,373.8321,368.0067,361.3561,380.5876,369.8934
395.2118,400.4059,389.7866,391.8669,405.9302,393.9297
362.2159,382.2462,373.3128,376.6094,374.7649,378.5052
378.6614,408.4449,411.1449,406.5230,404.0558,398.6013
403.7501,400.0422,409.4749,408.9666,397.4343,404.2319
374.8107,371.1026,364.3120,378.1761,373.5592,372.0590
346.5289,365.6773,348.7117,357.9302,358.0068,357.1425
382.5116,392.9410,391.5849,386.3372,385.8926,386.2110
464.9492,423.4326,410.8957,407.1678,426.0880,414.5542
366.4073,376.6971,373.6264,374.5374,368.6620,371.8022
347.0274,349.5741,343.2579,352.4775,352.8988,345.0560
303.9433,333.5104,333.8953,332.8450,335.4501,334.3597
304.1231,337.1309,327.0679,329.3420,325.4078,324.3238
355.8657,359.1561,346.0396,340.9170,354.6996,353.1880
380.3600,356.6896,369.9214,376.4599,364.3602,368.6361
385.2401,397.3194,384.4572,389.7121,392.7545,394.7918
345.8794,357.5231,371.7871,363.3348,360.5290,367.8825
389.3929,367.8925,366.1868,371.3215,367.4530,373.1341
367.4385,389.0052,373.1548,376.7581,384.5037,375.5312
348.1308,357.2657,349.5321,359.7708,357.5667,352.6519
457.0824,447.3461,449.6577,441.0227,455.8685,434.8401
384.0455,388.7619,392.2495,391.6373,394.5677,386.2033
376.7895,366.3236,360.1488,366.1369,359.8819,353.1022
429.2498,428.6135,441.6426,428.2785,440.6862,420.6153
424.9001,415.2635,404.2526,399.4048,404.0636,400.5908
361.0049,345.3478,344.6352,338.9286,347.1812,340.6037
349.5228,350.1843,342.0073,356.1646,353.7479,346.2899
354.5451,341.4381,337.2411,344.3873,343.8338,338.9226
407.0773,412.9016,411.3595,405.6833,420.4633,416.6546
412.2755,400.9711,394.0407,383.1086,396.8386,384.9287
318.1252,304.9490,301.2719,305.9572,313.3862,310.6745
401.4236,388.7062,379.6422,386.0097,389.7466,379.3425
375.6948,382.6043,370.1652,381.1140,374.6675,375.1625
361.4283,372.5959,364.6698,367.6637,372.4673,369.2707
378.8628,386.8869,385.7324,393.1410,389.8958,390.6227
328.7551,334.1681,328.8891,324.8381,325.5415,322.1491
370.7069,366.7392,363.9828,364.7665,367.9819,366.5635
369.0240,359.3036,351.7693,362.4298,353.2476,355.1185
418.0223,402.0677,392.6496,403.3464,399.7271,397.6512
364.7038,350.5800,351.8607,355.5553,361.6453,351.2758
284.6487,281.8271,280.3849,294.9088,288.0408,290.0885
373.2122,370.2592,359.7453,360.3779,373.7004,362.9733
372.8172,381.1781,370.0747,379.5546,375.0975,370.3489
339.0893,342.0190,342.0510,335.6760,340.5103,338.2826
314.0930,318.3695,319.0465,310.8198,324.3926,320.6584
404.0524,410.5111,409.5257,411.5795,409.6899,409.9238
391.8366,395.2462,394.0904,388.0576,395.8372,391.2583
434.2352,413.4927,397.5021,423.6094,409.7192,422.5534
402.6675,401.9105,390.0547,403.7321,399.2220,399.3692
323.7092,318.5085,319.5532,321.5206,319.1775,323.8069
341.4188,347.8658,345.5220,348.0532,348.3894,348.9828
359.5291,372.4425,368.7764,370.3813,364.4501,358.2290
405.2156,416.5792,409.4328,417.8623,406.9365,402.7913
349.4491,354.9865,338.7135,344.6007,350.2444,347.2061
357.5126,334.1298,332.9023,343.5669,337.4081,331.6726
357.9363,355.1424,337.5459,350.9781,353.7255,344.9284
358.2825,370.3439,362.1312,358.0713,363.6663,364.9798
425.6635,441.2474,428.3585,427.7463,435.7544,432.7118
357.8849,347.2936,345.1268,351.0835,346.9321,347.3143
346.5661,353.9785,353.3480,353.1822,346.8569,345.3719
378.7821,382.1419,377.7253,376.7308,377.2661,383.5503
345.3776,349.4910,350.5859,347.8183,351.4012,354.1038
361.6039,356.8699,358.8234,361.7648,357.6899,359.3420
422.5579,409.3848,411.1801,399.2850,413.8293,407.7305
353.3279,348.8527,356.0832,352.2980,343.4747,355.2938
360.8554,341.8991,345.1950,337.7230,341.2724,350.2228
364.3870,361.3038,357.7621,360.8796,366.9416,361.3482
320.5901,313.4335,312.9348,317.7232,318.0721,318.3365
348.6086,370.6176,384.5612,386.9802,380.9666,374.6989
355.3059,362.9351,349.0856,354.5840,354.6051,350.3951
335.0648,316.5226,309.1797,310.2988,319.9009,315.4397
347.3893,353.8468,348.9760,356.2307,350.7098,353.2073
403.8575,411.7097,414.5857,400.4397,415.2728,412.7472
362.5101,356.2155,346.0482,350.5440,352.0246,357.9863
355.4041,332.0327,341.5420,349.4729,335.0970,340.0990
382.7211,375.5505,378.0184,395.4984,377.4270,378.1393
359.3783,371.9797,355.3883,363.7535,372.9466,368.5612
325.5642,346.8572,334.9639,343.3513,331.5468,341.7724
365.5638,363.2167,356.8354,365.2886,357.5052,355.0906
337.3747,352.4920,342.5931,333.8566,347.0684,342.1783
322.8951,348.7877,342.5649,354.6198,344.4558,343.2621
371.9296,368.6047,364.6909,380.1693,370.4723,363.2653
425.3818,430.1580,429.3347,425.0314,433.2783,425.1700
413.1340,404.3646,401.2646,408.3786,405.5672,403.8541
357.1761,353.9066,350.5772,351.4101,343.5178,355.4668
384.8420,399.0058,394.7049,392.3398,399.1949,394.6100
352.1765,374.9315,377.2845,373.1271,374.5751,371.2329
415.8567,402.9024,399.9661,408.2564,396.7433,394.1980
378.3047,349.1692,357.5273,343.2007,350.4962,341.9333
359.0278,373.8960,374.7509,372.1798,370.6295,369.2112
392.6890,394.4107,403.5070,392.8837,395.1357,396.4538
366.2897,396.4409,388.7827,401.5903,393.5773,380.9382
451.0723,446.7346,455.0248,438.7473,453.9665,452.7457
333.9749,329.4295,338.8691,346.1353,333.3756,345.0652
378.9802,372.9407,381.5758,386.9456,375.1034,372.6752
387.2476,401.9457,413.6393,404.6371,407.6288,389.2138
329.6472,338.5792,333.0429,353.2239,335.5513,342.7947
412.7570,388.9823,387.4822,388.5404,395.2158,381.8798
338.5426,357.6078,362.2234,366.8394,364.1967,358.3315
327.1659,350.5166,349.5936,342.3143,346.3169,352.5918
361.4134,353.0983,357.7454,358.5693,358.1804,362.5461
417.2831,403.5535,394.8875,396.2699,394.8099,386.2125
326.7397,340.7472,328.6282,342.5518,337.0343,334.2363
381.3500,399.2917,396.0652,388.2255,392.3396,393.3023
349.1378,369.9616,354.1528,358.8549,360.6331,361.2768
374.8020,354.2000,343.8511,351.6538,346.8315,353.4594
364.7476,364.6984,362.7804,369.7528,367.5391,361.2675
400.5425,392.1264,393.6776,397.7269,390.0312,391.3078
362.3399,364.2819,356.7164,357.8444,351.8437,354.7609
307.7736,330.6765,328.5463,320.0589,329.6617,325.3605
345.3514,332.5956,337.2154,343.7805,340.9570,343.2290
384.9469,351.3964,359.0287,354.1572,347.6136,356.0176
372.9104,378.1012,375.7629,377.0045,374.8435,373.4881
424.8430,405.0568,420.7742,412.6680,425.1418,408.6159
358.9048,400.1624,396.8136,386.9606,392.7702,394.8910
382.0342,367.0038,363.7680,366.8337,366.3695,360.7202
410.2156,400.0359,390.5661,393.5627,406.7849,391.3530
389.8250,379.6569,384.3564,381.7716,385.1061,377.9877
384.4678,398.4748,390.9571,391.4678,389.5085,392.1952
370.4893,360.4804,368.0377,375.4546,368.9990,375.2522
329.3868,361.0769,343.8432,355.2021,360.5516,354.6013
338.8836,355.2860,354.7571,348.8266,356.4529,351.7579
354.6228,374.1438,366.2563,364.1691,379.4772,367.2152
381.6585,364.5176,361.5200,366.6790,363.9753,361.7862
364.0704,356.0342,362.8302,358.6728,359.9428,361.5323
385.9146,412.1118,390.9395,405.3943,400.3687,395.4044
362.5056,366.8910,353.9531,362.6335,373.2714,359.1747
362.0886,372.3195,360.6862,360.4836,368.9713,363.1582
301.5669,313.9997,316.9205,317.4070,314.9717,316.8588
343.9311,339.0599,340.3149,339.9130,336.4789,337.6611
409.2632,395.7222,403.5887,396.0279,403.9739,401.7705
387.1096,385.5920,376.8823,375.6485,380.7809,377.7303
364.4320,359.4776,334.4100,345.1812,348.2099,349.3367
390.9021,387.2224,376.6390,377.8775,392.3904,374.4295
375.1960,358.9308,355.8456,357.2263,354.8619,350.5161
366.4759,357.7699,364.8965,372.3984,364.2259,363.2786
391.8535,381.8231,403.6536,393.1259,393.8196,390.6664
375.4025,380.4626,377.8295,365.8890,381.8882,378.3929
365.5553,377.4842,375.2344,371.6457,370.7949,365.3568
345.9357,334.5993,316.1198,320.9306,326.5631,324.8925
364.8823,384.7925,386.6507,391.1844,391.7663,383.4109
394.2209,434.7588,441.0882,437.4884,451.7753,434.4858
339.9549,377.0302,379.8049,379.2634,382.2073,381.3690
356.8762,351.6366,353.8161,351.8892,346.4209,349.5999
352.6619,362.1665,370.0471,362.5887,373.4179,367.3581
403.8356,378.3051,373.6929,382.7100,386.5824,376.7841
371.2714,386.0373,384.6383,381.2819,394.2870,388.1576
324.2331,331.9442,327.5768,325.7965,327.2871,333.0840
371.5664,383.1763,376.4452,375.5690,383.1414,374.2172
375.8040,385.1053,392.3579,383.8650,394.5212,389.8131
419.2188,409.7977,423.9417,420.5053,411.0538,406.8214
399.7086,393.0664,389.7997,391.7328,393.1601,392.8663
336.1636,342.1214,343.5208,347.7903,343.0320,353.6038
351.8301,339.5156,336.0871,334.8269,331.5262,337.2760
345.3129,351.1070,348.1496,350.2844,343.8612,351.9107
370.4522,381.8552,373.6710,381.3736,384.7551,376.6538
326.2016,361.4579,347.5562,355.3689,361.2809,356.4469
373.1503,395.9105,390.8602,390.6236,393.8039,392.2725
336.6978,350.9879,346.8266,344.7682,354.5370,347.0599
383.9481,365.6446,361.5490,362.7018,372.3523,363.4903
425.9159,430.5809,434.3184,424.5012,436.6399,427.3011
374.6071,396.0762,399.9803,397.0751,398.5881,393.6221
363.4223,375.3234,371.0178,376.6105,377.6581,372.0276
387.9665,402.4503,397.1300,403.4084,416.3986,404.4931
317.7579,323.5256,318.5220,324.0201,326.1532,327.0111
413.7970,424.6683,429.4042,417.1475,428.9088,416.6141
377.1683,360.1103,360.7273,366.5054,368.7632,364.0740
429.6471,398.5582,388.9393,390.9771,387.7383,389.0367
338.3951,346.6955,347.7820,344.6653,357.8062,356.8024
402.9571,395.6310,395.6367,393.6017,389.3535,390.0839
389.5283,380.6362,373.9215,378.3376,376.1657,377.4501
385.0651,348.6314,352.7871,361.3465,344.1249,355.0192
415.4007,425.7463,425.2546,424.1548,428.2866,409.5241
384.9950,386.7014,388.5359,380.6733,392.2047,387.1152
393.7680,393.9574,389.7714,386.7622,386.4846,378.6391
390.9168,373.8417,384.4027,378.7376,381.3129,379.8797
408.2911,374.9202,357.1584,364.7000,367.3909,364.2307
373.1846,377.4484,374.1011,376.9881,379.2159,376.6414
365.3988,363.1979,355.1538,354.4009,357.2299,350.9972
382.4508,379.2788,380.1934,388.3898,382.3419,386.9243
403.7451,387.7130,381.1661,381.2577,382.8091,388.1299
344.8750,336.0392,338.9718,342.7563,342.5123,338.7379
349.1747,358.2683,352.6588,364.9160,360.4395,360.1615
404.9376,378.9467,372.4903,376.2854,375.8009,378.5644
414.5835,397.4397,399.7897,389.3600,406.2171,390.4823
418.0542,415.4906,416.3557,405.5333,407.4269,403.1674
365.7415,381.6452,385.8650,374.4155,385.8826,373.4942
369.0511,381.9677,373.0080,371.8136,372.2792,368.2824
334.7041,335.5840,330.2073,333.0058,329.0194,342.8009
399.1427,392.7844,384.4844,379.3229,393.4492,391.6203
407.6526,423.4861,423.9074,419.6380,425.9189,429.0294
387.5333,402.9584,390.3301,394.2562,402.0619,387.7956
379.1042,374.9833,387.3911,377.7956,382.9753,385.4237
427.7039,390.7232,384.8239,390.7469,393.9638,384.9722
321.4124,307.4673,317.9295,318.5164,323.4777,322.8096
424.5541,421.6907,428.5446,433.1402,416.6596,420.5431
323.7962,341.3116,344.4837,337.6207,346.1912,347.6050
361.3990,354.6161,361.2711,358.3892,363.5020,362.7953
354.2566,355.2468,348.7300,364.9300,352.1318,353.5449
406.3896,417.6813,411.1060,406.1605,401.6362,404.2156
333.7121,347.3813,346.9269,347.7240,351.2112,349.5250
400.6855,422.0167,406.2585,413.6084,413.2115,405.6947
393.6313,385.7627,387.1573,391.9823,369.1270,386.5491
412.1054,407.7606,408.9822,406.5309,402.1293,401.8957
396.1976,381.3323,371.1133,377.3232,373.3198,369.7941
382.6242,404.0124,395.2829,389.4360,405.0294,389.7123
408.0822,386.2930,384.1462,389.6111,384.4147,386.9959
368.7559,358.0282,358.1086,356.5373,357.5413,354.7482
350.8588,350.2490,340.4855,345.7839,350.1922,349.4286
404.0605,380.4185,377.1024,395.5769,376.9705,381.1995
396.0917,372.4776,371.6595,372.3391,368.3457,370.5208
343.2159,349.2729,346.0729,335.2365,346.6312,352.9022
351.0901,373.3250,373.9786,378.8563,374.3317,364.3089
305.0436,307.8176,302.6926,312.1767,311.9478,319.9289
384.0977,388.2396,373.8190,373.8756,381.8292,378.4331
365.4428,344.4003,350.7607,352.7169,356.7994,351.9420
411.8357,400.8240,402.3472,403.6036,405.7288,400.1264
370.9799,333.3577,330.3581,333.6717,332.2155,333.0928
367.6002,381.1564,375.9915,378.3316,384.3863,380.4852
388.7115,378.0840,376.3716,376.1037,366.8918,376.4260
373.7783,378.8301,382.4615,391.5293,385.9348,378.8643
380.0109,391.5206,369.6889,384.7253,380.1770,368.8800
376.0379,363.4429,353.4742,356.9080,362.8926,363.2525
351.9006,360.1599,342.7371,348.4144,357.3011,345.8752
405.3966,421.0250,410.3636,413.7377,411.4832,410.1488
397.5981,411.5011,399.8821,407.4813,404.1534,404.6931
452.3468,415.6033,414.3561,407.1417,422.3288,404.7402
368.8198,372.3815,361.6219,372.5200,370.6083,366.4962
423.6574,384.9148,393.0533,386.0540,393.2408,398.3820
390.8492,379.3462,380.5243,375.0424,379.6260,373.6888
341.9593,341.9022,336.4428,346.3417,335.3349,332.6269
399.1775,383.8437,374.8626,382.2010,381.2621,382.3125
370.8759,332.6177,330.5857,338.5064,335.6409,342.1857
406.5178,410.1088,420.0009,397.5802,414.9514,403.3220
384.6660,359.2910,356.1173,353.3878,363.4345,358.0624
341.9203,350.8707,346.9363,355.9070,349.2620,341.9211
376.8961,375.4961,373.5399,371.1169,377.9249,381.4859
386.4172,372.1061,371.0670,381.5831,368.0244,368.6291
382.6672,385.9234,386.2126,383.1820,395.9752,388.0142
444.0641,409.2974,419.9630,407.4308,413.6061,403.2941
385.9106,384.3389,380.5645,380.4032,381.4025,380.1706
389.6926,379.2151,376.7162,379.5366,383.6088,383.8839
406.8261,415.2674,416.9253,404.0620,401.8171,396.6450
348.2347,386.0585,390.3736,387.4082,386.5089,388.2475
344.9959,314.3652,316.5105,316.2472,320.4719,322.3140
335.9935,354.9754,344.7312,346.2622,356.6188,350.1356
417.0582,389.9282,390.4084,393.4051,394.6516,391.5511
439.2402,433.4277,427.2185,432.6572,434.0114,419.2184
409.5665,396.9413,396.1211,394.8495,402.3945,397.4828
375.6293,362.1620,374.1781,374.2882,366.9618,368.9840
415.0702,392.8090,375.3279,386.5479,393.2825,392.4266
362.7017,403.7936,400.9383,406.0688,403.6876,412.6971
347.5249,347.6000,346.1701,352.2373,346.6197,343.3870
366.8278,358.2585,347.7769,356.9572,356.5259,354.6974
445.5325,409.0605,413.3286,411.4208,401.5286,405.6694
404.7265,396.3407,396.8041,393.8534,387.7845,383.0024
382.7591,385.8880,382.9541,393.1671,395.4680,391.4901
358.2732,348.9443,340.7785,347.9083,349.7065,346.3232
364.2971,356.5564,356.8699,357.5572,356.4630,356.4156
367.0015,377.9864,373.0096,379.6557,382.8802,378.5406
351.6888,355.5382,349.8655,353.6417,347.0106,346.7759
372.9944,370.2635,363.7979,362.0229,379.1927,367.4394
346.0661,349.0227,351.2672,362.7487,354.1498,352.9562
406.8812,419.0631,405.9723,415.9164,408.3624,416.1356
409.0624,417.7379,406.6677,407.1773,424.6217,398.9203
362.6234,366.0097,367.1921,372.9063,365.8805,370.4550
420.9360,407.2443,407.2980,397.3477,391.7318,398.4434
346.0428,351.0357,339.3475,336.8568,344.0279,341.1024
346.9768,369.9140,356.5504,371.5490,359.7697,361.8925
388.5659,382.5846,380.5289,378.3662,380.5396,380.8304
386.8348,396.1940,374.4214,393.2045,386.4036,380.0747
351.3013,357.3406,353.7593,356.1296,355.3768,356.1324
365.3049,373.2518,373.1387,381.1503,381.0088,370.5432
359.8166,362.8986,365.1338,363.8458,361.2548,365.8024
409.4993,400.2495,407.3440,410.3693,409.9209,405.5788
373.8365,370.2910,362.5154,367.4758,376.2717,358.7818
368.5117,352.8130,351.3576,364.5762,355.2865,359.3934
393.6119,372.7205,365.2293,376.1025,375.7412,372.3919
368.4081,374.3851,377.2719,373.4942,383.5415,371.3271
325.7841,310.9718,309.9794,313.3139,315.2007,318.7705
376.8631,396.5175,391.2441,404.2177,409.6642,392.0103
385.5976,381.3808,387.1454,395.6235,387.9779,384.9557
398.8112,387.7814,386.5099,388.6918,392.9692,383.6227
408.1053,386.1351,375.2529,380.5065,383.6537,378.6107
326.5472,330.0674,326.0393,325.1571,336.3825,327.0567
348.1256,341.0245,336.1830,350.9129,347.2397,332.4181
354.8834,369.2646,365.1331,373.2058,364.8651,363.2188
376.2719,391.9384,384.6651,385.1013,389.6496,384.2071
361.7102,375.1123,357.9734,371.2730,372.3750,375.0659
454.5593,439.0072,444.4786,437.5500,435.9306,437.5104
359.1407,383.5091,377.9519,379.5153,379.3235,377.9805
361.5575,352.6009,353.8474,351.2861,356.8354,351.9791
372.2687,395.9868,394.3558,392.5152,389.7566,393.9041
350.8551,360.2705,357.8295,354.3994,366.2776,353.8340
399.6580,398.4255,399.1995,392.3650,394.1820,390.5958
322.1763,321.6962,321.6343,324.7010,320.2265,324.1297
393.9518,386.2979,398.5672,392.3979,403.5796,399.4700
346.6352,345.0034,347.9460,348.9206,350.8122,348.2840
368.9288,361.7630,368.6504,363.8169,366.8928,372.0288
363.7607,380.3134,371.0662,370.2281,382.9620,374.5062
338.6794,329.7469,328.4856,332.3780,331.1990,335.6711
375.5712,392.2693,384.6271,389.2909,400.0764,396.6776
369.3559,358.0385,356.3024,355.6644,358.0905,360.1031
338.0971,344.3887,339.8079,338.2648,340.1329,335.7114
348.2012,344.8869,340.5635,338.4774,343.8758,338.6030
424.1903,409.7247,406.9296,410.2515,405.6786,405.9750
376.8390,404.0959,398.8085,395.4956,397.8809,398.4031
399.9856,393.8788,380.5753,389.5832,399.9657,392.8147
363.2286,346.1828,349.7054,345.0473,345.6615,347.5887
341.8489,331.5324,322.2617,328.8057,335.0739,328.9396
347.0988,368.2222,361.5558,366.3202,365.3901,366.1523
428.4992,408.9899,405.1754,400.1589,409.3769,401.2405
442.4280,423.0205,418.4012,423.8684,425.7866,422.1237
390.9590,363.3756,357.5449,358.1088,358.1197,362.0743
378.6525,389.0390,380.4203,389.8548,389.9726,379.0358
370.4661,363.3805,357.2548,362.0490,356.1921,360.4460
340.7944,346.8019,337.2398,343.9027,342.4199,339.5078
383.3762,372.5345,372.7099,388.6385,376.5472,388.9420
334.9752,360.5672,356.4669,352.1773,361.9558,355.0840
361.9135,386.8054,382.2773,385.9632,381.0397,369.1465
392.5949,379.9790,374.9793,370.9597,379.1230,378.4287
341.8390,372.3287,355.4231,356.9807,368.6193,359.2907
392.2327,395.4135,388.8189,399.1405,393.9751,393.6012
359.3600,378.2129,370.5756,364.3166,370.1497,366.1070
399.7080,394.9932,396.1246,398.4146,393.8649,392.4380
399.2041,392.2452,396.6123,382.2845,391.5305,390.5082
350.7068,356.0578,350.4166,347.9984,349.2015,352.6531
415.8977,415.4550,418.1717,411.8236,420.0728,409.4757
376.1487,391.8590,382.5120,381.0247,388.6283,381.9706
382.1525,361.9611,352.9384,358.3695,359.2512,358.0363
409.3721,368.3387,375.3101,380.2704,377.3811,381.7523
361.2283,367.8575,368.6616,367.7957,375.3924,362.1889
417.9668,411.9637,403.7962,415.4174,411.0918,412.3545
394.9504,399.3178,392.5170,397.4967,400.3567,397.1498
395.6225,393.1209,397.0151,399.8208,394.3744,395.1645
369.0938,348.5756,349.9263,342.2977,350.1447,353.9016
331.3340,364.9526,354.1009,360.5406,351.9777,353.2434
364.0959,357.2426,371.2825,368.1403,363.1904,374.1516
333.7089,345.4524,351.3559,352.6473,353.2081,356.5080
370.5301,378.0424,359.5549,359.7082,379.4663,370.3442
392.0918,406.7054,407.3150,414.2857,410.1615,399.7672
313.0561,346.7820,339.4344,340.4013,359.9673,344.4527
356.1170,360.0360,345.3806,353.5859,344.4074,346.6817
394.5428,389.5380,385.2459,382.6631,379.9763,392.8199
388.8035,372.9164,366.9189,365.4052,367.5775,371.7733
362.9695,368.2826,370.4630,376.2854,367.5404,368.7953
337.6411,358.4566,367.4056,367.1060,359.9215,358.9096
365.1862,366.3911,364.3620,364.8868,371.1143,366.4446
408.9071,404.3037,409.3169,397.8283,407.0634,403.8891
382.1131,365.9772,361.5962,358.4399,367.1235,356.0131
364.4072,357.9879,349.1311,358.2502,377.2086,350.1935
348.0411,353.0585,365.4265,369.9794,351.2333,361.8435
366.7114,371.0875,354.5781,355.6326,371.4930,358.0158
371.6198,375.5365,378.3449,380.9067,371.8821,375.3476
352.6716,351.8057,353.3671,356.6518,353.6301,354.8719
375.6361,391.3084,378.6637,387.1069,392.5132,384.4275
339.2495,335.8024,328.6012,335.4604,329.5087,330.1630
355.8145,345.3242,352.3456,357.3170,356.1779,347.8227
365.3032,373.0243,366.1671,364.5607,365.6723,362.2116
414.3315,405.4194,392.8428,402.4938,397.2329,397.0796
379.2786,348.5322,345.8537,353.1667,345.2174,353.7508
330.8902,320.8900,325.9543,326.3978,327.6270,335.6230
387.6966,386.3464,388.1194,379.3111,397.0407,383.8249
391.2959,391.7548,405.3453,395.6101,407.6694,399.2073
380.8087,372.5954,380.9477,379.9127,372.3642,369.6141
415.7699,403.5100,406.1985,409.2022,398.2603,398.5451
375.8341,392.0293,387.6419,388.5913,394.8361,384.8427
368.1038,383.7845,372.5702,377.4421,395.4195,379.9599
333.5947,345.7348,332.0551,339.8797,347.0874,337.6283
399.3059,367.0284,376.7012,383.2225,369.0730,377.6289
374.0856,376.3960,372.5784,375.5034,364.4615,370.2194
407.4931,384.3394,384.1380,378.3436,386.5537,389.1909
404.1956,381.1745,375.1325,370.1517,371.3083,366.4026
403.6906,403.6533,400.9621,410.3573,400.0800,408.1640
422.8833,416.3517,419.2628,424.3679,420.5531,420.6686
407.0562,402.7461,401.1966,403.5858,407.3072,407.3801
393.6302,385.6201,386.3275,385.0901,380.9430,380.5910
408.8385,402.7855,400.8737,398.4966,403.2050,410.0138
330.3940,333.8648,325.8522,329.0063,337.2997,330.2373
395.8841,400.7265,400.0885,397.5856,399.9308,388.0031
404.8918,403.4703,411.4376,409.5211,415.2635,401.1285
360.0556,387.7542,386.4013,385.2354,384.7965,373.5550
454.8328,469.7072,460.4647,461.5572,475.0528,463.8571
445.8825,450.8256,462.1960,452.2913,461.8445,458.7709
429.4426,411.2204,410.1474,403.1682,405.2476,410.1281
320.4800,330.6902,331.6692,332.2896,336.8722,341.9812
384.3941,393.5904,387.8390,389.1147,383.4987,396.7862
380.0182,365.9956,353.1337,360.8499,363.7569,365.1601
444.1242,406.8226,407.2728,409.5234,414.1155,407.0242
395.6961,412.6975,406.0590,399.5844,415.7819,410.9455
387.7772,384.2489,381.0141,389.4249,387.6443,386.9664
397.4501,369.4559,361.7085,369.7997,368.3850,372.2070
351.7733,331.4127,317.0738,329.5744,326.6531,322.4475
417.3079,404.6863,405.2545,402.8807,406.0383,395.7135
402.5836,389.8978,382.5352,393.9477,399.5424,389.8188
388.0438,383.9468,372.6784,377.5401,385.0880,370.5484
362.2053,351.3566,345.5352,349.5740,346.3629,340.8338
362.3628,364.3222,387.1469,373.3384,364.6308,379.7864
350.0055,340.3485,341.0357,337.2274,341.1832,343.9658
346.0058,341.1008,332.8728,334.9239,342.4688,341.8891
385.1232,392.9165,384.2411,396.4116,389.5484,378.9589
317.4642,307.9825,310.7593,316.1252,313.6771,324.6019
350.6834,355.2972,351.9083,352.4604,359.1018,359.3429
364.4221,372.5659,372.9952,370.5730,369.6512,373.8272
343.8852,360.7561,353.0358,364.3192,357.4956,350.9150
411.8817,401.0995,400.1569,403.5454,399.8747,393.6297
360.9593,376.3474,367.4394,374.3906,381.9190,372.9200
380.1935,395.7874,389.0504,387.5216,384.8420,395.2504
370.4482,400.6903,399.1321,397.8620,399.6229,402.3211
413.3569,412.3209,409.0351,411.5369,409.9546,405.7724
396.8178,402.5347,407.5171,401.9906,401.1209,395.4397
358.4522,361.1636,357.3651,360.0476,357.3633,365.7012
359.0183,373.7300,372.3567,370.0345,372.6901,375.5533
404.0075,398.8587,398.0396,403.3257,397.5347,404.8534
415.9542,403.7495,397.6381,420.2530,402.8913,394.3073
372.0262,390.8056,397.2115,389.0675,398.0727,389.6812
375.9264,376.6461,363.2982,365.7067,370.8019,368.0161
345.8801,336.5541,332.7016,330.1799,331.6743,333.1322
366.0204,359.3992,361.4100,358.5324,364.2624,363.7083
348.7287,373.1730,359.2306,365.7644,371.0158,368.5924
367.2767,357.8748,356.1902,359.0213,350.3487,357.9106
353.2359,353.6711,344.9260,352.9290,347.3609,349.7579
348.6875,350.1291,351.0109,364.7017,359.2824,359.8961
383.2333,365.6522,363.3267,356.2061,354.7581,362.7016
392.0255,385.7408,387.8355,374.2677,385.2777,378.5727
464.8315,433.3324,426.6434,432.5949,436.1477,431.8504
338.0895,349.1833,351.1420,346.1623,346.2640,352.7439
361.2665,359.4368,361.9000,363.5472,359.0656,350.8224
388.2661,398.1019,404.2643,405.0175,411.9766,393.5061
391.6921,391.1541,388.1545,381.3780,395.3183,388.0925
348.7061,362.7258,354.4414,361.3488,356.8033,354.1415
422.9252,410.7943,404.5819,408.1306,404.0081,404.0443
407.4822,416.4733,424.2777,406.9396,421.1349,406.7828
369.5254,371.9275,363.4897,364.9547,375.9071,359.5683
405.2362,388.1065,401.1048,394.1335,395.7324,392.1575
412.3038,414.4735,411.8164,415.5415,417.8542,407.9608
401.2952,413.7727,399.9019,410.0305,409.8704,403.9142
381.8391,374.1377,374.2166,374.2454,379.1937,377.0784
364.5512,367.9719,370.7216,362.7771,370.3893,364.3728
296.6503,306.4798,306.1369,309.1762,312.4802,310.4805
382.1555,373.1853,369.6905,372.6393,371.8522,374.1293
397.6809,373.1606,385.0786,380.7707,380.4283,379.4828
332.5664,333.3345,332.3194,342.6241,334.0833,338.9873
399.7493,352.6317,357.5362,364.0874,355.1906,366.4747
398.6381,391.9554,386.1605,384.6629,380.0811,375.9678
403.7752,391.1639,393.6331,400.3151,388.5667,385.5802
374.0317,401.1113,386.3513,394.5785,396.1463,388.3281
367.6874,347.8944,337.8826,348.1710,340.9851,346.8620
404.2295,409.5945,411.6857,406.3279,403.8216,408.0718
392.7091,367.9181,364.3712,369.3893,375.8437,374.0822
364.4344,370.2807,360.9274,361.3333,375.1193,359.6815
390.7545,354.1220,354.1595,351.4220,358.2725,355.4783
460.5247,417.3251,426.7097,410.9922,422.3309,417.9666
307.5269,330.9513,319.9116,335.4736,328.0687,329.4926
355.1172,370.8650,367.5795,369.8183,366.9930,371.0034
373.3210,382.6964,376.1595,380.6996,375.9235,381.6060
348.9029,382.9098,390.3132,391.4001,391.5544,380.5757
393.6877,405.6874,418.4441,412.6058,414.0484,406.8860
354.5742,369.0075,362.9848,365.2547,372.5812,366.3786
385.4751,371.8932,365.1282,363.9566,371.9258,368.1269
337.6108,340.2207,325.0715,329.5527,334.4390,334.5465
405.8789,387.9674,391.6971,388.2518,395.0776,384.3434
373.8749,388.9762,383.5671,387.0689,390.9678,391.9517
381.8611,384.9873,371.5270,380.5703,380.8719,375.1268
373.4845,382.9281,386.1948,385.5893,387.1025,385.0626
335.3165,370.6101,359.4386,357.9887,362.5002,363.2558
366.3022,364.7833,367.2909,367.8903,366.8295,376.2014
417.5107,418.7757,432.4869,422.0580,427.6867,419.4434
381.9722,390.4458,397.5983,382.2717,400.9867,387.9554
390.2446,391.5336,387.4365,383.5886,399.9709,391.1826
365.0479,368.8809,374.9036,377.5111,370.6952,357.2666
381.2875,391.6620,401.3589,398.0572,394.0671,382.5984
422.5253,395.1172,391.4639,383.6381,386.1371,388.0421
293.2433,296.5956,297.6341,300.1687,293.6006,306.4829
403.5358,398.0598,409.1911,400.8209,401.5457,414.7028
393.4115,400.2019,394.7224,400.5941,395.1470,386.1260
409.5409,407.7059,391.6025,398.5253,392.3890,401.7178
354.4179,353.9846,351.3329,339.7333,348.3889,349.9551
388.2392,374.7063,373.2945,374.5700,383.0680,377.5841
427.6814,423.6984,431.1995,418.5031,428.8472,415.8235
391.0328,413.5060,404.7603,410.2664,409.7408,413.1291
411.3433,396.7770,385.0283,388.8764,386.6838,387.8790
382.2860,393.9507,393.8893,392.6372,394.5262,391.5778
376.7176,373.9583,360.2878,365.6439,360.9815,363.2578
405.4306,391.3479,403.1598,393.2044,396.5028,383.5507
382.3940,383.0479,385.3459,387.5385,395.9724,383.8190
356.2417,335.8329,332.1323,343.0932,341.0881,339.5244
379.4056,364.0062,371.5950,367.1553,371.1386,372.2203
378.3956,365.3122,364.2473,363.9727,362.8083,362.2829
348.4916,376.3877,376.6169,368.7737,360.2040,364.7318
378.8610,374.9525,378.3320,373.8736,384.3771,380.5343
414.6166,392.4333,391.9922,390.5509,391.0228,387.3152
312.2821,324.3132,311.6061,325.5419,320.7585,323.7641
416.0663,411.4698,417.7351,417.6545,414.0172,408.3788
400.2976,369.3626,360.6649,359.3885,362.6469,357.5980
344.7808,350.4872,346.6423,355.8706,350.5106,357.7860
384.5720,399.9313,396.4204,393.0333,381.4579,394.5550
386.8736,388.7010,383.4907,391.3841,396.8085,395.5938
423.0630,401.8139,393.0817,398.4832,400.0377,397.1263
452.0702,462.1678,457.4813,459.0907,472.7714,456.2558
344.1848,355.5000,339.9413,345.8466,350.0503,343.3866
367.7311,365.6724,366.9077,367.4085,375.5740,375.7242
354.2261,357.2087,351.7924,376.2823,366.4536,360.1998
423.9480,414.5989,416.5039,410.0761,411.1652,404.8902
300.4747,309.5291,301.9550,313.7856,307.3171,317.7475
354.6825,325.2868,327.5286,327.5937,331.4421,326.8140
375.9459,378.4219,372.9703,373.3048,375.9370,376.9716
316.0678,302.3607,304.9051,314.0870,310.9417,313.0751
323.6078,316.3609,304.1140,316.8059,311.6010,310.4887
341.3852,347.6023,333.7540,345.7861,348.0384,343.7492
443.0497,425.4816,420.1781,421.2928,424.1018,408.5996
388.9924,393.8516,390.5852,387.3657,378.4580,386.6425
336.4189,333.1930,325.9263,324.7854,327.4578,330.5477
344.0917,328.9774,320.7769,333.0470,331.4184,325.7722
328.2657,325.5858,321.3238,327.5676,325.4097,324.8661
368.8277,386.4020,381.1784,383.2528,382.5610,375.7350
346.1715,356.3141,344.9508,359.4815,356.7379,350.9676
350.1971,351.6770,346.8261,344.9277,355.9183,357.9203
338.2911,348.4941,330.9237,336.3391,339.7392,339.6850
346.5342,335.4900,339.1295,347.1581,337.6131,338.5675
395.7013,380.5569,385.6477,380.1429,382.9131,388.0337
356.0429,380.2996,367.3453,369.8073,379.9276,367.1376
358.5336,367.1124,362.9079,369.1198,370.3982,361.8146
349.6022,336.1580,338.4363,345.4876,336.1630,340.9726
386.6095,390.0982,384.8079,389.6375,392.9656,386.5616
393.6702,372.4523,367.0114,367.2995,371.5455,367.4562
355.6940,374.8139,362.6931,371.4158,372.4274,372.1414
363.8671,382.2188,380.8922,371.2374,393.5996,385.3872
348.5328,339.5024,350.6436,354.9984,340.9616,348.5920
327.2126,311.4287,308.8134,315.6679,318.0850,318.0818
336.8899,339.7900,342.9627,338.3232,334.5476,339.1299
363.4984,371.4986,375.7843,368.6855,379.1416,374.3591
345.2885,367.8559,373.2270,369.8290,371.3079,374.2980
424.8382,398.5836,389.4736,386.5004,396.5813,388.1401
307.4553,308.7532,292.6284,301.8690,312.4899,306.1269
312.4300,318.9158,308.6540,317.1194,318.0999,314.6496
395.7419,407.8223,409.2356,400.2938,406.6976,410.0518
380.1940,376.5434,362.4928,370.4553,373.6766,368.3212
389.9466,368.9699,372.6967,375.1650,382.0887,379.5343
373.7508,390.5670,379.6606,383.4369,379.0922,380.1208
345.0801,342.1653,326.1118,333.5370,327.1680,330.0588
327.9590,345.0679,334.7608,334.7563,334.7442,333.6931
330.2850,323.9785,317.4985,312.1341,327.8360,319.8146
422.7913,403.7514,390.8648,394.5942,401.5866,399.6105
350.0594,342.9874,343.9230,337.6472,346.2878,343.3832
379.2593,371.2934,364.4166,367.0823,380.2628,370.3878
335.2869,351.2461,354.8746,353.0748,345.0676,348.4932
352.8227,379.0883,367.2367,383.3429,371.8215,369.8151
394.0377,375.8071,378.0605,377.6667,388.1401,382.3429
388.0896,367.1952,363.2151,357.5499,369.8536,368.1068
330.6471,349.2609,343.1239,340.3880,342.8810,348.4798
336.5494,351.0764,340.0530,341.8550,345.6713,337.5121
355.7704,379.3318,366.1665,369.0331,374.1222,375.6797
392.9117,381.8131,394.0878,380.2365,386.1975,395.1188
433.6623,430.8655,433.4475,429.4327,429.8447,428.0646
425.9914,417.4174,417.0136,412.4924,411.5886,408.3776
369.1479,369.6321,362.4843,364.1451,364.1211,359.2346
427.5030,399.5366,405.4892,396.5251,398.5560,403.7111
376.9220,382.4727,366.7383,371.9745,361.4540,367.3796
313.7597,329.8467,340.2474,341.8329,333.4382,333.9360
349.0613,345.5757,342.6889,343.2746,348.0935,337.6144
395.5835,394.6094,389.0483,384.5905,386.7461,380.5814
455.5726,424.6418,433.0044,431.0728,431.2487,436.9314
376.4079,367.5029,365.5543,370.1657,369.2386,366.3384
432.2122,419.0377,429.3972,416.9407,421.3910,420.3324
334.6865,342.5612,333.8121,328.6050,332.0044,329.6418
361.8611,364.0235,359.7751,360.8521,357.6121,363.8844
415.8745,390.9830,386.3811,390.7076,388.8562,386.0828
361.8976,367.5971,349.0690,357.3051,363.0756,359.0104
416.9635,431.2751,436.9609,427.7023,437.4960,423.0968
338.0294,332.8680,331.6274,330.0245,332.4692,338.4704
328.9852,338.4367,343.8972,338.9931,342.5357,355.6682
341.5286,339.4659,333.4393,336.4316,332.8000,341.3384
388.3634,376.2953,378.0932,375.2315,381.3878,376.2126
450.0836,434.8461,432.7343,425.4972,432.8115,430.2713
390.8924,391.3554,388.5840,401.5023,390.0247,388.4918
337.6767,336.2820,334.9073,334.6550,329.2126,337.2237
377.8447,393.6412,392.5042,397.6954,404.3117,392.6459
407.8655,359.2202,361.4838,356.9860,363.7378,363.3774
349.9134,358.1261,349.0363,354.2968,363.8587,358.7665
368.1610,364.3063,373.2707,362.6675,362.4821,366.7058
384.7677,411.4427,416.4508,411.5612,413.4162,414.8589
371.6265,363.9922,366.3747,371.8156,375.4339,369.2728
353.2908,377.4619,382.7520,382.6083,367.8586,366.0099
395.0113,379.2143,378.0077,393.9631,386.1298,390.4088
376.9489,380.9460,380.7037,386.0272,383.1809,385.3469
326.2170,333.8005,314.1320,338.3496,330.9334,324.0830
319.9042,335.1715,337.6711,341.1595,334.7928,334.6744
438.3542,393.9174,405.5237,399.4726,403.1247,394.3680
376.1241,365.7049,375.5785,373.2240,377.0954,372.3765
323.5554,323.0454,326.8955,328.9180,326.0302,332.9066
305.2793,306.9686,308.7930,316.8765,311.5922,313.0927
352.2193,327.3372,336.3927,329.5242,330.5397,338.9707
319.5375,331.3476,326.6442,328.8447,322.9752,334.2681
358.8725,333.2803,330.0497,334.2057,334.9239,333.1985
367.5320,374.5713,364.9512,367.3771,368.2688,372.9317
384.6978,368.1484,355.7303,358.2809,362.7030,368.0345
376.6133,360.1159,361.4348,359.1357,363.6716,362.9619
349.9747,339.9185,339.6526,350.2951,340.6194,348.6109
364.5101,356.6279,347.8866,343.9915,351.6969,349.8376
389.7736,388.3996,395.6673,397.6777,395.9550,395.9312
375.1814,351.9774,354.4393,347.7826,356.2843,356.2332
362.0346,367.4562,358.2559,357.8143,362.0280,358.1219
317.2392,331.8282,334.6336,329.7039,335.5750,335.9546
429.6747,443.0828,449.0480,447.5902,452.6394,445.9142
349.3424,358.1504,369.1859,352.6420,360.7249,360.8889
312.7180,307.8843,305.7142,311.1879,312.2491,313.3257
351.2155,347.9043,352.6752,355.3102,349.6351,343.1954
385.6129,384.9687,369.1993,389.3185,385.5222,372.5560
410.7876,404.0435,404.4167,397.3649,421.5614,400.8221
328.1606,346.4739,339.9677,349.4323,347.2045,343.7930
369.9743,351.1398,355.3553,350.0923,348.3976,348.3198
451.2671,411.5454,417.2996,409.0322,416.0737,414.3963
322.2496,310.2768,305.1852,307.3336,312.4155,313.1957
424.5953,425.0745,418.8123,427.6995,426.9522,417.0129
348.6329,353.2867,344.4918,351.9115,358.6948,354.0790
347.2693,347.0213,343.3388,350.7379,355.5224,353.6388
397.6276,385.0032,365.4740,389.0524,379.8504,380.5092
325.8671,360.7758,353.7084,355.1570,353.9673,350.2875
458.4580,442.0570,433.7982,435.1680,438.5273,428.4578
400.7295,371.6698,364.7733,377.6290,365.6066,369.6612
354.1630,375.0255,371.1804,383.4926,376.1571,379.4699
377.9537,390.6231,392.6992,366.2971,390.3130,382.3595
408.1982,396.9290,379.2325,394.5431,392.4317,389.5236
387.4024,381.5242,369.5151,375.6821,383.3947,381.3037
361.7773,352.1977,344.8664,347.4063,347.6375,345.4865
409.1274,374.5648,378.5189,375.2937,377.5805,381.0038
369.8841,381.6158,374.5594,391.8038,383.9887,388.3441
380.3548,386.5183,383.6862,378.7199,394.7002,380.0515
396.7321,400.1328,405.4806,393.0757,413.0646,399.1427
385.8462,368.6409,380.5120,385.2976,380.8582,380.0681
355.9995,387.2066,386.8782,384.7726,384.0831,382.3940
351.6659,327.3145,326.5395,322.1436,333.6772,331.0648
328.7313,349.5836,334.8754,333.0487,338.2488,343.8863
388.6880,403.4051,407.7949,398.3885,407.7239,406.5345
352.1768,362.8789,362.5544,354.8133,355.3244,356.5553
321.4880,329.1006,326.7065,332.7172,330.1320,326.5070
345.3854,350.2989,351.2581,353.0581,350.6508,353.3050
439.9698,436.5585,441.1647,431.5259,444.7424,430.0120
370.3512,390.3150,385.5483,387.4597,391.8437,393.5299
351.3090,366.9152,347.1102,355.0089,350.7430,354.2277
419.2632,397.2587,395.4799,391.9178,395.6757,391.6048
369.6378,354.0381,344.6970,347.9539,356.9678,354.7525
354.0836,360.1976,361.5781,358.8963,360.5985,355.4443
375.2319,372.1095,372.5469,370.2823,368.3127,366.8621
342.1743,339.9947,328.9557,326.9279,337.7948,339.8934
409.8254,409.6583,413.9060,407.8863,411.6602,407.2971
382.1905,398.4736,392.2130,386.7848,388.9218,392.4554
400.1464,379.9025,370.1292,389.3107,373.0439,373.4608
358.7086,347.1096,337.0630,344.4413,341.9709,336.4632
417.5394,413.8992,422.7914,412.0245,410.7212,404.2176
370.6486,368.1897,364.7109,370.5294,374.9824,373.6462
375.1031,387.8823,392.2263,389.4469,387.3715,393.9439
346.5014,361.3084,365.5921,368.1371,367.3589,356.2480
425.9951,429.6390,425.3950,423.5861,427.4518,428.6048
401.4551,395.1860,399.6732,392.8897,394.2442,395.0482
394.4825,391.9581,397.9755,393.3897,397.9832,382.9577
363.9611,359.1452,350.7755,348.4633,351.4904,359.2721
372.1108,369.1537,365.8786,374.6403,379.3447,368.5108
343.0085,354.7253,360.7143,367.5469,358.6724,366.0675
381.3823,380.3878,374.6657,372.3761,382.1285,370.7805
398.5884,387.7612,373.4488,377.8081,377.5343,374.5200
331.1430,357.0085,357.2756,361.1862,364.5244,356.2871
356.6099,379.7392,375.5596,384.9220,379.9493,372.2011
353.5606,392.5291,381.1020,392.0577,379.1503,389.6873
368.5578,384.1053,380.7465,385.4028,388.3510,388.4799
349.3765,348.8725,344.1503,351.7749,337.0402,345.3772
346.6797,340.5277,349.7490,348.1489,346.8312,340.4916
390.0347,403.0469,401.1964,404.7321,405.3021,398.0686
347.9348,372.3422,365.8148,368.8736,364.6043,363.2796
377.0748,356.6618,352.0485,359.3010,360.1219,363.7942
393.0699,410.9951,398.5021,404.6520,404.2010,402.8336
370.6218,366.0746,361.2391,369.0197,360.5133,363.1906
356.2668,354.3095,349.3115,348.6935,358.8549,357.4749
364.0729,368.5221,372.9924,371.8054,368.3115,374.7030
430.5183,429.1755,426.8895,415.0242,419.1051,419.8339
371.6904,370.5967,360.0308,372.2099,359.7610,357.5148
403.9928,398.7853,399.4718,407.8523,415.0792,413.4626
397.9207,400.8770,400.5338,401.9529,407.2223,395.3657
369.5668,372.9597,363.2866,368.4427,368.5416,370.7105
357.6971,374.4220,362.6011,364.3078,369.8357,376.3114
400.7616,405.7681,412.2410,418.3636,407.2870,405.3781
382.5606,409.1469,408.6464,412.0805,414.1659,405.9938
414.1059,400.1183,399.8074,400.3612,399.4913,389.8690
401.0049,382.9764,382.9714,380.4633,384.5893,382.1271
416.0391,405.4557,407.8746,412.6756,401.6411,403.7444
330.0968,299.0467,295.6513,307.7140,294.9637,302.8878
302.6085,283.8224,293.0070,293.8814,292.7690,294.4878
381.7703,366.6057,357.3821,369.7590,372.7126,362.9622
416.9465,397.0958,405.5634,403.3609,405.1048,408.1393
362.7546,351.0251,363.5280,356.9856,360.8641,358.7985
361.5794,364.1319,362.8087,358.4889,376.2973,365.8040
364.7595,355.6798,346.3853,360.0755,352.5156,352.8618
408.5467,395.5372,398.6788,394.0461,391.3190,388.3902
356.1417,366.3509,349.1282,361.8057,358.9884,349.3227
383.2662,391.8622,387.4076,396.7307,399.9566,385.8678
335.5098,344.1733,342.5839,350.1149,350.6866,354.7874
349.4221,309.1075,303.6708,313.0064,304.9728,311.5446
341.0216,353.7255,351.9907,356.4738,351.9345,351.4806
374.3490,369.4861,375.2173,370.0188,379.1293,366.3316
367.8904,358.5367,356.8738,347.2842,348.0005,352.8543
441.8220,458.3132,448.2719,451.7126,457.6597,461.2997
348.0794,371.0089,358.5692,366.9702,366.0473,360.7777
397.6377,393.8392,395.6192,398.1007,400.4299,405.6901
402.1228,389.3602,394.6091,378.4685,397.5012,397.8412
330.3257,330.9546,326.2019,327.0909,325.6750,326.4874
439.0482,430.7297,421.3937,417.9760,423.6840,424.3745
368.6789,354.0084,354.1529,359.7321,365.6926,355.9039
352.1747,368.8446,364.1026,367.1946,365.5556,358.9478
391.0942,392.5265,393.4295,389.7554,390.6949,386.9836
400.8726,385.0132,381.0652,386.2894,388.0028,379.4477
381.4496,369.2294,363.5684,365.0817,368.5317,366.8810
386.0433,365.1664,373.8019,380.2842,371.4371,377.5797
364.8823,365.9283,367.9598,366.0948,367.9907,367.3879
385.1497,369.8003,365.8115,375.0923,366.6185,371.5426
323.5838,322.9948,334.1781,331.2166,323.4308,330.7255
414.4329,387.6724,392.2039,412.7817,394.4941,394.6031
414.6812,395.9937,401.7713,392.9968,401.8398,387.5125
445.5603,412.5789,411.8264,413.6450,417.7547,414.8963
419.3139,403.4926,394.0262,397.4633,407.5817,393.1357
415.5726,412.6527,416.8489,414.8731,417.4369,420.1109
344.6028,353.0768,350.9656,346.7534,350.5579,346.7550
418.8057,404.9551,390.1809,397.4156,390.6795,401.9672
417.3104,405.0648,403.4576,399.1732,410.4746,403.9756
417.0309,416.1289,407.4339,420.6151,420.1813,412.5902
368.6494,343.7857,334.8411,339.4022,343.5543,342.9004
319.4526,332.4495,333.9372,337.9570,341.5001,336.9869
329.3836,370.5351,368.3012,365.2260,355.0526,363.7943
405.3678,387.1949,394.6487,392.9998,388.2923,383.5685
379.3981,382.2625,388.7077,377.8395,390.5632,377.5045
372.1625,372.0526,364.4205,359.3863,379.1670,369.1541
358.5932,363.7536,362.8457,363.6729,356.0220,357.3735
421.5785,396.8798,398.5492,397.6565,398.4179,394.8844
357.1965,384.9763,375.6152,385.4922,387.6752,382.9791
360.9394,373.3977,380.1780,368.8362,377.3015,376.5194
366.9256,363.1548,360.1226,364.4476,364.5702,361.1231
414.5635,416.3855,412.3039,413.7718,419.7569,413.5403
330.3536,337.0716,337.3089,341.3860,337.2867,342.4239
358.3448,350.5734,355.6504,365.2701,353.8679,356.6296
425.5809,407.5074,402.1700,394.8434,413.3813,395.1407
336.1066,348.9460,356.4193,357.8701,348.9426,344.5468
389.5320,433.3987,426.1117,429.0889,429.6513,424.8249
374.7240,377.5420,371.6822,378.5543,379.4279,371.9981
410.8164,389.6874,389.5397,387.6525,387.7522,385.5182
415.3490,420.7664,426.5962,425.9358,437.4764,423.4502
362.1718,364.1885,358.0764,365.4355,359.1418,357.9512
419.8855,412.5743,418.1489,411.6341,417.4024,413.9046
327.4847,345.9999,334.5580,342.9438,342.1156,344.4280
395.5327,396.9304,396.3034,402.9396,393.6680,390.1158
366.3296,370.6690,356.1689,370.5333,368.6115,364.7306
422.7920,426.4534,422.9609,421.1207,429.6105,422.6877
418.8101,421.0635,431.1071,428.2551,427.9809,424.8209
342.8511,351.3046,350.5483,350.9141,350.3306,347.8590
326.6705,326.2516,326.9011,323.0023,332.7984,327.7623
407.2908,416.5735,420.3833,413.7283,419.5888,415.4170
370.2731,370.7614,367.5135,365.8822,378.2203,369.1501
364.2463,378.7592,372.7540,378.5088,382.9137,374.9329
377.0737,372.0690,380.9485,384.4076,376.6989,381.8818
407.1403,383.8153,396.3037,395.2587,383.7791,388.0694
373.8257,381.3748,377.8904,375.7835,386.0925,384.7930
318.2760,318.5510,314.0501,315.8749,321.2607,321.0726
388.6344,391.0274,401.2107,403.3743,391.3940,389.7422
392.7634,386.2474,388.2884,382.6453,386.6737,381.6801
356.8327,377.3304,371.1012,374.2614,381.1095,369.9754
405.2113,389.5609,401.1916,401.8431,399.4608,397.4782
442.9603,435.7281,434.3538,433.6991,443.2463,444.1592
401.3277,399.3682,413.5447,407.2727,400.2561,396.0131
368.5741,372.6936,360.0371,370.9851,365.3242,358.0367
311.2651,306.4684,297.4516,304.7238,304.1319,311.4055
376.2561,383.9012,390.0883,384.7986,388.4398,388.4391
288.4106,298.3657,298.1427,303.1460,295.9883,312.4287
342.4107,382.6000,381.9963,396.6443,382.2097,381.3433
416.5739,403.7925,407.5297,405.7838,400.4825,394.1596
453.2805,402.6128,416.1112,406.6349,404.4300,401.6983
393.7869,408.8394,414.5714,406.1425,399.4689,400.0757
359.9006,349.1180,351.6424,355.2965,351.2958,354.6438
330.9772,349.9478,348.4588,356.2507,352.3112,348.2721
384.8565,368.7336,371.7338,378.4145,366.6041,366.0884
410.9410,378.1308,384.7886,408.6171,393.1271,408.6959
363.2453,348.8847,348.8957,345.6907,355.5117,345.2167
331.3905,330.6671,327.3585,329.1257,333.9024,336.1790
427.9904,401.3345,410.2296,404.2717,406.6828,403.7045
334.3889,342.2007,335.7390,340.4758,342.4633,344.7338
415.0464,398.2515,400.9704,394.9314,380.5576,397.3316
467.0007,415.4552,425.0756,419.4410,420.2301,409.8526
382.1695,366.1125,364.1569,370.6149,370.6303,370.8515
383.5483,391.2783,387.6735,387.2339,394.1185,392.0822
354.6595,339.5306,335.0969,339.8546,340.7708,344.8487
382.0247,407.7925,407.5079,406.1768,416.7498,411.4729
341.7607,328.7534,324.8159,331.0626,329.2643,334.5208
353.4161,357.9830,351.0690,353.1799,358.8578,356.0614
340.9685,322.3424,329.2425,321.5611,321.7888,332.2444
402.9082,406.4368,402.5528,403.9353,400.2008,396.3597
396.2703,410.7632,410.0712,407.8577,410.5485,406.6492
413.2312,405.0871,419.6179,415.0351,419.2064,417.8025
