true,pred1,pred2,pred3,pred4,pred5
365.8869,395.1758,396.3017,396.3057,395.5939,396.9777
304.9546,312.2136,312.5237,312.6039,314.5478,313.6128
361.4368,378.0828,379.9067,380.3872,379.9404,381.1887
360.1403,369.6090,366.7455,368.0478,366.4668,366.4513
334.8007,353.2006,351.3200,352.6757,351.6884,352.5804
440.2627,412.8819,413.7414,409.3081,412.6896,413.1393
328.3493,335.6547,335.6388,336.3792,333.3638,335.4546
366.2561,364.6342,364.4268,364.0950,364.7902,363.0725
357.4685,387.7194,388.6109,388.6600,387.8462,388.0369
353.0170,348.5932,351.4361,350.7643,351.7910,352.0979
381.8796,373.4872,372.6758,372.9423,373.2103,372.6663
359.5296,355.9489,353.9137,353.2076,351.8154,353.6152
355.4878,354.9278,356.0372,357.4549,356.0797,354.6975
374.8454,354.0398,354.4640,353.8950,354.3610,356.5222
365.0687,377.2707,376.0842,377.1350,374.9788,377.3480
363.4244,355.4720,355.6734,355.6852,354.7830,354.4109
347.2417,327.9097,326.4351,328.9676,326.9981,327.4193
355.1904,368.0670,367.6213,367.1929,367.9255,367.9057
368.0445,360.3396,359.6625,359.4736,358.6435,360.6479
375.3332,390.8754,393.4482,392.5865,391.4058,392.1598
396.7330,388.8403,390.1216,390.1120,388.3832,391.3397
363.8777,341.9166,343.9187,342.3247,341.1086,345.9188
374.4044,386.5258,386.9255,387.2829,385.8486,387.0833
389.3313,389.3856,389.5717,390.2124,388.5511,387.6544
349.9657,375.4060,374.9394,376.8053,373.3146,375.5486
424.3187,411.3172,409.1661,410.7541,410.4586,410.0708
315.8220,350.7897,349.3198,350.2550,348.0397,348.9830
412.7356,392.4058,393.7797,391.4883,392.4918,391.9888
388.4928,361.1875,361.8521,363.0028,362.5432,361.9816
352.4738,373.3306,373.8340,372.8859,373.5349,372.0375
413.2829,378.5150,380.0541,380.5032,379.4221,382.4867
397.2378,360.0360,360.4379,362.3894,360.1925,361.3634
400.5688,403.2781,404.1321,404.7632,402.5954,403.0208
355.3838,360.2571,362.7100,362.7795,361.7750,362.6614
405.8914,405.4760,406.3948,405.1985,405.9641,403.6904
403.2814,374.6154,375.7469,376.1425,374.4134,375.4374
399.4342,400.6264,402.0318,400.9242,402.3127,401.0462
387.8970,384.4434,384.6220,385.0044,387.2792,384.8434
390.1959,391.2715,392.6488,390.6262,392.0993,393.4879
361.7298,373.8377,373.2839,374.6948,374.9697,374.6436
343.0489,343.5601,347.7756,344.8170,344.1264,346.3263
353.5444,353.1395,355.9452,355.3392,353.6096,353.4202
320.6480,318.8781,317.9825,320.7475,320.1616,319.9503
420.4463,420.4239,420.6559,420.3458,419.4405,419.7082
399.9127,408.1612,408.1948,408.1422,408.3091,408.2987
398.1201,369.8856,369.9237,367.7515,368.3408,371.7469
377.7695,395.5740,396.0408,396.5529,395.6340,396.3968
375.2797,362.4176,362.7812,364.6861,364.4946,365.8127
385.9886,370.1264,368.0625,369.1813,368.4136,370.2622
395.2118,397.7969,397.6863,396.6315,397.0248,393.7709
362.2159,373.2758,371.8781,371.1453,372.5094,371.7499
378.6614,406.0843,405.0694,406.4388,404.8574,404.2274
403.7501,398.2679,400.6744,400.0996,400.7005,399.3310
374.8107,374.6855,374.8417,376.9097,375.2546,376.4707
346.5289,354.8755,352.1488,354.4467,351.3520,354.4090
382.5116,386.6231,385.7233,385.4174,385.5313,385.4241
464.9492,393.8433,395.9613,396.1933,395.9301,394.8225
366.4073,371.0324,372.7843,372.4193,371.9080,371.0780
347.0274,347.9192,348.2946,349.0815,350.3210,349.0226
303.9433,329.7202,332.3251,332.9193,331.0298,331.7955
304.1231,326.9573,327.2180,329.3219,327.6015,327.0937
355.8657,352.1115,353.9908,353.4571,351.9158,353.4940
380.3600,373.3792,373.5541,373.3875,373.2505,373.3462
385.2401,378.4108,380.0726,378.4074,379.0125,379.4844
345.8794,365.5143,366.5584,365.6043,367.6935,366.4596
389.3929,368.3183,368.1341,367.3078,367.6072,367.8644
367.4385,382.4630,383.0163,384.3064,385.2853,382.6695
348.1308,352.4392,350.9950,353.6639,350.9677,353.2511
457.0824,446.9986,447.1440,446.6791,446.7581,447.1956
384.0455,392.3689,392.2422,391.3347,392.3807,391.5160
376.7895,367.1026,368.0592,364.9317,366.2495,366.5993
429.2498,418.4437,418.2572,416.3969,418.8570,418.1676
424.9001,407.0527,411.3121,410.7403,409.2990,408.1213
361.0049,347.9646,348.2588,348.3807,346.7837,347.5843
349.5228,349.9662,349.0565,350.3081,350.0356,349.1139
354.5451,361.7008,359.8399,360.8433,361.0539,361.6049
407.0773,419.3188,422.7176,423.2094,425.9474,418.9873
412.2755,386.7347,386.0391,384.9627,385.0682,384.9448
318.1252,312.1960,312.3127,314.2591,314.1479,314.0694
401.4236,383.1003,383.7273,383.1086,384.3179,384.6944
375.6948,377.6753,377.3089,377.9232,376.3061,377.8309
361.4283,375.9699,374.9309,375.5894,374.2135,374.4268
378.8628,403.1555,400.7060,403.3509,404.9904,405.5895
328.7551,333.2348,332.4199,332.4822,331.3383,331.6940
370.7069,360.0362,360.1610,361.6090,361.4701,362.2152
369.0240,357.3888,356.6650,356.5602,356.0843,355.3205
418.0223,402.8779,401.5565,401.7790,400.8652,400.6929
364.7038,350.0934,349.5038,350.3645,350.6773,351.0746
284.6487,283.9972,282.7011,282.7739,283.8406,282.7010
373.2122,363.9000,364.8273,365.8984,365.1379,366.2435
372.8172,382.8795,382.9908,384.4667,382.6747,383.2240
339.0893,331.1623,331.5428,331.1316,329.9861,331.6575
314.0930,327.4876,328.7237,324.7850,326.6756,328.1444
404.0524,403.3410,396.9867,403.3957,401.6886,402.1990
391.8366,380.3763,380.7393,380.4129,378.6766,379.2834
434.2352,429.0649,428.4542,430.2198,429.7152,429.0239
402.6675,395.7510,396.7705,397.9765,396.3424,395.7928
323.7092,308.4406,309.9185,310.4352,308.7749,310.2113
341.4188,365.2680,364.7890,365.0216,364.6548,365.3277
359.5291,337.6916,332.8803,341.9188,338.4945,334.6836
405.2156,414.4908,413.5407,412.4633,410.8792,410.3278
349.4491,344.9761,346.0408,345.5782,346.1113,345.1926
357.5126,344.9187,345.5778,345.6235,347.1732,347.0185
357.9363,351.9853,350.6856,351.6955,350.7471,349.3429
358.2825,365.9140,367.0295,366.9544,365.7843,366.4057
425.6635,425.0176,423.4198,421.9421,424.0977,424.2950
357.8849,346.0865,346.3781,347.1698,346.4344,345.5453
346.5661,349.5000,352.1965,351.8889,349.9407,352.3107
378.7821,361.5511,358.4103,358.4957,360.9103,360.2955
345.3776,362.7368,364.3175,363.1473,362.1532,363.1979
361.6039,354.1594,355.9313,354.9925,357.5417,356.4700
422.5579,403.8109,404.6644,403.7976,403.1311,404.4373
353.3279,365.3007,369.1635,365.3731,366.1868,367.1223
360.8554,351.3703,354.1721,354.3420,353.9848,354.7739
364.3870,368.9897,365.8914,365.1085,366.9825,364.8005
320.5901,316.8549,315.7396,316.6390,316.2909,317.4431
348.6086,379.4296,380.1509,378.8747,376.8226,378.7134
355.3059,357.2095,355.7576,355.7269,357.3011,353.4378
335.0648,308.2573,307.1417,306.9698,308.5773,308.1575
347.3893,364.8016,364.6945,363.4055,363.9200,362.0273
403.8575,416.7157,417.6161,419.3752,419.0291,419.5613
362.5101,363.2094,363.5320,365.5633,363.6853,364.5125
355.4041,350.4017,349.5315,350.0299,349.7908,348.1644
382.7211,374.9867,375.7991,377.6118,376.5401,376.6523
359.3783,378.9267,378.5137,379.0086,378.6264,379.5308
325.5642,336.3914,335.6314,336.3297,336.6381,335.7292
365.5638,369.0641,366.8855,368.2868,367.2487,369.2970
337.3747,354.4133,353.5083,351.6568,354.3215,349.8628
322.8951,350.8910,350.3798,350.2158,348.6500,348.3639
371.9296,365.2218,364.1464,364.2590,362.8739,363.6404
425.3818,409.5382,410.4940,410.2343,411.9449,410.9493
413.1340,400.2828,397.8567,397.2059,399.5594,399.1152
357.1761,348.3208,344.9400,346.1864,344.7856,344.8903
384.8420,397.8083,393.1320,396.1736,396.1313,396.2981
352.1765,367.5039,368.0801,367.4228,368.3559,368.0124
415.8567,410.8366,413.5425,412.2549,414.0560,412.2684
378.3047,358.9362,362.0987,361.2418,360.0007,359.5097
359.0278,373.7083,374.2439,375.8355,376.0904,376.1688
392.6890,390.4484,390.9987,390.9836,390.5686,390.7775
366.2897,392.6521,389.7687,392.4740,392.7999,391.0990
451.0723,440.9443,443.2669,442.8731,442.0868,441.4669
333.9749,336.1839,335.6659,336.1368,335.6065,336.3589
378.9802,375.3540,375.1123,373.0584,374.4614,375.3954
387.2476,394.6312,393.7490,393.7510,393.8429,393.7581
329.6472,344.4423,343.7150,344.9417,344.4634,346.1214
412.7570,389.6146,394.9396,391.8078,391.0578,393.1540
338.5426,363.0173,363.3961,363.6032,363.8233,365.4524
327.1659,344.6945,343.5783,344.6503,345.4535,344.3698
361.4134,360.2109,360.5643,360.2635,358.3567,359.9970
417.2831,393.4828,396.3622,393.9936,392.7565,395.7514
326.7397,323.5431,324.0699,324.6294,323.9764,323.4430
381.3500,391.3007,390.9254,389.2795,388.9008,387.7846
349.1378,373.3983,373.5989,373.9750,372.8679,372.6818
374.8020,349.9677,350.1463,352.3865,352.4522,348.9163
364.7476,361.3225,364.2846,363.2945,364.2117,365.9071
400.5425,388.8940,388.8430,390.3044,387.6092,388.8887
362.3399,362.8730,363.0185,361.4202,361.9906,359.5863
307.7736,316.6492,313.9593,312.6745,313.6664,315.0904
345.3514,341.4607,344.1262,342.4054,341.9016,344.0142
384.9469,370.0968,370.2256,369.3480,369.9677,369.4944
372.9104,374.9171,372.3588,372.3265,372.7827,372.9623
424.8430,421.0986,423.4798,423.9714,422.2263,420.6952
358.9048,401.3420,401.4492,400.6575,399.4851,401.0553
382.0342,375.3737,374.7899,376.0822,376.2868,374.2197
410.2156,387.6857,384.6073,383.4061,385.8033,383.7844
389.8250,379.7567,381.1027,380.3733,379.7513,379.5623
384.4678,395.4850,395.1780,395.3992,397.3401,394.5956
370.4893,376.7170,375.3641,376.9359,375.2497,377.2241
329.3868,370.6895,370.2123,372.0617,371.6586,371.6724
338.8836,358.1154,363.4715,361.2483,361.9506,360.1223
354.6228,372.5061,370.7861,370.8055,371.4163,370.7901
381.6585,368.8764,367.5433,369.5595,366.5190,367.9910
364.0704,356.7620,353.3469,355.3073,353.0994,352.0811
385.9146,386.4454,385.8894,384.5717,386.1192,384.9501
362.5056,360.0987,358.1258,358.4739,359.6625,359.7978
362.0886,361.5156,361.2936,362.2506,361.8807,361.5519
301.5669,324.6952,324.4765,325.1009,324.4394,325.2226
343.9311,344.2337,342.7127,343.3019,343.7117,344.1342
409.2632,400.1962,399.0520,398.5767,397.4709,398.6329
387.1096,382.6396,383.4157,384.1541,382.0436,385.0075
364.4320,343.3164,339.0948,342.4297,341.4649,340.0407
390.9021,378.2810,378.1526,378.3743,377.2668,377.7616
375.1960,355.5470,357.6868,358.4786,356.0396,358.8043
366.4759,379.8279,381.4489,380.9901,378.6758,380.3720
391.8535,394.1646,393.9288,392.5571,393.8419,392.9216
375.4025,376.2338,377.6851,377.0045,376.2908,377.2453
365.5553,371.9698,371.2038,374.2842,373.6441,370.2013
345.9357,328.0150,327.9462,328.2912,328.4205,329.3073
364.8823,378.0227,379.9188,379.8185,381.4536,379.1644
394.2209,424.0287,423.7919,425.7363,423.6862,424.4548
339.9549,367.7955,371.1421,369.4313,370.6800,370.7473
356.8762,353.7597,354.4357,352.5265,354.9216,353.9550
352.6619,367.1828,369.1266,368.7358,367.0476,368.1113
403.8356,378.1287,378.0074,379.4986,379.5944,377.5359
371.2714,374.2999,373.5525,372.8987,373.1868,371.6513
324.2331,347.0634,349.3593,348.3243,349.1600,349.7459
371.5664,379.3492,377.6166,378.2372,376.6557,375.0828
375.8040,386.8622,385.7544,387.1141,386.7159,386.9160
419.2188,411.1675,410.5758,414.7024,413.6681,412.4941
399.7086,382.2097,384.2286,383.6431,382.1922,382.2689
336.1636,343.1992,344.2084,344.4533,344.7888,344.6436
351.8301,336.8179,332.8272,335.0336,333.8677,334.2983
345.3129,356.4373,356.8285,357.6794,355.8847,358.0784
370.4522,382.1591,380.1639,381.1483,380.6832,381.0682
326.2016,347.2187,345.2371,345.1607,345.6355,346.2957
373.1503,401.8293,401.4888,403.9054,403.4635,401.8721
336.6978,360.2375,360.1121,359.3776,360.8914,361.7703
383.9481,362.9131,361.3351,363.0064,363.6216,364.3567
425.9159,405.0762,407.9544,406.9996,409.8740,407.0999
374.6071,401.4245,402.7836,402.0607,403.8401,402.7698
363.4223,372.8583,374.3169,372.4718,374.2983,372.0776
387.9665,414.1258,414.4669,414.4492,415.1548,416.5081
317.7579,325.8673,328.1664,328.0582,326.4889,325.7969
413.7970,416.8626,415.8334,414.2464,414.7002,412.8239
377.1683,358.5214,357.8119,359.3887,358.2929,359.7121
429.6471,396.5849,396.5957,398.2663,398.6007,396.6966
338.3951,357.5194,356.3475,356.7421,356.0363,355.6035
402.9571,385.6419,385.3313,383.7656,385.9234,384.5007
389.5283,382.3456,381.1128,380.8785,381.8126,381.0917
385.0651,366.5526,369.0020,368.7310,367.2739,366.6689
415.4007,442.2016,439.5436,439.3183,441.2500,441.3860
384.9950,381.9125,379.8094,381.1549,380.6067,381.6636
393.7680,392.6778,394.3725,393.8812,394.8210,394.5538
390.9168,392.7485,392.8793,393.9045,394.3650,394.6680
408.2911,367.2334,366.1501,366.2019,366.7010,366.7110
373.1846,376.9497,376.1397,376.7095,377.8838,377.8576
365.3988,359.9171,359.8503,357.8532,359.5969,359.9814
382.4508,400.8955,399.4498,399.1612,400.7376,399.9638
403.7451,388.4998,387.3878,386.6246,388.4043,387.5418
344.8750,342.2130,341.6699,342.2194,342.1869,341.7112
349.1747,367.9505,366.9050,367.6645,367.1906,366.8485
404.9376,385.5046,390.6656,387.0568,389.1483,385.7955
414.5835,392.7130,393.4378,392.9410,392.3038,391.2625
418.0542,407.4346,409.0385,411.7231,409.5592,407.5116
365.7415,374.0359,374.8560,375.7974,374.8864,374.9095
369.0511,376.7054,377.8402,375.7657,376.8156,376.4012
334.7041,339.7806,337.5402,339.1841,337.7477,338.9119
399.1427,393.4993,389.9418,390.2491,391.5848,389.1304
407.6526,428.6432,427.1894,426.4785,431.7583,428.4827
387.5333,391.5779,391.8850,394.0540,392.7245,391.2200
379.1042,371.9836,372.0911,373.5497,369.9262,373.9084
427.7039,401.0801,399.0694,399.9565,397.3368,398.5248
321.4124,315.4364,317.9363,314.6046,313.6013,316.4781
424.5541,415.2884,415.8123,416.8424,419.2860,420.6897
323.7962,350.9245,350.2733,349.9472,350.0648,350.7488
361.3990,358.5991,359.7201,360.7440,359.6749,359.3493
354.2566,346.6529,347.4265,347.4227,349.1837,348.2787
406.3896,418.6109,415.2355,418.5081,417.2017,417.7772
333.7121,350.6315,347.8311,349.9149,349.0967,348.7834
400.6855,412.6218,410.8338,413.4541,414.1351,410.7885
393.6313,393.9992,394.7862,394.5636,392.6614,395.4347
412.1054,402.7203,403.0956,404.7428,405.3600,403.0453
396.1976,368.7956,369.3230,369.0456,370.0582,368.9932
382.6242,398.2935,398.3439,399.3964,399.4820,400.3516
408.0822,385.7052,385.9155,387.2449,386.0088,384.3100
368.7559,360.9206,361.7127,360.6786,361.2985,360.7131
350.8588,360.6698,360.8749,360.6976,361.1544,361.6331
404.0605,367.0467,366.6437,367.3101,368.5709,369.6356
396.0917,382.6253,386.6209,385.1310,384.6110,380.5592
343.2159,359.5663,359.6291,361.3057,359.8446,361.5877
351.0901,376.4377,376.5291,377.3132,378.0765,375.1157
305.0436,307.2984,310.3018,308.2167,309.5618,309.8957
384.0977,365.5278,364.4506,361.8168,365.0068,365.9534
365.4428,345.7089,344.4872,344.3365,343.1143,342.8949
411.8357,408.8719,409.7797,408.7805,409.4676,408.0237
370.9799,333.8687,335.3756,334.5003,333.2129,335.1560
367.6002,384.0282,383.2200,384.4148,383.5796,383.5759
388.7115,368.2946,369.0948,371.6839,369.7622,369.1393
373.7783,381.2460,380.3166,381.9427,381.5113,382.8257
380.0109,392.3420,391.1460,392.3212,390.8074,390.2859
376.0379,365.8577,368.0097,369.0314,368.9470,369.0151
351.9006,348.4847,349.4381,347.9177,348.2637,348.3199
405.3966,408.9446,409.6923,408.6151,411.3782,411.3654
397.5981,398.4735,398.2386,399.3246,398.7539,398.0353
452.3468,415.6489,415.9330,415.9911,415.7898,415.0117
368.8198,373.6909,372.4576,372.7731,372.4562,372.5754
423.6574,401.8190,403.0617,401.0587,403.0010,402.8433
390.8492,388.1508,386.5737,387.2232,388.1070,385.9730
341.9593,331.4860,329.7828,329.3726,330.1494,329.8297
399.1775,385.3442,385.8638,388.1651,389.3042,387.8021
370.8759,337.1857,338.1020,339.9827,339.2060,339.2096
406.5178,403.6508,402.1745,402.0713,402.2096,400.7076
384.6660,356.8556,362.6167,357.8383,356.8374,362.4061
341.9203,352.7659,352.6812,350.0949,352.9571,352.0381
376.8961,380.3948,380.7004,382.3014,379.8718,380.6861
386.4172,376.1527,378.6402,376.6349,376.3765,375.1018
382.6672,385.2707,387.1759,386.1539,386.2041,385.3592
444.0641,403.6516,403.6793,405.4956,403.7840,405.1371
385.9106,385.0745,383.7322,385.7673,383.9133,387.0892
389.6926,386.4690,386.0559,386.5940,385.7110,387.8565
406.8261,388.3050,389.4118,388.4848,386.0787,387.9876
348.2347,389.3068,392.0656,389.4615,389.0193,389.6622
344.9959,323.4242,325.1493,325.6772,323.7697,324.5808
335.9935,346.7766,349.0185,349.2264,348.8369,349.1254
417.0582,389.2337,390.7744,390.0084,390.4248,390.7686
439.2402,423.0020,420.2923,422.7843,420.9592,420.4069
409.5665,400.5960,397.4110,400.5434,399.9063,402.9649
375.6293,367.6402,365.3386,367.2242,366.1674,366.2310
415.0702,385.5971,384.6625,386.3009,385.6568,384.9097
362.7017,404.7810,406.0640,405.4381,405.5972,406.1843
347.5249,350.9784,351.5736,351.9159,349.9142,348.2750
366.8278,352.6710,354.0922,354.0139,354.6051,353.4539
445.5325,417.7894,417.4231,417.9847,418.0453,418.8742
404.7265,385.2527,384.3498,385.8805,384.9694,383.2290
382.7591,394.5938,394.5891,396.7024,397.0105,396.1715
358.2732,350.6884,350.4531,350.9571,350.9686,351.4333
364.2971,354.1158,353.6041,356.6104,352.0948,356.1721
367.0015,386.6042,384.8067,385.0958,384.4302,383.7738
351.6888,354.6567,353.8126,354.4931,353.0533,355.2099
372.9944,360.0129,359.1290,358.5422,359.6794,358.0739
346.0661,352.0883,349.0148,348.7272,349.6061,349.3307
406.8812,409.9910,409.8944,408.4706,407.4171,407.3887
409.0624,397.1537,397.1694,398.2503,398.4673,397.5021
362.6234,350.0034,349.7789,351.5505,350.9200,350.3020
420.9360,413.3723,414.1721,415.0863,411.0370,412.9489
346.0428,359.4517,355.3570,356.0115,356.4884,356.3139
346.9768,374.8277,375.7202,375.6639,375.5112,374.6513
388.5659,365.2689,364.6722,365.3371,364.9439,366.1430
386.8348,386.2635,385.8233,384.6845,384.4739,382.7669
351.3013,367.1837,369.0884,368.9694,366.5148,366.2257
365.3049,369.1109,370.7166,368.3658,371.4104,371.0751
359.8166,375.1350,375.1541,374.7388,374.6687,375.2426
409.4993,406.1421,407.8057,407.5284,408.6715,406.7250
373.8365,358.6751,359.8215,359.9264,358.8079,358.8209
368.5117,349.3044,349.4942,347.6153,347.0323,349.0838
393.6119,380.0649,380.1083,380.1171,378.7171,379.0932
368.4081,381.4361,380.3933,380.1659,380.0803,378.5155
325.7841,309.9111,306.9752,307.7856,307.6319,309.1442
376.8631,396.8755,397.3990,395.3117,396.3452,396.7783
385.5976,374.6672,376.1419,376.5203,376.7557,374.5989
398.8112,381.8836,383.3814,381.3539,383.7861,383.1155
408.1053,388.7280,389.3396,388.0371,388.8534,388.2014
326.5472,332.8056,332.1050,331.3719,332.3283,332.4977
348.1256,344.7422,346.1317,343.3573,344.8408,343.0632
354.8834,356.1829,356.4234,358.3077,356.5499,356.8738
376.2719,385.4555,383.3760,384.0915,384.5017,382.9633
361.7102,372.7015,372.7245,376.6460,377.8964,378.9290
454.5593,447.0330,448.5906,447.5221,445.3984,442.4707
359.1407,379.0194,382.1608,380.5911,380.3124,382.1145
361.5575,362.2869,360.4025,362.4694,360.3755,360.7389
372.2687,392.8775,394.9956,393.6781,393.7146,392.5533
350.8551,356.4796,356.9821,355.8596,358.3829,358.7102
399.6580,395.3884,396.6901,396.5513,396.6044,394.5597
322.1763,327.0279,326.4575,325.5417,325.1870,325.8310
393.9518,380.3544,381.5109,383.2651,381.2384,381.5538
346.6352,356.2646,357.4771,357.0624,358.7317,355.8986
368.9288,363.7878,363.2084,364.8009,363.9132,364.9057
363.7607,376.1301,376.4517,377.1516,377.5094,377.3418
338.6794,332.3528,331.9800,332.3983,332.8622,333.7808
375.5712,402.4184,401.0880,403.0233,400.7707,405.2747
369.3559,367.4152,367.6899,367.3804,367.8958,367.9449
338.0971,352.5145,353.5749,352.0729,354.1478,352.2467
348.2012,337.9829,337.9526,339.2948,339.6841,339.5042
424.1903,403.5293,403.5890,404.7680,406.6370,402.6583
376.8390,404.7644,403.9253,404.2709,404.4290,402.7455
399.9856,394.4263,393.1190,394.6951,396.8186,393.5414
363.2286,349.6572,347.7484,350.8043,347.9273,347.2295
341.8489,327.4784,330.2482,329.0196,330.0149,329.7978
347.0988,368.3481,369.8915,370.4567,367.8921,369.6923
428.4992,396.3851,396.4993,398.6942,397.7721,397.0762
442.4280,412.6965,413.7214,413.3284,413.7169,412.0084
390.9590,380.7232,380.4566,380.0300,380.0262,379.4399
378.6525,390.0667,388.0490,388.9960,389.5045,388.9306
370.4661,361.6227,362.1673,361.2652,361.1167,359.5668
340.7944,338.0977,337.5947,338.0733,338.9629,339.7306
383.3762,385.5787,382.9107,385.2735,383.9065,384.7280
334.9752,340.2964,341.9430,341.7283,340.0942,342.6737
361.9135,385.1581,382.7630,385.3017,384.5834,382.6542
392.5949,375.6578,373.3156,374.9219,373.4421,374.8640
341.8390,364.7720,362.5631,363.9794,364.6067,364.4117
392.2327,392.2568,391.3350,391.8272,391.7940,391.8438
359.3600,363.4721,363.5106,364.3077,362.5637,363.2281
399.7080,399.7626,398.9732,400.0847,399.3021,398.9798
399.2041,396.3289,396.4259,397.9496,398.0149,397.1842
350.7068,344.1791,342.9792,343.6455,344.1057,341.3560
415.8977,412.5242,411.5921,410.1182,410.4020,414.6119
376.1487,391.8221,392.4693,392.9313,392.3499,392.6209
382.1525,362.0745,363.4533,363.1991,362.2527,362.9311
409.3721,382.5684,382.2789,383.1294,381.9123,383.8975
361.2283,365.6699,363.4185,364.6833,361.8768,364.6160
417.9668,394.1028,396.8679,394.8166,396.3089,395.5711
394.9504,392.3449,393.5610,394.6282,397.1450,395.2624
395.6225,384.4103,386.1896,387.5659,386.5932,383.6000
369.0938,350.9023,350.3533,351.9770,349.7344,351.5878
331.3340,360.9002,360.5197,361.4241,360.0230,361.2262
364.0959,367.4117,364.3522,366.7956,364.9217,366.5678
333.7089,355.5707,354.3079,356.6094,355.6605,355.8573
370.5301,370.5304,369.2817,369.5523,369.3637,369.8617
392.0918,404.5720,405.7270,405.9404,404.7993,402.7814
313.0561,327.5176,328.7897,329.0256,328.8473,330.1677
356.1170,353.7535,354.2992,353.6203,352.6717,353.2091
394.5428,388.3582,389.6456,387.9094,386.9854,387.7612
388.8035,372.6276,371.8923,373.9071,371.7805,372.2331
362.9695,386.0796,385.4398,386.1723,384.4437,384.1245
337.6411,357.6732,357.7741,358.5355,357.3501,356.8636
365.1862,363.5821,362.2657,363.4642,364.1745,362.7974
408.9071,411.1191,411.9363,409.6154,412.5351,412.2332
382.1131,372.4839,371.3155,370.7854,372.5952,374.0541
364.4072,340.9781,340.7150,341.6747,341.8876,342.6585
348.0411,359.8346,359.9367,361.3244,359.3875,358.8059
366.7114,361.9095,359.1304,361.1212,360.8011,360.8210
371.6198,374.4856,376.5302,376.6680,376.5398,374.6601
352.6716,360.3882,359.4139,359.8412,360.1065,359.8437
375.6361,370.0980,371.7326,371.2129,372.3650,372.5237
339.2495,339.0962,340.7680,345.3575,339.4487,343.0172
355.8145,356.8314,358.1341,361.1482,358.6056,357.4578
365.3032,354.4765,355.4047,354.8071,354.8705,354.7813
414.3315,412.4608,413.2014,411.7480,412.0640,415.3318
379.2786,342.6083,342.4849,343.6104,344.3205,345.6261
330.8902,326.9888,328.4447,329.5474,327.4851,328.3195
387.6966,387.3659,386.4329,386.5385,385.2686,385.5205
391.2959,407.9608,408.0706,407.1681,407.1118,407.5692
380.8087,366.8900,368.3223,369.7931,367.2357,368.8700
415.7699,400.9353,401.2510,402.2944,401.5330,403.6972
375.8341,382.5224,384.0257,382.8455,385.1290,382.9576
368.1038,387.9831,385.4437,386.1564,385.3969,385.3196
333.5947,360.5788,361.9915,358.0781,361.2410,360.7027
399.3059,389.9228,390.3762,390.4594,391.1374,391.0218
374.0856,370.2684,365.0830,354.4238,364.9089,362.7991
407.4931,391.1816,392.9784,398.2006,392.3601,393.5620
404.1956,377.1368,373.2658,376.5656,374.9346,375.3695
403.6906,412.1368,413.2190,412.5139,412.6047,411.0929
422.8833,406.9476,403.3842,406.8675,407.3701,408.5025
407.0562,410.0966,414.1053,411.7483,411.0228,410.8276
393.6302,383.3761,381.4351,382.7891,381.8045,381.9822
408.8385,412.0076,411.9528,410.5552,410.8983,409.5946
330.3940,335.1335,336.0959,337.9695,334.9108,335.7192
395.8841,391.5729,391.8471,392.8459,391.3760,389.6034
404.8918,401.8560,400.4024,399.3064,400.9960,400.3567
360.0556,378.2999,379.8419,379.2539,380.4788,378.9541
454.8328,437.0740,440.0479,443.0713,439.8065,440.4464
445.8825,451.6710,454.5058,452.9842,453.5916,451.1683
429.4426,396.2135,399.4931,398.9902,397.7609,398.3826
320.4800,341.8003,342.6490,341.0594,340.8009,342.6395
384.3941,382.2970,384.7279,382.3276,383.9119,386.1630
380.0182,365.3826,365.5426,365.8074,365.7633,365.6633
444.1242,412.9775,410.6514,412.1073,412.5137,411.2419
395.6961,411.4974,410.5703,411.0243,412.1048,410.9049
387.7772,388.6893,390.6212,391.2656,391.1271,390.3443
397.4501,367.0927,366.8393,368.7043,369.8156,369.9078
351.7733,325.4898,325.3045,324.8066,326.1789,324.8936
417.3079,400.4989,398.9250,399.6160,399.9780,401.6919
402.5836,384.0773,383.3472,384.4533,383.3518,384.6051
388.0438,366.0817,364.0412,363.3240,364.9338,365.6199
362.2053,346.8587,345.7342,347.7453,347.1598,349.3336
362.3628,390.4220,388.5484,389.0175,390.1220,389.7385
350.0055,344.6817,344.2210,347.8704,342.8509,341.6543
346.0058,353.1470,353.7499,352.4662,354.1365,353.9911
385.1232,392.9305,391.7309,392.5108,391.2756,390.8320
317.4642,322.3907,324.9555,323.4389,322.7851,324.6999
350.6834,347.2549,345.7963,347.1294,346.2509,347.7927
364.4221,372.5054,372.0418,371.0108,370.0770,367.1270
343.8852,347.1633,348.6740,348.7891,348.2395,346.1601
411.8817,399.3320,399.3966,398.6188,397.9786,398.4372
360.9593,376.9689,377.6444,376.1913,379.4739,377.8889
380.1935,394.0791,394.4426,396.2905,394.5914,395.6550
370.4482,406.5624,403.7086,403.7484,402.9939,402.7934
413.3569,410.7131,410.6462,411.5232,409.5313,409.9945
396.8178,394.2437,391.8758,392.0849,392.1325,389.9234
358.4522,378.6477,379.3590,381.8609,378.2824,380.7066
359.0183,370.4296,368.2386,367.7153,369.1159,372.0040
404.0075,405.1268,405.7074,406.7658,407.1463,406.0406
415.9542,403.7155,405.0215,406.3200,404.8062,402.5207
372.0262,384.7626,384.2892,385.5653,385.3693,383.9133
375.9264,377.5622,374.9483,379.2486,375.0767,378.4618
345.8801,333.9348,333.2067,333.8964,333.7448,332.8477
366.0204,362.9953,364.2391,363.4105,365.4998,366.0349
348.7287,362.0219,362.2263,362.3634,361.9802,362.7269
367.2767,354.9353,356.2442,355.8937,354.8723,355.7111
353.2359,347.8843,346.8399,347.7257,347.6213,347.5168
348.6875,367.2394,370.1686,369.6113,369.1746,370.2374
383.2333,360.4176,360.9644,359.9521,359.1069,359.4067
392.0255,383.3618,383.2789,384.6329,384.8621,385.6546
464.8315,402.4609,404.2784,405.5566,402.4705,406.1400
338.0895,346.4215,347.2390,349.5043,347.2161,348.1845
361.2665,355.4099,356.7671,355.2514,358.0864,355.2067
388.2661,401.8527,401.0086,400.1287,401.4676,400.9608
391.6921,370.7271,373.8221,374.2012,374.4706,373.9728
348.7061,365.9464,366.6345,365.5281,366.0930,366.3529
422.9252,411.2397,411.4590,410.9663,410.4525,410.3216
407.4822,412.3592,412.5399,410.0195,412.1174,409.8299
369.5254,363.9017,363.1892,364.0679,364.2767,364.5344
405.2362,384.7616,384.6361,385.5672,382.9453,384.3010
412.3038,416.9169,415.1506,417.5275,415.0726,415.9848
401.2952,394.5196,394.5792,397.6709,396.8353,395.9488
381.8391,373.9768,375.7520,376.4280,376.3150,373.1543
364.5512,378.0519,376.6696,377.3128,375.5312,376.8534
296.6503,302.4999,301.6015,302.8807,300.9748,300.0242
382.1555,371.4583,374.6385,373.1112,372.4255,371.8542
397.6809,389.6243,393.1022,394.2205,393.5891,393.4232
332.5664,330.3370,333.1421,334.5360,331.8301,332.8814
399.7493,377.7302,377.4066,376.3628,377.3801,378.0106
398.6381,392.1571,390.9068,389.9851,388.3045,389.7816
403.7752,390.9720,391.5004,390.7797,391.9299,391.5097
374.0317,394.2721,393.4888,394.3495,392.0435,392.6581
367.6874,358.0675,358.2435,360.9268,356.9737,356.7356
404.2295,415.8382,416.3711,415.7464,414.6641,414.1487
392.7091,363.5820,366.4053,364.3041,366.4835,366.4295
364.4344,362.8879,363.8351,363.9432,363.2185,364.1300
390.7545,355.5934,357.5561,357.6333,356.2662,358.4021
460.5247,420.1101,420.7001,420.3160,420.5515,419.3189
307.5269,344.5942,343.3049,344.9174,343.8365,342.9498
355.1172,369.2722,371.2700,371.7431,370.1414,370.9093
373.3210,376.0882,376.1945,374.7233,375.7684,375.3225
348.9029,381.3957,382.5936,382.2050,381.4547,383.0520
393.6877,398.6096,399.4401,398.1347,397.7166,398.0952
354.5742,369.1566,366.6963,365.5361,367.7440,365.4853
385.4751,374.7422,374.1621,374.8759,373.0554,373.1407
337.6108,335.3054,333.6491,337.2632,334.6123,335.9025
405.8789,390.5459,392.0648,391.1775,390.6777,392.2214
373.8749,386.1369,386.1178,386.7508,384.7550,386.5653
381.8611,380.2665,381.2792,380.8995,381.2770,380.2340
373.4845,384.7630,383.0524,382.2220,383.2713,382.5175
335.3165,370.6871,369.8760,371.4816,370.6252,368.6816
366.3022,371.0165,370.5562,371.0736,370.2162,370.8784
417.5107,412.2625,413.3829,412.6704,413.5193,412.2886
381.9722,398.5299,398.3196,397.5619,397.9078,398.8158
390.2446,390.7859,390.6822,391.0880,391.5213,390.9291
365.0479,368.4813,371.6484,369.3823,369.8600,367.1556
381.2875,387.3442,387.6607,386.4905,387.1272,386.6083
422.5253,392.1816,393.5633,393.9336,391.2468,392.6052
293.2433,290.8124,293.4528,293.7983,289.9496,291.6054
403.5358,415.2292,415.6522,416.4103,418.7027,419.0417
393.4115,388.8797,389.0083,387.0161,389.2932,388.9395
409.5409,401.1090,402.1055,400.7060,402.8860,404.8180
354.4179,366.0992,365.0278,366.0707,364.4372,363.1431
388.2392,385.2619,382.9056,387.0610,390.4262,384.2593
427.6814,399.9635,400.5895,399.5270,400.9788,400.3225
391.0328,398.8780,399.8032,401.0476,400.1551,401.5134
411.3433,395.2928,398.6989,396.2861,396.7110,397.5266
382.2860,398.5937,399.0298,398.2298,395.0094,396.5884
376.7176,375.7345,373.4847,372.6205,371.9284,371.3726
405.4306,392.2724,396.0607,394.3550,395.7955,394.6245
382.3940,406.4744,403.1174,406.9442,405.9242,407.1746
356.2417,346.1804,345.2520,346.3573,347.3997,349.1114
379.4056,381.0058,380.1179,378.1268,378.7690,379.3318
378.3956,343.6784,344.7930,346.0438,347.3749,345.0501
348.4916,372.0988,374.0825,375.4141,372.3173,374.1345
378.8610,381.6879,383.7916,382.9503,384.7956,383.7903
414.6166,389.1221,389.7575,388.5927,390.9704,391.1418
312.2821,337.1880,334.0327,334.9482,334.6582,334.7579
416.0663,410.0124,407.8365,410.3235,408.2508,410.7003
400.2976,377.7614,378.7341,382.5032,381.3470,381.8593
344.7808,346.8970,345.7559,347.7496,346.7284,347.1260
384.5720,388.3467,387.4207,388.9661,388.1439,390.0953
386.8736,379.2843,379.0915,379.0094,379.1922,380.6862
423.0630,399.2128,399.4020,398.1701,398.7243,397.7662
452.0702,476.0264,479.3262,479.5000,476.2335,477.2624
344.1848,349.8171,350.3900,348.8277,349.4522,349.0533
367.7311,367.9441,370.4038,371.3117,372.0585,372.4726
354.2261,366.0622,367.1565,368.8012,366.3999,366.9869
423.9480,407.7272,408.6373,409.5163,408.0740,408.5692
300.4747,318.5096,318.3677,319.0816,318.9953,319.0259
354.6825,334.7186,329.3658,331.1513,330.6311,329.0413
375.9459,384.8954,384.4859,383.5515,383.7554,383.2553
316.0678,306.5843,310.2209,309.1291,307.2745,310.0683
323.6078,312.3975,312.3726,314.5032,315.0033,314.6324
341.3852,340.7301,340.6527,343.7265,342.7531,341.7288
443.0497,415.9361,416.6994,417.3215,418.0053,414.5244
388.9924,390.9637,395.5204,395.9809,393.9311,394.4305
336.4189,325.7061,324.6669,325.9419,323.5519,325.0000
344.0917,342.3237,343.6657,342.8758,342.7612,342.4606
328.2657,327.6683,330.4403,329.5099,326.3973,329.0115
368.8277,390.0333,389.9408,390.7346,392.0122,390.9383
346.1715,347.9940,348.6011,350.0066,350.1282,350.6050
350.1971,359.9144,359.0750,358.9366,360.5867,361.0606
338.2911,336.5651,334.2895,332.6341,334.3720,334.3880
346.5342,350.8834,352.0759,352.4533,351.2082,352.3468
395.7013,391.0185,393.3919,392.4635,391.0632,392.1201
356.0429,365.8371,365.6835,364.9634,366.0207,365.3908
358.5336,368.3034,367.3628,369.2028,368.9953,368.1092
349.6022,337.8970,338.5764,340.1086,338.1231,338.4637
386.6095,378.4150,379.8708,378.8427,378.5797,378.3988
393.6702,375.8018,377.7235,377.1069,375.8801,375.9505
355.6940,360.0371,360.7250,359.1828,360.6156,360.1826
363.8671,389.7250,392.6166,388.1594,392.6293,392.0418
348.5328,351.2176,349.8630,350.0468,351.1439,349.9264
327.2126,311.7468,311.8087,313.0822,310.7336,312.9161
336.8899,327.3725,329.3902,329.1401,328.0456,327.9413
363.4984,371.2192,373.0385,370.1700,372.7881,372.2728
345.2885,376.5830,377.5968,377.2327,377.7510,378.4119
424.8382,392.7954,392.6538,393.5609,393.9414,393.5970
307.4553,321.4613,319.5134,322.8026,320.5882,321.2708
312.4300,329.2151,328.7845,331.2791,330.5902,328.7500
395.7419,396.6026,394.1280,394.1472,395.3791,394.4950
380.1940,371.7751,373.1491,371.3019,371.9656,372.9297
389.9466,377.5315,374.7698,375.5386,374.1639,374.8735
373.7508,383.2840,383.1877,383.8275,381.8345,381.3775
345.0801,337.6229,336.4783,338.1291,338.4982,335.8901
327.9590,350.8866,351.1448,350.0898,351.1391,350.2448
330.2850,317.3196,317.2263,318.9776,317.9787,317.2065
422.7913,395.8893,390.8547,396.1260,395.3458,394.9306
350.0594,347.5285,347.2559,349.2946,346.6242,346.7188
379.2593,381.5750,381.5162,383.0132,382.3157,381.7069
335.2869,357.4819,359.1333,358.5039,358.6981,357.4912
352.8227,370.5039,369.5184,369.1212,369.9727,367.9675
394.0377,385.7251,382.3995,381.2265,384.6436,384.9135
388.0896,361.5149,359.9598,360.0304,361.2001,358.5889
330.6471,354.7755,352.1348,352.8395,352.3549,353.2267
336.5494,336.5288,339.8152,338.7951,338.3962,340.0433
355.7704,380.3529,378.3638,379.2941,379.1962,379.1802
392.9117,399.9169,402.8513,404.3823,400.3107,401.5248
433.6623,434.6413,433.1067,436.8167,433.5964,432.9553
425.9914,410.7428,409.2326,409.8714,409.2113,409.4863
369.1479,376.7674,377.3240,376.3100,377.7367,376.8374
427.5030,410.0867,410.5258,411.4626,410.4913,411.7953
376.9220,361.6549,361.5101,361.9411,361.1785,361.2209
313.7597,335.7924,335.5650,336.2556,337.7781,337.8469
349.0613,343.2637,343.0796,342.6653,342.5713,342.1578
395.5835,387.9153,386.4203,388.3948,385.9733,387.9050
455.5726,423.1749,422.7353,421.8790,424.2673,424.3648
376.4079,362.9686,362.9141,365.8216,361.7066,363.1116
432.2122,418.0738,419.5123,419.0025,420.8963,419.0339
334.6865,336.6719,336.2334,337.1647,335.8493,336.7421
361.8611,369.0468,374.1811,372.5193,368.1097,369.8364
415.8745,381.7380,383.4287,381.1159,381.0731,382.5475
361.8976,371.2820,369.9889,372.0063,369.5760,371.7568
416.9635,425.3403,427.9827,427.8123,428.5128,427.1822
338.0294,338.0337,336.9484,338.9646,335.4409,336.3558
328.9852,344.1430,345.1836,343.5819,346.7531,347.2954
341.5286,326.3905,324.4950,326.0155,326.0264,324.4586
388.3634,373.4129,373.9004,374.3267,373.7428,373.9269
450.0836,431.2934,432.6795,431.5644,432.9054,431.8261
390.8924,380.2733,381.2825,378.3392,378.1171,376.6650
337.6767,333.7800,338.0586,337.6499,335.2698,337.8712
377.8447,396.7864,398.0126,396.9571,398.9780,397.0839
407.8655,364.9218,366.5655,364.6234,365.2923,364.7274
349.9134,354.0369,352.7070,353.0602,353.8355,353.4312
368.1610,364.4529,365.8536,364.7477,364.8194,364.6801
384.7677,423.4696,423.4478,422.9045,424.1856,425.3365
371.6265,365.0198,366.3437,365.1909,366.8618,364.9070
353.2908,375.1741,377.9447,376.9154,374.8937,375.2974
395.0113,383.8843,383.9002,383.5045,383.8762,384.7013
376.9489,393.2764,397.5714,395.6510,394.9830,393.0699
326.2170,333.9593,332.8931,335.9021,336.2661,335.8285
319.9042,335.0632,332.4903,334.3212,333.2516,333.4195
438.3542,399.7351,401.9440,402.3894,402.5317,400.9228
376.1241,364.1863,365.2586,365.4187,366.1039,365.4940
323.5554,328.2640,326.5808,329.8602,327.7484,326.4582
305.2793,321.1510,321.7661,321.3162,320.6866,320.2326
352.2193,320.0881,319.1313,320.9624,320.7653,319.8441
319.5375,333.8584,333.5184,333.4979,331.6634,333.2283
358.8725,352.4540,351.8076,349.2668,351.4082,349.6408
367.5320,378.1177,380.5971,378.9283,378.7719,379.6065
384.6978,375.3174,375.0350,374.7591,376.6953,376.1260
376.6133,362.7471,364.0142,365.0291,362.6756,362.9102
349.9747,343.6372,345.3345,343.4787,343.1876,344.3081
364.5101,363.9781,362.2988,364.0260,363.0880,362.4364
389.7736,383.1351,386.3394,383.3772,385.1935,387.2732
375.1814,347.2380,347.4579,350.0344,346.0385,348.0428
362.0346,357.9814,357.3933,359.4702,356.6886,357.9312
317.2392,329.8628,329.4290,331.8037,330.5954,330.4505
429.6747,448.3298,447.7614,447.5680,446.1197,445.3589
349.3424,368.8992,369.9608,368.6227,367.7882,367.9474
312.7180,325.5834,324.2409,324.5991,321.7777,322.8714
351.2155,368.2529,368.6242,368.4817,366.7363,366.1912
385.6129,377.6906,376.6828,374.9299,377.9111,376.7907
410.7876,392.3072,393.4744,392.5366,392.1349,393.9419
328.1606,341.9279,342.2445,342.3445,342.8929,341.7559
369.9743,363.0550,364.2273,365.1241,366.1441,364.9344
451.2671,416.8614,419.5984,417.3815,419.9541,415.8345
322.2496,288.9664,289.7066,289.9899,287.1028,288.6959
424.5953,424.8769,424.4052,422.3328,425.6651,421.7742
348.6329,342.4045,331.1108,323.2151,331.4714,330.6602
347.2693,353.6785,354.5207,353.3762,354.7489,354.0654
397.6276,359.3965,359.8500,361.0024,361.2060,359.8771
325.8671,358.6610,359.2170,359.4828,361.2368,357.2994
458.4580,429.6382,430.3840,432.6568,430.6065,430.5914
400.7295,377.6121,379.2375,377.4226,377.1790,375.3106
354.1630,378.5317,377.1706,381.3844,379.0885,381.6039
377.9537,384.0662,384.0653,383.8332,385.0181,383.7862
408.1982,395.5290,395.9714,394.8548,396.0283,397.0612
387.4024,382.1606,383.2685,383.5124,382.8806,383.0645
361.7773,343.8322,342.1672,343.5188,342.7330,340.9428
409.1274,382.2405,383.9174,382.6395,382.1906,381.8436
369.8841,392.4135,390.4882,390.6787,389.9133,390.2675
380.3548,393.9946,394.1172,395.3522,396.0578,395.5470
396.7321,401.0979,401.2203,399.4923,400.4491,400.5296
385.8462,358.1476,359.8118,360.6225,360.6551,362.6242
355.9995,387.2053,386.3230,385.2187,385.6006,384.6779
351.6659,335.5600,334.8226,338.2352,335.8109,336.0377
328.7313,351.4035,347.6594,351.2582,350.6168,352.3785
388.6880,401.9107,401.3859,401.9314,403.5444,402.6520
352.1768,362.3420,361.4041,362.3167,359.0736,359.6097
321.4880,327.2404,325.5195,327.9492,325.7385,326.6058
345.3854,350.2867,351.0828,350.2251,350.4871,349.1879
439.9698,430.1361,429.8719,430.3267,430.7236,429.2271
370.3512,386.5286,387.3506,387.5180,386.0520,386.9178
351.3090,361.4294,362.4522,364.9381,367.8117,366.8999
419.2632,392.0969,390.9707,391.5762,390.1029,389.7818
369.6378,349.0537,349.3083,349.1536,350.2456,351.7681
354.0836,354.1797,353.4068,354.6411,353.1399,353.8185
375.2319,376.5255,375.3591,377.3626,376.4962,376.3212
342.1743,330.6130,328.5565,330.4649,329.9418,330.8045
409.8254,402.3836,402.1317,401.0009,400.9939,400.7181
382.1905,389.0209,389.4616,389.8838,389.4308,389.9156
400.1464,369.7137,369.1623,367.8001,366.4541,368.2422
358.7086,347.0228,347.3965,347.3746,349.3013,346.1131
417.5394,407.9933,409.4627,409.4179,407.1985,407.4572
370.6486,381.9228,381.1792,382.4325,381.1646,384.6009
375.1031,393.1280,394.4588,392.4013,392.8941,393.8733
346.5014,362.8006,364.3229,363.2294,362.8469,362.2542
425.9951,423.7636,423.6106,421.8288,422.4353,423.2534
401.4551,399.1405,403.1792,400.5041,401.1315,402.1198
394.4825,394.4716,396.2853,392.0803,394.8415,393.5854
363.9611,357.8342,357.5817,358.1050,357.3415,360.1686
372.1108,373.4046,370.8940,371.2288,370.6494,371.7527
343.0085,361.3272,363.9872,363.3694,362.8763,363.9923
381.3823,377.4549,377.8626,375.7657,377.3348,376.4677
398.5884,387.7583,389.4500,388.9813,389.6239,389.2497
331.1430,360.8961,362.5267,362.1027,360.3592,360.8579
356.6099,381.8636,385.7650,382.1019,381.6638,380.8985
353.5606,407.1394,405.9709,406.4095,405.8600,405.7800
368.5578,391.7998,391.8633,389.8666,391.8172,392.7293
349.3765,350.8692,350.3492,351.5577,351.7491,351.3616
346.6797,346.1936,345.2985,345.9327,346.2268,344.6805
390.0347,390.5093,392.9566,391.3964,390.2072,391.9033
347.9348,360.7036,361.9437,360.9168,358.9287,360.2259
377.0748,354.6182,355.4889,357.0560,355.6521,356.1525
393.0699,405.5420,404.9455,402.4806,405.8423,406.3697
370.6218,359.6346,360.4985,359.4289,359.9760,358.8588
356.2668,332.4354,335.6942,333.2010,337.2397,337.1547
364.0729,376.9196,374.8878,375.8690,375.0940,376.4758
430.5183,412.4039,413.0915,411.4784,409.8630,413.3144
371.6904,360.0520,361.8217,361.0529,360.3414,361.3416
403.9928,397.8951,400.8225,397.3042,399.8479,400.6809
397.9207,403.2855,402.7510,403.4112,403.5652,404.1497
369.5668,368.2313,371.2697,373.6229,371.9991,368.6745
357.6971,366.4154,365.0227,364.9580,365.5272,365.9200
400.7616,404.2934,405.2512,403.2487,404.0907,406.1278
382.5606,407.4648,408.0210,406.9378,407.0788,407.7078
414.1059,402.5870,404.8911,403.5686,403.4197,401.9482
401.0049,384.3685,383.9441,383.5883,383.9683,384.6658
416.0391,404.5202,405.7456,405.0100,405.4892,403.8864
330.0968,300.1468,298.1863,300.4711,298.9402,301.0616
302.6085,291.7527,291.7783,291.1512,292.6342,292.9078
381.7703,369.1348,369.1187,369.0828,369.1523,369.1384
416.9465,410.4813,411.6545,411.1418,415.2643,412.3600
362.7546,363.8169,365.9587,364.7479,365.2739,364.5055
361.5794,357.8388,355.9119,353.9541,359.6935,355.2616
364.7595,352.8384,352.8027,352.7351,353.7316,355.0279
408.5467,391.4981,391.6484,388.5780,389.0822,390.0802
356.1417,361.2199,361.5824,361.4890,361.1354,362.2693
383.2662,390.4758,391.5332,389.5662,389.1958,389.5737
335.5098,349.1849,347.9548,348.5978,347.6952,348.7734
349.4221,338.9372,338.7952,339.5245,337.8669,337.9367
341.0216,348.1085,347.6557,348.2644,347.1099,348.3299
374.3490,369.9318,369.2270,368.8742,368.4352,368.8444
367.8904,355.0965,353.4695,354.3941,353.3349,354.0068
441.8220,455.6836,454.6912,455.4075,456.8899,454.9632
348.0794,362.5132,363.6083,363.2144,363.6965,363.2728
397.6377,389.7423,391.4037,390.2004,390.6665,389.9029
402.1228,395.0823,395.5492,394.7683,393.7761,395.1521
330.3257,337.8380,338.5862,336.3677,338.0769,339.9088
439.0482,406.0249,398.5327,390.0055,397.2435,399.3489
368.6789,360.3534,359.1138,360.1557,359.3149,359.9151
352.1747,364.2768,364.2851,362.6508,364.2165,362.9210
391.0942,399.3018,397.2883,397.1325,396.3700,397.5965
400.8726,381.9164,382.7309,382.7493,382.4951,382.2221
381.4496,365.8937,366.7015,366.7522,366.1159,365.8399
386.0433,356.7430,358.3595,361.1299,359.3400,360.7196
364.8823,367.1097,368.7786,366.1832,366.7422,367.6181
385.1497,366.0484,370.1939,368.7784,367.1236,368.6419
323.5838,314.9388,317.2699,318.1172,315.5335,317.8152
414.4329,399.5734,398.9554,401.6366,403.4902,401.5803
414.6812,398.3061,398.3847,399.3469,398.8359,396.5543
445.5603,412.7459,413.1688,413.6971,415.4063,415.3729
419.3139,394.7075,396.7504,396.9865,396.2168,396.0225
415.5726,424.6066,424.7915,425.8638,423.3310,421.9104
344.6028,347.3056,348.8255,348.1261,347.8509,349.8794
418.8057,393.6926,392.9424,396.2334,396.9806,395.8701
417.3104,413.2837,412.8923,411.1708,411.8842,412.6830
417.0309,416.4780,418.2492,418.2797,418.9337,418.2632
368.6494,338.6447,336.2843,336.6623,336.2097,334.2496
319.4526,338.7176,338.6169,343.0131,339.1103,339.2399
329.3836,347.6379,346.3822,347.9843,346.5749,347.2639
405.3678,393.5418,394.7816,395.7261,393.6401,393.1424
379.3981,385.0841,384.9166,385.4828,385.7970,385.0864
372.1625,363.3843,362.0704,361.6084,363.1719,361.4593
358.5932,366.7655,366.3864,365.3747,366.4238,365.5921
421.5785,405.3123,406.2424,406.6305,407.1299,404.7482
357.1965,377.0262,378.2882,376.3608,377.4800,378.1738
360.9394,379.4165,377.6585,377.0917,378.9833,377.3631
366.9256,370.4266,368.8842,369.6678,368.2925,368.6296
414.5635,420.2758,417.9152,422.3180,419.5470,420.3555
330.3536,339.6159,340.8890,341.1603,340.5970,340.1922
358.3448,371.5066,371.4650,370.0878,369.2048,371.6523
425.5809,410.0433,412.5193,411.9868,411.5248,407.6582
336.1066,346.8596,347.5670,347.4977,346.1740,347.5122
389.5320,440.2628,439.9490,438.8787,440.8442,440.8252
374.7240,364.1974,367.0548,367.2864,368.3284,368.4650
410.8164,383.4633,386.4018,384.8079,385.3837,387.2282
415.3490,415.5939,414.2618,411.8329,416.9028,413.0187
362.1718,358.1284,358.1653,358.9597,356.8190,358.2782
419.8855,403.0193,403.6039,404.3441,402.6761,403.7136
327.4847,343.3655,340.3110,344.4997,340.0758,340.8566
395.5327,386.2870,387.5988,387.3531,385.7783,385.1017
366.3296,365.7334,366.4772,366.3977,367.2153,363.6290
422.7920,398.3344,400.5383,402.0043,402.0579,400.8542
418.8101,428.2289,428.1634,429.5795,426.5465,426.1831
342.8511,349.3619,346.9385,350.5111,347.9397,348.2380
326.6705,323.8346,324.6270,323.4735,326.3436,325.6726
407.2908,414.8894,410.0656,412.9413,410.8260,412.9221
370.2731,359.6169,364.6709,363.1085,362.6227,364.1601
364.2463,381.9609,381.9163,381.4398,382.3603,382.4324
377.0737,379.8677,382.4217,382.7287,381.2111,381.0215
407.1403,384.5605,387.9566,384.9898,384.1928,384.8096
373.8257,383.1094,384.5766,383.1782,383.2511,385.8815
318.2760,323.0009,321.4121,322.8885,321.8400,322.8641
388.6344,388.3374,390.9741,389.6317,388.5246,387.9353
392.7634,371.8446,374.0635,372.0533,374.0097,375.2665
356.8327,370.9788,371.5549,370.7157,371.5799,371.8458
405.2113,397.4869,397.9289,397.5610,396.6287,396.1569
442.9603,441.5277,440.3020,439.1354,442.5553,438.9296
401.3277,393.8240,393.3303,395.1800,392.8377,392.6534
368.5741,362.6840,363.5861,363.8801,363.9366,361.4541
311.2651,306.9133,307.1819,308.7578,306.3636,307.9442
376.2561,383.0824,384.0702,384.0049,385.6751,384.1427
288.4106,299.9167,299.2214,300.2063,299.1378,300.8696
342.4107,373.0315,373.4863,375.3356,375.2346,375.2825
416.5739,413.7690,413.8462,415.0514,412.8488,414.5919
453.2805,415.0051,413.1475,411.8538,415.5726,411.7639
393.7869,409.8512,412.0404,413.0774,411.0502,411.1510
359.9006,346.0849,343.4801,345.2719,341.0536,342.8977
330.9772,358.4254,358.3765,356.5993,357.5368,356.9424
384.8565,367.0484,368.4714,369.3099,367.9177,368.8003
410.9410,402.3194,406.0386,403.1554,402.3236,399.5254
363.2453,361.4763,364.0573,365.2645,361.2557,361.1728
331.3905,346.7838,346.7562,348.2211,347.9938,346.7888
427.9904,419.7524,419.0073,421.4416,419.2802,421.0598
334.3889,346.6256,343.2557,345.5091,346.4536,346.1744
415.0464,407.6590,407.7028,408.2148,407.4418,409.2339
467.0007,419.0119,419.7005,420.6924,420.8685,418.2593
382.1695,374.0890,373.1536,375.6741,374.9904,376.1554
383.5483,389.7781,389.2755,388.5014,388.9708,386.9419
354.6595,344.2759,342.7895,344.8924,343.3916,345.4780
382.0247,400.4734,400.0181,399.8030,399.4645,401.9757
341.7607,329.7408,331.7798,331.1063,330.4199,330.4170
353.4161,347.6650,346.7221,346.5818,346.2353,347.3642
340.9685,320.5063,320.4298,319.5086,320.0604,320.5935
402.9082,393.2178,395.6363,395.7775,394.4839,394.7960
396.2703,412.6266,413.5781,410.5407,412.9016,413.0296
413.2312,416.4142,417.0767,416.9147,417.6132,416.8362
