true,pred1,pred2,pred3,pred4,pred5
365.8869,379.9726,379.8351,378.3155,378.3578,382.3531
304.9546,322.5772,323.5110,325.2396,321.6791,324.9588
361.4368,372.8958,375.3021,376.5386,375.8826,378.2110
360.1403,372.5344,370.4172,368.8108,373.7897,373.9252
334.8007,347.4451,347.0377,346.7456,342.4643,345.7352
440.2627,403.9455,406.5004,402.3459,405.3487,409.2358
328.3493,326.2527,332.8932,330.5795,333.2020,328.8547
366.2561,369.8996,369.9639,372.1663,363.9442,366.2846
357.4685,384.8725,386.4162,389.4932,387.5671,384.1978
353.0170,361.0480,361.5345,363.8063,362.8561,362.0557
381.8796,373.4279,375.9844,377.9096,372.3975,371.9498
359.5296,364.7612,361.4554,361.8121,359.7457,358.7020
355.4878,362.1410,360.2918,361.0950,361.5226,362.0538
374.8454,372.2331,378.1647,369.0964,370.8123,370.0862
365.0687,369.5673,371.7049,372.1498,371.2307,372.5947
363.4244,356.3210,355.2749,358.0565,358.4629,356.8862
347.2417,342.4410,344.3215,344.9173,345.5057,342.6430
355.1904,376.2583,375.5536,375.5509,373.9796,378.6262
368.0445,375.3174,368.5620,368.7776,368.8881,376.2467
375.3332,398.1413,398.8868,395.7719,393.1424,395.2434
396.7330,398.9853,398.0634,397.4962,393.2410,403.7112
363.8777,354.5004,353.6829,350.6439,350.8481,350.9816
374.4044,388.2385,392.3256,390.8080,390.8241,392.9536
389.3313,388.2207,382.1438,390.0157,384.8882,385.8200
349.9657,375.7785,376.0408,378.4375,376.6564,384.0358
424.3187,403.9372,399.7818,403.0599,404.3559,402.1733
315.8220,352.0192,352.7107,357.1237,351.6063,355.3996
412.7356,394.9114,399.9388,394.6992,396.4288,396.2310
388.4928,375.4940,376.4252,373.5540,374.0432,369.1221
352.4738,372.9062,373.8752,374.4686,372.7279,371.6521
413.2829,391.2577,387.9858,388.9697,393.5558,391.5609
397.2378,363.1235,368.5648,369.4570,373.4727,369.6192
400.5688,404.2353,406.8576,407.7497,409.1524,404.7918
355.3838,366.8535,366.4026,365.6476,365.1080,363.8327
405.8914,401.7343,405.6885,406.6849,408.5947,404.4532
403.2814,374.5237,372.2126,373.5738,374.5797,373.0909
399.4342,413.2130,411.9470,409.6765,413.3611,409.6563
387.8970,383.5373,385.9083,384.0086,387.0258,385.3763
390.1959,402.4682,402.4158,400.9836,405.9368,403.2094
361.7298,383.3731,386.2928,384.9812,378.6992,383.7068
343.0489,337.7510,336.1066,336.9682,333.4391,334.1209
353.5444,344.3527,340.9503,345.5462,346.0761,345.6914
320.6480,322.0674,325.6087,325.8221,322.9252,312.0201
420.4463,428.5811,430.1726,425.6110,431.1164,427.5912
399.9127,403.3491,405.3325,402.0961,401.3091,396.7943
398.1201,374.2015,377.9682,382.1584,378.0236,379.2591
377.7695,408.2881,410.4392,408.6094,406.6164,411.4267
375.2797,359.5973,357.9694,364.9690,360.7157,361.3326
385.9886,360.4551,362.4121,364.2291,364.0543,364.4113
395.2118,399.3684,394.6120,397.5752,395.6501,397.3928
362.2159,378.8067,374.5635,373.9305,375.6206,376.4311
378.6614,411.0876,408.3381,405.7927,407.8590,405.8754
403.7501,402.8466,406.8749,405.5961,405.2667,399.2757
374.8107,372.9890,367.0198,369.7966,371.5418,366.8915
346.5289,346.3552,348.7857,349.5833,351.0629,349.0390
382.5116,384.7392,385.3768,385.1440,383.4537,382.2972
464.9492,411.6250,407.6981,417.3157,413.1604,413.0830
366.4073,369.3860,374.7156,373.7832,373.7902,372.1986
347.0274,346.9908,344.6429,349.3592,346.7423,349.0864
303.9433,333.0919,330.8165,333.4910,330.1985,325.3373
304.1231,326.8087,320.6065,327.0727,326.1309,325.3183
355.8657,349.0933,353.1444,350.1025,347.3695,347.7468
380.3600,367.4198,372.3282,373.1935,369.9263,369.6134
385.2401,394.6776,394.5880,394.2658,388.2145,392.6265
345.8794,374.4169,369.8905,372.1476,377.1860,379.3054
389.3929,371.4146,369.0628,364.1084,368.1625,368.9206
367.4385,374.4503,371.6870,374.6149,372.7714,368.9723
348.1308,359.9001,355.8152,355.5377,355.8029,356.1097
457.0824,443.0507,432.9205,438.4892,437.4210,435.0018
384.0455,378.9846,381.4642,380.6262,379.3106,384.5307
376.7895,369.5987,368.2235,370.3843,367.9441,367.8385
429.2498,435.9291,430.3440,427.9725,436.9462,433.2242
424.9001,414.1999,418.4739,411.9757,414.2283,414.4719
361.0049,345.6223,346.8488,347.1257,347.1238,346.1617
349.5228,345.2378,342.9394,341.0616,341.1918,340.8015
354.5451,360.1392,354.9702,355.6155,358.2878,358.0427
407.0773,413.8895,409.5983,413.0801,416.6075,415.3555
412.2755,390.4143,389.3970,390.2380,388.3902,385.1543
318.1252,325.4614,321.1739,322.2215,318.8358,324.7915
401.4236,387.3254,384.2620,387.1069,385.0611,394.3300
375.6948,376.3111,370.0366,376.7191,376.2376,370.5890
361.4283,362.9594,365.4121,364.6379,362.1346,363.6462
378.8628,400.3047,400.1263,398.7837,405.1728,403.9773
328.7551,327.1488,330.6069,327.9804,328.1630,326.8493
370.7069,358.3518,357.0802,357.2589,355.4641,358.4560
369.0240,367.4379,367.1711,366.9878,364.2509,364.6983
418.0223,406.0164,411.2796,405.5363,403.7193,410.7448
364.7038,358.7068,358.6985,357.1738,359.7229,360.8305
284.6487,301.6808,297.6031,291.6953,302.9253,293.0366
373.2122,367.2018,368.2804,370.7478,371.8368,368.5094
372.8172,369.8705,371.7849,368.0194,367.1855,366.9536
339.0893,329.4406,329.1468,330.8698,329.9465,330.2581
314.0930,322.9391,325.8365,326.4386,327.4851,325.4303
404.0524,411.3637,405.4954,407.7298,409.1365,414.1286
391.8366,390.3532,394.2029,387.3222,385.9499,387.8232
434.2352,411.4580,413.3837,415.7140,412.1874,413.5255
402.6675,409.7135,410.6968,409.7251,406.5762,410.0641
323.7092,315.2480,311.7846,317.0497,307.9240,316.9330
341.4188,372.4349,372.1762,374.2662,372.6083,370.8783
359.5291,372.2623,364.0451,369.0883,368.4649,366.5402
405.2156,405.4489,406.9286,408.2412,405.1493,407.0490
349.4491,351.0089,348.4438,346.3873,347.7657,348.4849
357.5126,346.2863,344.8564,347.7517,349.9189,349.2570
357.9363,346.6784,346.6167,350.1478,347.8938,349.2136
358.2825,355.1136,360.7858,358.7992,362.0681,359.8402
425.6635,419.1440,424.7372,422.4121,423.7686,423.3968
357.8849,337.7385,342.2822,333.4628,337.3596,335.2841
346.5661,351.2635,355.6060,356.8703,357.7081,352.6021
378.7821,361.7333,362.4977,362.4303,364.2800,364.8137
345.3776,355.0521,356.7403,357.5364,352.5778,354.8270
361.6039,344.8646,351.2085,346.7654,350.5981,346.4904
422.5579,410.5134,406.3356,404.2643,407.0346,402.4148
353.3279,358.3446,366.1154,359.4401,366.9334,363.3930
360.8554,341.1827,346.8269,346.7884,350.4881,346.6646
364.3870,360.8185,358.8935,365.2388,360.8082,361.1710
320.5901,319.6749,319.4647,320.8133,318.8069,316.9384
348.6086,382.1136,379.3165,375.4308,370.3842,373.9841
355.3059,364.1982,363.2656,362.7350,365.1813,361.0495
335.0648,313.9069,310.9279,314.5948,312.5038,318.3081
347.3893,352.2742,350.3068,348.9448,351.9434,350.2978
403.8575,402.7156,407.7633,402.6017,405.3347,405.2819
362.5101,353.6291,356.2966,359.3824,356.2585,357.3106
355.4041,343.5805,346.9950,346.4466,343.2085,343.6796
382.7211,382.7020,379.0780,378.7486,381.5787,379.4193
359.3783,367.9946,372.0776,369.3695,373.7713,376.9901
325.5642,345.5116,346.1974,342.8185,341.6689,344.1685
365.5638,360.9544,358.4561,360.9908,358.8804,360.4027
337.3747,342.7677,347.7176,348.0968,342.1858,339.8425
322.8951,349.0629,346.3956,350.8599,344.8203,345.2553
371.9296,374.3775,380.0813,376.0425,374.0521,369.4811
425.3818,412.2204,419.3080,420.3888,416.7567,414.5736
413.1340,399.9433,399.0918,398.9914,399.6145,401.9732
357.1761,344.3414,344.2660,343.7524,344.1361,337.6921
384.8420,402.0694,399.4873,407.7510,402.3007,405.7956
352.1765,371.1706,371.6103,372.3731,371.4798,376.0176
415.8567,412.8093,412.7261,413.4794,409.9705,406.5130
378.3047,360.6962,358.3687,358.6968,363.0378,362.5100
359.0278,380.5188,377.7013,378.6806,381.2855,381.2010
392.6890,399.0824,401.4119,397.7385,396.6485,408.1946
366.2897,396.7448,397.1022,393.7851,392.6768,392.2828
451.0723,440.6553,444.1785,450.6872,444.9905,439.0209
333.9749,344.6971,345.0086,343.9535,346.9835,346.6599
378.9802,375.5329,379.6274,373.4690,369.0394,366.6445
387.2476,398.7865,398.3438,395.2288,399.0639,396.4327
329.6472,347.4724,350.8687,345.4616,348.0811,347.9773
412.7570,387.9016,396.6642,391.8503,396.5577,394.4005
338.5426,362.3578,367.1663,363.2437,365.0412,365.4130
327.1659,358.9372,360.4075,355.3535,363.3113,353.1012
361.4134,348.3093,350.9602,348.6745,351.6900,354.6686
417.2831,395.5700,395.8786,396.5061,393.8546,394.6061
326.7397,342.9724,338.9365,339.3059,338.1799,339.1943
381.3500,395.3026,391.2440,391.7100,392.4090,391.2349
349.1378,354.7205,353.1878,359.6428,353.8356,361.5940
374.8020,346.8669,342.5154,340.8155,343.2969,344.9732
364.7476,365.1793,357.9517,364.6594,364.9251,365.0455
400.5425,385.0189,385.5772,388.2446,389.5836,386.9465
362.3399,362.4249,361.4245,360.0339,362.8590,360.0938
307.7736,318.1476,322.5753,321.2430,316.4383,317.1890
345.3514,353.8549,344.4564,350.5029,350.9621,351.2308
384.9469,364.2485,366.1472,360.7197,361.6471,368.0963
372.9104,370.2069,374.2782,372.3301,375.7393,367.3320
424.8430,417.1436,417.2317,420.1495,418.9886,419.3407
358.9048,392.7493,393.5966,392.6737,391.2563,393.4838
382.0342,362.6325,363.7461,363.0840,361.5786,362.9129
410.2156,368.8337,370.8583,370.5920,368.4068,366.3308
389.8250,381.1840,381.9517,380.5166,380.2414,378.4298
384.4678,386.9936,387.4173,388.0029,385.6746,387.9469
370.4893,378.7576,381.2413,381.7976,381.5280,381.8417
329.3868,349.7762,351.6155,345.1943,350.5694,353.9305
338.8836,359.7561,360.7506,359.7073,356.9118,364.1132
354.6228,365.8006,365.7847,367.1587,368.2836,366.5080
381.6585,363.1301,362.0527,365.7640,363.6977,365.7506
364.0704,362.4585,361.8513,362.4101,359.4243,362.4800
385.9146,395.3308,389.8559,391.3485,393.0133,393.5393
362.5056,353.5236,354.0672,358.5044,356.7145,354.3993
362.0886,362.9104,358.8299,361.6385,360.7963,363.8160
301.5669,344.9905,337.6948,340.3396,342.6051,336.8045
343.9311,338.9190,339.2194,339.5474,341.4174,341.9594
409.2632,400.1944,395.0100,395.1166,392.0386,396.6215
387.1096,383.9603,384.6823,382.3263,378.7539,388.1873
364.4320,351.8199,348.5552,353.4028,348.1500,348.0856
390.9021,375.4038,379.9399,379.8369,376.4788,377.1554
375.1960,352.0251,352.9091,352.7102,355.8877,358.1856
366.4759,380.7120,377.5101,377.2788,377.3490,379.5984
391.8535,391.7383,390.9343,392.4192,394.6750,391.2184
375.4025,375.2496,374.7009,375.2229,372.8056,377.2337
365.5553,366.8970,367.9075,372.6120,367.3717,370.0996
345.9357,334.6202,326.6548,328.8426,329.3669,330.1151
364.8823,386.8565,388.4737,383.8704,385.9185,386.8871
394.2209,431.2021,429.0006,429.4980,428.0046,435.4634
339.9549,369.4913,372.8764,376.7119,377.5499,374.2941
356.8762,357.6206,353.2803,354.3184,361.1711,357.3288
352.6619,366.9264,373.5265,368.2192,368.7317,368.3169
403.8356,389.2969,392.3492,387.3510,389.5531,388.1880
371.2714,375.3012,380.8891,377.3914,378.7662,380.4282
324.2331,334.0554,334.2386,334.4028,329.6703,333.7761
371.5664,381.3244,378.5799,382.1047,381.4754,377.0591
375.8040,376.4080,372.1969,372.9729,372.7826,378.4790
419.2188,422.2454,419.0093,421.2381,422.7283,424.7103
399.7086,391.9045,386.1413,384.8223,387.3032,386.8339
336.1636,347.3630,349.8641,349.1285,344.6144,347.7561
351.8301,329.3157,329.4344,331.1946,332.4462,331.1721
345.3129,356.7194,355.3304,356.2911,356.5323,356.5708
370.4522,373.8529,376.3806,377.1714,378.3009,377.5310
326.2016,348.2087,346.4723,347.3880,348.6651,348.2126
373.1503,389.2788,392.2682,387.3690,387.9804,389.3744
336.6978,357.8251,357.7154,358.1931,357.5376,357.4714
383.9481,364.8493,370.0909,364.3910,368.6963,365.9531
425.9159,420.3195,422.4874,419.0210,421.6638,420.2152
374.6071,406.4930,406.9250,405.4222,405.7260,410.3752
363.4223,383.2774,381.2897,382.0875,381.0237,381.0472
387.9665,419.5792,416.5287,414.1199,418.8254,418.4717
317.7579,324.7456,329.3628,330.4314,331.4283,328.1109
413.7970,423.2489,418.6464,422.7366,418.9369,418.0014
377.1683,367.5044,367.1837,372.2253,369.4054,371.4571
429.6471,394.6669,393.1490,392.1242,392.6950,391.4342
338.3951,359.8354,363.9672,358.3022,362.1095,362.4799
402.9571,390.3623,388.8152,383.9515,389.3296,385.7006
389.5283,378.6749,381.2069,376.4582,375.4104,381.1567
385.0651,350.8478,357.4159,354.1405,351.2996,352.8255
415.4007,421.3461,414.3055,413.4317,419.9284,413.4277
384.9950,380.4842,382.5579,377.1223,380.3790,381.8958
393.7680,389.1166,395.2826,391.7161,388.7955,396.4311
390.9168,388.1363,390.3530,388.2990,387.4736,386.2224
408.2911,359.7982,361.3844,358.7728,360.2770,359.9990
373.1846,379.9486,376.3317,382.6119,377.9008,377.1368
365.3988,352.5762,347.0455,350.3574,351.4580,349.4842
382.4508,387.7930,388.2824,387.2719,389.0397,387.5269
403.7451,386.2939,387.0906,389.5780,395.8996,394.6095
344.8750,339.8538,341.3051,341.0999,337.8671,340.0148
349.1747,362.8063,362.1993,360.6169,361.4084,362.5628
404.9376,385.0365,384.1577,381.4905,385.6685,383.6164
414.5835,387.4303,390.8575,388.3445,389.4756,381.6685
418.0542,403.2225,407.0341,404.3434,405.0245,406.3802
365.7415,372.5154,373.9036,373.6811,378.3987,373.9297
369.0511,369.5709,366.1672,366.2276,366.2786,367.7986
334.7041,337.4474,338.7106,336.9146,334.5693,339.9159
399.1427,393.0080,387.4803,382.6153,392.4741,384.5700
407.6526,419.2017,422.8183,425.5620,426.7993,426.5779
387.5333,393.6883,393.6675,393.4329,389.7282,391.2320
379.1042,368.0768,369.6241,372.6357,374.2412,374.3833
427.7039,397.2519,396.6600,403.6071,397.6019,403.4250
321.4124,321.1535,321.3022,319.2538,316.8954,319.3395
424.5541,401.1613,409.1310,396.7332,409.2374,407.5493
323.7962,348.5201,352.6946,350.4463,348.7122,348.7626
361.3990,369.4661,372.5355,372.6957,373.3667,373.5993
354.2566,348.9524,342.9844,345.6458,344.6164,346.8957
406.3896,409.9020,407.1874,404.9538,406.1509,407.5820
333.7121,346.1058,344.0864,341.5902,349.3219,345.1026
400.6855,406.8023,409.5820,409.5863,411.0787,405.6128
393.6313,392.6418,400.5685,393.8907,394.5113,397.7038
412.1054,405.2544,410.7917,405.7584,404.5422,405.9083
396.1976,377.0626,374.0297,375.6441,377.4206,375.1264
382.6242,414.9061,412.0816,412.4180,405.8722,416.2475
408.0822,388.4466,387.0292,385.4138,387.5832,384.1365
368.7559,362.2862,363.0319,358.9097,360.4689,360.0366
350.8588,346.0953,344.5652,348.9150,349.0275,346.7313
404.0605,389.2298,384.0054,382.2601,385.6935,386.8235
396.0917,380.4242,382.5814,378.6679,382.0471,375.0160
343.2159,348.7001,350.7482,352.0768,349.8768,352.5397
351.0901,377.1507,379.5982,377.5334,382.8451,374.7020
305.0436,295.4263,299.3829,296.4848,296.5332,299.2913
384.0977,371.8537,367.8534,370.5614,372.6512,372.2389
365.4428,344.5762,349.7466,349.5796,351.5860,346.0965
411.8357,407.6340,408.2878,409.4644,409.0870,411.5752
370.9799,325.2141,326.1132,323.5852,322.8822,323.2252
367.6002,383.2528,382.9930,384.4805,378.9980,378.3173
388.7115,377.0522,377.7194,378.5188,377.3431,374.7418
373.7783,378.3916,375.8792,379.8325,374.7382,379.1604
380.0109,377.1285,378.7801,383.6822,373.1482,374.8721
376.0379,356.6097,351.8585,354.3549,357.0444,354.0701
351.9006,349.2093,343.2734,350.1935,346.7794,347.6070
405.3966,398.7267,401.1595,401.4138,401.5129,400.9282
397.5981,402.7264,397.7346,402.0351,398.5004,404.4756
452.3468,418.8296,423.2520,419.8015,418.0811,421.4141
368.8198,365.8395,362.5303,363.9399,364.8288,363.0902
423.6574,392.1162,397.3525,385.6330,390.3499,401.3956
390.8492,384.5147,387.4315,386.9641,386.3049,383.9256
341.9593,338.7024,337.2851,337.5426,339.2985,338.6189
399.1775,379.7224,374.0426,374.3066,369.6929,375.0620
370.8759,337.1350,334.9649,336.6005,333.0789,336.8789
406.5178,410.5999,407.8916,403.6109,409.3522,404.6881
384.6660,366.7923,369.8366,368.2498,367.2502,367.5078
341.9203,355.1429,356.4967,354.6650,355.3881,352.9134
376.8961,370.7931,367.1171,370.1541,368.2239,374.3435
386.4172,369.8354,371.2255,374.1808,366.5121,372.5839
382.6672,380.5188,383.9850,384.8941,382.7583,384.1472
444.0641,396.4469,396.2162,397.2326,398.1312,400.0466
385.9106,380.9506,385.7268,383.0818,379.3949,380.4875
389.6926,377.1572,379.0243,376.3045,375.9556,386.2316
406.8261,383.9942,389.3465,387.2727,389.2967,388.5794
348.2347,398.0674,397.5095,396.9329,394.4781,397.1545
344.9959,309.2948,314.2105,311.7737,312.1804,316.9293
335.9935,345.3299,350.5792,349.0324,347.8993,346.2979
417.0582,391.3631,394.7618,394.7231,393.0740,391.4583
439.2402,427.0201,423.8143,416.3583,426.6882,429.5937
409.5665,405.2976,402.0258,406.6738,406.4926,402.2053
375.6293,368.7858,367.7339,365.5937,366.3283,370.9591
415.0702,382.1715,384.2299,381.4782,381.1647,379.8455
362.7017,409.0906,408.6770,404.8299,414.2801,410.3513
347.5249,349.3751,349.5282,348.2739,347.4414,344.0825
366.8278,351.6361,352.9393,354.7229,362.9806,353.2107
445.5325,417.1937,407.8940,413.2005,418.4681,412.5658
404.7265,387.1124,389.5865,389.2120,387.3114,391.3845
382.7591,387.7364,391.1215,388.4081,388.8369,391.4038
358.2732,345.6783,348.4442,343.9751,349.8955,350.1645
364.2971,356.1074,355.9934,357.6433,356.2134,352.2246
367.0015,386.2948,381.4740,385.0876,387.2469,384.5907
351.6888,348.0001,348.0373,350.9453,350.1555,353.0060
372.9944,367.6554,361.2378,362.9346,370.6470,371.8211
346.0661,342.8367,338.6760,338.6226,338.6176,339.8777
406.8812,427.5193,423.9510,417.8885,415.5956,424.2055
409.0624,411.8759,412.3337,412.8595,410.1105,411.1002
362.6234,355.2220,358.7767,357.8649,357.5738,356.1300
420.9360,395.9260,398.0724,395.3831,395.2582,390.4209
346.0428,345.8992,341.9266,344.3049,342.9957,342.8447
346.9768,376.6394,375.5579,374.3713,372.4686,374.3564
388.5659,371.7981,371.6530,368.7625,369.3173,370.2119
386.8348,388.1366,385.7540,386.1421,387.2849,385.0991
351.3013,362.9872,362.9809,366.1000,364.9723,363.2623
365.3049,367.7468,368.7275,367.7551,371.9166,361.7434
359.8166,363.5833,364.1742,359.5802,362.8378,362.6890
409.4993,400.1751,409.0176,410.9616,406.3852,408.5542
373.8365,356.9685,354.6691,357.8776,358.2557,353.5353
368.5117,353.6980,357.0879,356.8048,354.3434,358.9237
393.6119,374.5437,379.0385,373.9765,375.3805,374.6866
368.4081,366.8522,372.7771,369.9059,369.0679,372.7426
325.7841,313.1430,314.6844,315.3872,318.7555,313.6728
376.8631,398.7019,395.0772,394.9817,397.5875,398.8612
385.5976,375.4328,374.3151,373.7808,372.1942,370.8706
398.8112,390.6981,388.9671,385.4130,391.0492,386.2369
408.1053,389.9197,387.5197,385.5465,389.8997,389.4822
326.5472,327.7383,321.0022,323.8697,325.1629,324.8193
348.1256,338.4133,338.8013,338.1625,341.5686,340.0756
354.8834,369.3305,363.3357,367.3923,366.9999,362.2718
376.2719,394.2532,395.5163,390.9554,391.6604,393.1448
361.7102,386.7905,382.5475,382.3635,388.0976,390.4082
454.5593,434.9397,434.3277,442.0338,435.4851,437.9885
359.1407,380.9473,380.4199,381.9657,386.3681,378.3476
361.5575,356.5586,360.6413,356.0957,356.7540,360.0466
372.2687,390.6600,397.0109,394.0244,389.9210,389.7257
350.8551,360.9858,352.5422,360.5946,362.1525,361.1495
399.6580,405.4953,403.3779,404.4855,403.4522,402.3894
322.1763,323.9944,322.8771,324.2308,319.3275,325.6529
393.9518,393.0565,392.8692,399.7939,394.0798,397.1524
346.6352,362.9156,363.2986,365.4322,363.5414,368.2786
368.9288,347.5977,345.8564,347.6141,349.0643,348.8676
363.7607,366.4233,368.0910,361.2233,369.7436,367.2895
338.6794,334.5772,340.4716,334.6123,334.5196,335.8869
375.5712,394.4780,395.4969,393.0511,398.0838,398.3025
369.3559,363.5000,363.2530,361.3461,361.3656,356.5428
338.0971,346.5666,350.1834,352.9971,355.4504,348.9148
348.2012,353.5292,351.2746,351.4638,353.4952,349.8809
424.1903,406.4367,407.9260,407.8607,408.9066,404.2166
376.8390,403.1852,397.5067,402.8065,396.8130,398.0376
399.9856,387.5248,387.2927,382.8134,387.7839,388.4179
363.2286,347.4903,340.5187,340.4978,340.4127,343.7163
341.8489,324.4490,325.5676,327.8652,317.7627,326.2322
347.0988,367.5194,371.2358,370.5523,366.5238,366.8127
428.4992,405.3369,410.5998,408.7885,406.5333,406.9603
442.4280,399.5196,399.2165,398.6428,396.1003,395.3629
390.9590,367.3139,366.2445,365.0134,368.1301,368.6818
378.6525,382.3546,383.0001,384.4396,376.4688,380.5723
370.4661,360.4722,366.0772,359.5554,362.5432,364.0392
340.7944,354.0404,350.1648,350.5013,353.3884,355.0874
383.3762,383.8534,386.7488,387.5803,388.3697,380.8323
334.9752,351.0946,355.6949,352.9038,353.3600,351.0686
361.9135,388.1405,387.7436,385.7525,385.5084,378.9068
392.5949,376.1079,377.1132,377.6561,377.5522,379.0616
341.8390,359.9758,359.1030,356.1177,352.4770,360.4170
392.2327,395.7044,390.5211,390.5038,393.5486,392.0853
359.3600,364.6855,369.7158,367.6722,366.0551,373.3303
399.7080,393.9596,388.7492,386.0969,388.7631,388.0124
399.2041,397.9267,391.9607,397.3072,394.2865,397.5846
350.7068,352.6554,350.8860,351.8384,354.3771,353.1866
415.8977,411.1018,419.0683,415.0590,415.5782,417.0236
376.1487,387.6653,389.3660,388.8445,390.5870,388.5450
382.1525,356.8585,352.2378,357.0396,357.0967,357.2699
409.3721,388.0226,390.0357,389.9776,391.2393,390.9382
361.2283,364.9369,365.9565,365.8867,366.8745,367.2166
417.9668,406.4463,408.7206,401.8848,406.6114,408.2150
394.9504,389.9036,392.5461,389.4805,391.9016,387.9879
395.6225,386.8128,384.8619,384.8613,385.4494,383.8606
369.0938,353.4092,355.2482,356.5856,349.0274,350.3304
331.3340,365.3741,366.3524,365.9903,366.9563,367.0229
364.0959,374.5320,370.4945,370.2205,372.8140,377.1497
333.7089,360.7777,363.4143,364.0759,362.9287,364.5674
370.5301,374.4159,369.6003,372.8530,371.7842,377.0325
392.0918,420.2172,423.2120,419.8809,419.9154,418.1328
313.0561,319.9424,322.2504,320.4340,322.1269,319.1460
356.1170,345.1971,348.8510,347.4559,347.1460,348.5429
394.5428,379.5491,383.4373,380.4018,382.7025,383.5198
388.8035,367.0733,368.0703,368.5573,366.3765,364.0195
362.9695,384.2813,380.9234,379.4974,376.9998,378.5375
337.6411,365.0873,364.2877,362.0881,362.2021,363.6712
365.1862,358.7649,360.3396,359.3716,361.0954,361.3237
408.9071,404.2418,406.9420,402.8720,406.4982,403.2278
382.1131,379.8985,377.6712,379.4372,378.2808,377.4714
364.4072,342.6310,340.0761,340.4444,338.4878,337.9535
348.0411,355.4370,360.8302,359.3234,361.6278,359.0128
366.7114,363.5514,364.2184,359.3888,355.5885,356.8650
371.6198,384.2389,379.5737,380.7399,381.1776,380.8071
352.6716,345.6662,350.1189,348.0643,351.6487,350.3394
375.6361,374.7833,371.2845,377.0684,381.8388,382.1040
339.2495,343.8500,348.6558,348.2873,348.7498,348.6095
355.8145,344.2275,344.7876,343.6790,348.8875,341.1240
365.3032,349.7143,349.1640,346.7197,346.8885,342.9347
414.3315,406.0582,405.5858,405.1750,402.6039,396.9403
379.2786,354.6170,357.6451,355.5559,351.4463,355.5551
330.8902,318.3696,320.2436,318.3890,317.1788,316.5069
387.6966,383.5987,386.0776,382.2756,386.9244,382.8639
391.2959,402.0760,401.6222,401.6670,402.5601,402.7166
380.8087,373.9545,370.8976,373.0132,370.8414,369.2040
415.7699,400.7560,400.4352,403.1943,396.4178,400.3144
375.8341,384.7434,382.2836,378.2858,383.4931,380.4283
368.1038,384.9459,387.6115,382.6821,385.7695,385.9877
333.5947,353.3495,351.5207,347.1748,352.7343,351.3949
399.3059,392.4372,399.9538,402.8071,398.6261,396.9864
374.0856,354.1847,356.9291,352.3318,362.0376,352.4726
407.4931,393.5815,405.1459,403.9762,395.1546,399.8167
404.1956,370.3238,364.0979,366.1097,371.4982,367.9727
403.6906,409.2961,412.3739,413.0099,413.0354,412.0095
422.8833,419.6765,420.4991,416.2406,414.1111,416.9076
407.0562,409.1072,405.2156,410.7178,410.7145,415.1856
393.6302,382.2750,386.1653,382.9477,384.2103,387.4944
408.8385,404.3256,405.0808,400.1841,401.8526,403.7707
330.3940,326.8670,331.4167,328.6325,334.5121,331.9025
395.8841,382.2435,389.7733,390.8265,386.7508,389.9441
404.8918,408.2197,407.2540,405.5944,405.6257,405.9298
360.0556,383.0911,383.3470,381.6875,387.3179,379.2195
454.8328,445.0956,453.3426,450.3425,450.5581,452.1755
445.8825,451.8515,449.2002,455.8298,449.2432,457.3691
429.4426,408.6568,411.5595,408.1049,409.5291,412.8542
320.4800,342.6197,343.0895,343.9442,340.6825,338.5161
384.3941,394.6526,397.6693,398.7403,394.5807,392.4010
380.0182,355.1921,355.9399,359.1890,356.4210,359.2708
444.1242,412.9952,407.7036,408.2444,410.3321,409.2857
395.6961,408.7858,402.9182,402.8801,404.3014,404.1094
387.7772,402.8137,396.8515,402.6961,401.1509,400.0493
397.4501,377.1238,363.7880,366.9008,366.4319,371.5352
351.7733,317.7425,312.7894,314.5765,317.7105,314.6488
417.3079,406.3899,400.5924,406.5363,403.0384,404.1203
402.5836,377.6957,382.0147,382.9531,381.7405,383.4163
388.0438,367.4076,366.5246,369.2301,367.6913,366.5466
362.2053,340.4005,336.5100,339.1098,331.1764,339.5395
362.3628,383.9363,390.2810,387.3938,387.3224,388.4248
350.0055,347.7548,346.9522,348.9291,346.2556,347.9493
346.0058,344.0850,342.7846,340.1715,343.2515,342.9334
385.1232,395.0127,394.1263,393.2568,389.7901,390.4906
317.4642,314.5849,315.3839,316.1112,313.3388,320.4153
350.6834,354.3616,356.6914,352.1212,354.2308,356.9876
364.4221,377.5235,377.2747,375.4696,377.3838,376.4272
343.8852,359.6497,364.0674,358.9993,359.5372,357.2344
411.8817,402.5907,401.6087,401.7798,404.0422,401.7485
360.9593,371.0667,374.6119,372.6622,374.1965,374.8700
380.1935,389.8880,387.7044,383.9696,384.9832,387.4512
370.4482,410.0398,406.8398,402.9858,406.9703,409.4959
413.3569,416.8107,415.4513,414.0343,414.1667,413.9486
396.8178,383.9717,385.4975,384.1342,385.0792,384.8376
358.4522,354.4545,356.4847,357.1663,360.7180,362.1963
359.0183,363.8079,357.3873,361.2984,360.5245,364.6474
404.0075,404.1272,405.7658,404.1414,403.1840,407.4873
415.9542,407.7653,410.8923,408.0229,403.7498,409.5203
372.0262,392.8296,395.9387,396.2200,396.7527,393.2760
375.9264,373.3374,366.3887,369.1177,370.0810,372.5363
345.8801,338.5475,339.2172,339.3210,342.8799,339.7700
366.0204,370.0251,370.9691,370.9734,368.9806,370.6683
348.7287,358.5811,358.3865,354.8434,354.8105,355.8818
367.2767,347.8981,346.7951,356.4592,352.5955,346.4007
353.2359,351.3911,353.0416,349.6269,353.6217,349.9933
348.6875,365.2839,364.2922,370.1081,368.8102,370.9492
383.2333,369.2002,369.4812,368.5182,366.6288,369.1085
392.0255,391.2706,390.7081,391.3986,384.5365,388.8730
464.8315,416.2445,420.0392,416.3924,420.0316,419.4518
338.0895,349.8661,355.8316,354.5574,354.0056,352.7716
361.2665,355.2264,358.5516,355.3815,357.3851,358.5825
388.2661,396.4283,396.3884,398.1527,394.9775,393.7666
391.6921,380.1315,386.3732,383.4959,385.7340,379.3731
348.7061,362.7278,363.1086,362.2768,361.8935,364.0453
422.9252,406.7161,407.7079,406.2196,407.8831,403.9091
407.4822,412.8671,411.7622,411.9468,411.9009,412.0756
369.5254,376.5756,370.0254,378.1482,372.0050,374.8786
405.2362,396.3123,397.1503,393.2786,394.6297,393.8636
412.3038,416.6536,417.3649,420.9800,415.2553,420.3772
401.2952,394.1807,393.0854,392.0352,392.3732,387.4422
381.8391,374.3300,369.4873,373.0732,375.2633,374.0042
364.5512,373.2595,371.0237,368.5492,371.1515,368.1074
296.6503,320.7061,322.9055,327.1689,323.9194,318.9227
382.1555,372.6768,369.1190,370.3673,371.1004,368.2316
397.6809,393.7679,392.8108,395.1353,397.6484,396.4144
332.5664,339.4280,341.9497,345.4715,342.0310,339.3339
399.7493,384.7553,385.5150,385.5099,385.9883,388.6888
398.6381,396.1581,395.2012,397.6837,395.9169,396.3225
403.7752,392.8332,393.9966,386.9002,388.9935,394.0565
374.0317,391.8913,389.6665,387.7414,389.6754,386.6777
367.6874,348.9168,350.4416,351.3877,347.3640,348.3183
404.2295,412.6799,411.6981,412.0178,414.9232,409.0594
392.7091,382.3231,377.8033,376.1950,379.9805,379.5659
364.4344,365.7133,373.0766,374.6289,366.6825,372.0415
390.7545,362.1567,365.9381,362.2591,367.1621,362.4369
460.5247,416.5870,417.0304,412.9230,414.0229,412.4068
307.5269,335.0595,338.2421,339.3757,332.4109,337.2212
355.1172,366.3915,364.0482,364.6360,364.6201,367.2612
373.3210,382.6596,377.8492,377.2641,371.8387,380.4447
348.9029,386.3841,385.5355,386.3113,384.5411,386.5432
393.6877,399.3689,399.5948,396.0062,395.4482,395.6854
354.5742,365.6375,366.9993,369.6853,367.7678,365.9358
385.4751,372.0846,374.2346,370.8961,370.2930,372.0929
337.6108,327.0509,326.1747,330.2267,323.3720,327.7917
405.8789,382.7749,384.0052,385.6677,380.2818,384.7734
373.8749,390.6212,391.7401,394.3760,388.8867,393.9891
381.8611,384.1777,381.8178,380.9490,383.7054,381.6006
373.4845,382.6153,380.8913,381.9664,381.6721,385.6452
335.3165,377.8507,379.3805,382.0017,383.4659,381.3789
366.3022,376.2193,379.4914,377.8231,378.2102,373.7005
417.5107,418.1235,419.9243,419.4988,417.8746,420.9692
381.9722,396.9625,390.2712,391.4054,387.8866,387.6899
390.2446,389.3109,389.9899,387.3109,391.3156,390.0314
365.0479,388.4990,388.6900,388.6529,384.8619,386.7461
381.2875,380.1883,384.8689,378.7211,382.2145,381.7074
422.5253,385.5840,387.4922,385.3146,382.5367,383.3233
293.2433,307.7507,307.6180,307.0331,303.2282,300.1438
403.5358,401.9296,405.1802,408.4561,408.2792,407.6505
393.4115,394.4073,392.5055,393.4010,391.6226,390.9960
409.5409,392.1469,394.7340,398.9854,394.9184,399.7992
354.4179,345.7730,349.7895,345.2901,345.7092,354.1066
388.2392,387.1462,386.4398,386.7235,389.6506,383.6350
427.6814,414.8557,417.6143,413.8887,418.7711,417.5711
391.0328,406.0029,403.5787,409.5341,406.4598,406.8386
411.3433,385.4632,396.2118,387.6570,384.3388,390.4324
382.2860,407.5317,406.3621,400.3712,400.7519,403.3588
376.7176,364.6206,357.6473,359.1738,355.1231,360.1722
405.4306,390.7199,393.4828,396.9468,393.9816,391.5846
382.3940,395.7567,395.6282,396.2985,398.0380,396.4159
356.2417,352.4434,350.4645,353.4930,352.5392,354.4741
379.4056,367.0537,370.5156,369.9150,370.8100,373.0575
378.3956,359.7997,357.8985,362.3578,359.7824,357.0873
348.4916,381.9707,377.4534,379.7462,377.2159,378.1735
378.8610,381.3006,386.2546,385.6683,383.9042,388.8861
414.6166,402.3564,405.0764,404.2725,401.6452,404.3905
312.2821,322.2445,321.7000,322.9105,321.9834,320.0296
416.0663,414.5471,417.1132,416.4863,417.8080,415.6077
400.2976,367.5190,369.0376,365.1478,364.8382,365.2799
344.7808,347.3126,348.0068,347.0282,342.8533,345.8587
384.5720,401.9914,402.5902,399.8786,398.2103,404.7194
386.8736,393.9452,393.1868,391.2392,390.6121,397.2794
423.0630,397.4818,399.9288,398.3354,402.1729,399.3535
452.0702,445.7202,446.6532,446.5223,450.8119,446.0220
344.1848,353.3468,349.9913,352.5616,350.4509,352.1841
367.7311,376.5240,377.3484,379.3702,379.1670,375.8396
354.2261,371.7411,371.5551,369.3611,366.2312,370.5139
423.9480,401.9790,397.7641,405.4129,396.8883,407.4620
300.4747,316.1297,310.6731,316.2412,317.3677,316.2105
354.6825,332.1946,327.4575,334.2256,332.2357,323.8224
375.9459,382.0360,385.0263,383.7922,385.5644,383.3154
316.0678,308.1866,314.9888,311.8333,308.4320,307.3078
323.6078,307.7912,306.9834,307.5346,307.0612,311.5752
341.3852,342.8905,338.0431,341.0832,350.9751,344.2305
443.0497,411.4093,413.3179,415.4294,417.3698,410.7987
388.9924,397.6741,408.0912,397.9876,402.5485,397.4114
336.4189,324.7823,326.9359,333.4421,318.7933,322.1154
344.0917,362.6659,357.5518,361.6702,362.3962,362.6138
328.2657,319.9048,319.0918,322.0256,319.7945,322.5373
368.8277,386.3342,383.6419,379.2530,386.4544,381.4420
346.1715,349.3612,352.4249,346.8585,352.8784,351.0201
350.1971,353.6256,355.2803,349.8513,355.9171,358.2019
338.2911,329.7994,327.5402,322.5555,327.1860,326.9371
346.5342,361.4182,362.6966,362.5517,360.1781,363.7085
395.7013,379.5652,379.0232,382.8612,377.2839,386.7685
356.0429,361.2919,364.0277,366.6287,365.6193,366.6053
358.5336,374.5849,367.9415,374.1818,369.2558,370.8975
349.6022,333.3153,333.5868,333.7840,330.9226,334.4658
386.6095,392.2529,385.6969,385.3317,389.1857,384.1942
393.6702,362.1097,360.1037,358.9836,354.1300,357.9495
355.6940,367.6464,369.5467,373.0386,368.1457,361.7302
363.8671,392.1135,393.8217,386.5807,386.6856,395.2175
348.5328,355.5040,355.2048,355.6132,353.6676,357.2668
327.2126,313.3352,310.8094,314.8824,319.8111,321.0111
336.8899,344.0818,340.9842,339.3146,340.3180,337.8412
363.4984,371.8158,374.5553,373.5305,377.1278,376.8928
345.2885,381.9966,380.5516,382.7342,383.3127,379.5420
424.8382,394.1449,392.9965,395.4618,393.6683,392.1940
307.4553,305.1529,303.4539,306.6246,306.3455,311.0453
312.4300,334.4291,334.5957,333.9338,336.4162,330.0404
395.7419,396.9257,396.5566,401.4752,401.0890,398.4818
380.1940,373.8967,376.6896,374.2008,372.1515,373.9967
389.9466,379.7931,373.6654,375.8891,374.1884,373.9772
373.7508,392.3461,388.8873,389.9730,390.7621,388.8658
345.0801,345.9831,347.9649,344.8345,351.6879,347.1499
327.9590,343.7252,342.2644,342.5788,342.0214,342.1017
330.2850,316.6366,320.0134,320.9398,321.2425,315.3723
422.7913,402.7638,400.6947,403.7891,397.3446,406.3707
350.0594,344.0489,353.1282,351.2042,344.4658,348.0645
379.2593,369.0049,372.6692,366.7297,370.2619,371.6412
335.2869,357.4920,357.7086,359.5983,362.3573,354.5268
352.8227,382.0659,381.3486,378.9397,376.1944,379.7519
394.0377,388.2593,387.0533,387.4137,394.8181,390.0508
388.0896,360.3394,357.1858,360.5702,359.2824,359.8983
330.6471,354.4985,352.1264,357.3034,349.6279,352.9720
336.5494,342.4427,343.0111,336.9021,342.5100,338.1051
355.7704,369.8398,375.2944,373.1083,373.4411,372.4104
392.9117,392.7072,396.2672,390.6545,394.1013,397.8050
433.6623,421.5362,421.7437,418.0237,417.8798,416.5263
425.9914,408.0094,406.6709,409.2960,414.3874,411.5239
369.1479,357.9034,360.0416,361.4897,364.1543,362.4026
427.5030,408.7903,411.1885,412.8645,410.4723,413.6282
376.9220,354.7042,357.1300,359.2794,354.8714,356.4622
313.7597,348.3670,342.5483,339.8771,333.6875,338.2810
349.0613,335.3953,332.6161,333.7288,333.7514,333.4966
395.5835,385.7270,386.4889,390.4310,387.4762,387.9623
455.5726,422.7473,429.1417,426.5586,427.9411,428.2747
376.4079,355.9683,358.3537,363.2890,360.7882,355.8296
432.2122,408.9389,412.9260,407.5597,408.5783,409.7139
334.6865,343.8054,341.1917,338.2182,337.8305,335.6731
361.8611,363.9075,370.8808,366.9540,367.9065,370.0593
415.8745,393.8299,397.0765,396.3585,395.2930,397.0106
361.8976,359.9661,360.1353,358.4774,357.8568,360.4967
416.9635,418.8958,421.5427,420.0684,425.2252,417.8868
338.0294,337.5407,338.3712,340.4551,336.1207,339.4760
328.9852,341.4074,338.2970,342.7961,347.3686,341.0162
341.5286,339.4625,334.3227,337.9333,342.5827,336.5483
388.3634,380.3687,380.6868,380.1292,379.8283,380.0282
450.0836,421.7743,422.7118,421.5576,423.6209,422.9665
390.8924,390.8570,388.3918,389.9263,388.9901,390.9659
337.6767,332.1932,336.9295,333.2766,337.5960,329.8399
377.8447,397.6255,400.8757,396.4182,396.6938,397.7495
407.8655,362.7978,363.1003,363.6071,357.0075,361.4159
349.9134,359.6179,358.9444,361.9752,362.2984,357.9733
368.1610,373.8194,374.8907,369.6171,371.8340,374.0961
384.7677,410.0811,412.2728,411.8656,411.3952,408.4747
371.6265,374.2036,379.6163,377.2407,377.5288,369.2770
353.2908,379.2576,387.7046,383.1143,382.8408,379.5929
395.0113,388.1256,391.8570,388.9421,386.6635,388.6201
376.9489,385.4455,388.7264,390.9398,386.5776,388.0094
326.2170,335.3714,331.0483,334.8005,334.7767,336.8363
319.9042,332.8479,332.4582,333.6049,330.8081,329.0959
438.3542,403.5991,410.9130,403.6954,411.4813,405.0411
376.1241,359.6249,371.8019,366.3069,371.2922,370.2164
323.5554,333.7628,331.3601,332.1030,333.1213,327.0165
305.2793,322.2322,320.2420,317.9650,322.9189,317.9218
352.2193,314.6987,317.2564,317.7888,315.8549,314.1678
319.5375,330.2402,332.3142,331.0321,332.1942,331.4650
358.8725,345.0340,346.0294,349.9002,346.2257,347.3649
367.5320,375.6724,383.0230,381.1595,382.8019,383.2506
384.6978,362.6974,359.9095,361.1399,360.6932,366.4685
376.6133,367.9320,367.8922,368.1413,370.3681,369.8792
349.9747,332.8000,327.5321,330.1140,335.6505,327.3327
364.5101,350.8821,360.2924,356.4590,353.5833,358.2720
389.7736,391.8064,386.9071,386.6934,390.8553,390.7440
375.1814,363.6715,359.4314,361.6424,359.9692,359.4723
362.0346,356.4167,358.1969,357.9769,362.0340,359.4761
317.2392,336.3176,333.5457,335.1555,335.6598,324.0191
429.6747,448.7421,445.7811,449.9823,448.9046,452.4582
349.3424,368.0875,368.9491,369.1536,371.7957,365.0345
312.7180,326.5681,324.7394,326.6283,324.1626,325.5046
351.2155,362.8312,365.6585,362.2239,363.0755,360.3718
385.6129,394.3708,395.2422,395.2910,398.5422,392.8837
410.7876,395.2874,392.3599,395.4207,396.4504,397.4784
328.1606,340.8887,347.6017,345.7068,345.8629,342.8590
369.9743,357.3816,351.5678,353.3596,353.0815,355.6197
451.2671,422.7889,423.1599,420.6413,428.0112,422.0988
322.2496,309.2703,315.4490,312.2821,311.5015,309.8802
424.5953,407.5519,407.8572,399.6619,408.3238,406.5461
348.6329,346.5136,349.8112,347.0112,353.2010,350.2522
347.2693,371.1915,372.5567,366.7530,374.8737,372.4873
397.6276,371.4740,369.6492,369.9235,370.0636,369.2007
325.8671,355.1707,355.2748,353.4383,354.5563,353.2238
458.4580,430.0699,433.5122,439.4083,433.3751,433.4804
400.7295,383.0496,388.3885,389.8159,388.5617,385.1431
354.1630,363.3517,367.4529,373.3144,370.3224,365.6091
377.9537,385.1474,382.5508,384.2107,385.0153,383.1715
408.1982,392.1924,389.6545,388.7546,392.9387,392.1665
387.4024,385.6607,384.3423,384.5065,380.4675,382.2961
361.7773,353.5328,352.6603,352.8897,353.3845,355.0601
409.1274,369.0279,367.6560,367.5499,365.4367,371.6022
369.8841,387.2612,377.0755,378.4225,378.1030,385.4955
380.3548,383.0889,385.7261,386.1248,381.9113,386.3516
396.7321,402.7876,409.3070,407.5526,401.5156,403.6052
385.8462,385.2863,382.7074,375.5088,386.4188,382.9887
355.9995,377.5409,377.2061,379.6343,374.2897,368.4518
351.6659,338.2821,341.9939,343.2710,335.0054,338.7209
328.7313,354.9625,355.2981,352.4680,350.9342,349.5828
388.6880,403.0585,403.0935,402.7371,402.3336,400.8340
352.1768,359.0986,353.5121,355.5330,355.1622,355.6915
321.4880,325.9267,325.0369,325.5174,327.6527,328.8011
345.3854,349.1175,349.3107,345.1657,351.1608,350.5685
439.9698,426.4442,419.2309,431.1819,433.0636,420.9915
370.3512,386.1055,388.9136,392.4351,389.0943,389.7397
351.3090,361.9280,353.3488,354.4937,357.5503,354.0262
419.2632,387.7236,390.3360,383.8983,387.6539,387.0528
369.6378,358.0785,353.6906,353.4734,352.7035,356.6035
354.0836,360.0763,361.8673,359.2241,356.1825,358.5387
375.2319,369.8124,374.1617,373.3583,371.7381,370.0655
342.1743,325.6059,328.4513,333.2770,327.9259,328.9303
409.8254,398.8919,400.5356,402.6762,402.8018,401.9596
382.1905,396.6247,393.1766,388.9625,397.4957,393.1059
400.1464,387.4425,384.4105,381.1262,382.4792,386.8121
358.7086,359.8392,361.0880,362.9085,359.4212,354.3459
417.5394,418.5283,424.4466,425.0522,420.7981,421.4235
370.6486,379.5561,376.8751,373.5341,376.8062,383.4028
375.1031,388.1327,388.5062,389.8453,386.5419,389.8275
346.5014,373.5444,370.9308,370.5708,371.6942,369.0035
425.9951,435.4094,430.9016,430.1996,434.8429,434.5790
401.4551,403.8014,402.4126,408.3351,409.4661,402.5594
394.4825,396.7245,395.2443,396.2009,396.3637,395.4565
363.9611,362.5938,362.7603,364.0404,354.4778,357.7517
372.1108,364.2609,359.0724,361.5055,361.6278,364.1258
343.0085,359.2630,365.9602,363.2249,360.5007,365.4376
381.3823,374.1741,376.3385,371.9280,374.6077,377.0174
398.5884,391.4179,389.5942,388.2416,386.9000,385.0317
331.1430,367.5345,367.4969,364.1795,369.1322,372.4114
356.6099,385.9976,383.1441,384.5461,385.3875,383.9578
353.5606,399.3271,402.8424,401.8559,402.5286,398.8620
368.5578,387.1079,388.6381,382.8802,390.2705,387.8027
349.3765,350.0059,348.2242,348.2607,352.5561,344.4761
346.6797,348.5885,349.5743,347.0940,347.8277,349.0213
390.0347,401.0733,403.3612,401.7650,400.5917,398.1670
347.9348,371.2459,368.5460,369.8145,370.2153,368.9869
377.0748,357.9687,361.3290,363.1212,359.3131,358.3145
393.0699,400.3686,397.1402,400.1776,397.5725,398.6687
370.6218,361.5655,361.2220,358.0729,357.6650,360.2565
356.2668,335.2607,343.3168,340.4824,339.5184,340.4105
364.0729,367.9622,373.5712,371.0012,367.4603,370.5840
430.5183,417.8143,424.2302,424.6263,417.7914,416.1805
371.6904,357.1853,360.8453,358.7569,357.7770,358.2160
403.9928,407.3103,406.3071,406.7184,407.2124,404.9675
397.9207,412.2051,413.2837,413.3998,412.7512,410.1664
369.5668,379.3081,379.6886,380.0030,376.3037,379.6093
357.6971,380.9040,376.5564,373.9735,381.5360,378.8556
400.7616,409.2190,412.5787,401.1739,405.3646,399.3974
382.5606,415.0441,413.9721,415.7030,420.1603,414.9849
414.1059,389.6250,392.3206,394.5176,393.9220,390.0530
401.0049,383.6486,384.4605,378.1841,382.0852,381.0341
416.0391,404.4439,410.0357,408.8669,407.7887,411.0717
330.0968,311.6095,307.1138,309.9857,305.2630,306.5230
302.6085,314.4183,314.0028,311.1284,313.9361,308.3394
381.7703,366.7691,365.7095,367.1597,365.4106,367.0292
416.9465,406.5281,408.9368,406.6739,407.5330,408.6102
362.7546,368.2543,370.5588,368.8842,369.8453,371.1996
361.5794,356.2589,353.5429,352.7281,349.0035,354.9896
364.7595,353.9529,349.9931,352.4286,356.2568,356.6936
408.5467,390.3283,391.4136,389.7824,389.4998,389.3401
356.1417,357.9473,353.7742,356.1308,357.8327,358.0494
383.2662,390.7054,389.6110,393.4593,387.9285,390.5658
335.5098,343.4131,345.5744,343.7603,340.1424,342.0737
349.4221,332.3627,330.8323,335.9051,333.0179,335.5490
341.0216,349.7692,348.5417,351.9495,347.2010,347.5062
374.3490,364.3737,369.1991,366.3384,359.4140,362.3505
367.8904,348.7350,348.3587,349.3417,352.3328,350.5553
441.8220,436.9169,441.3771,443.1731,445.1828,447.2822
348.0794,366.3919,366.8140,366.9862,362.8961,361.4781
397.6377,395.0479,394.5953,390.1496,392.2535,398.3993
402.1228,390.6177,393.3605,388.4704,395.4974,394.3957
330.3257,324.2943,321.7407,323.6901,327.9998,325.2334
439.0482,403.6903,399.8149,401.8274,401.0069,402.7151
368.6789,359.7276,357.0662,359.4603,358.7351,356.3362
352.1747,367.3844,366.8162,367.1523,367.9245,365.9271
391.0942,394.3046,394.8406,391.3152,389.9958,397.7272
400.8726,376.3308,376.9759,375.0232,375.3685,377.8085
381.4496,370.0519,370.2807,370.9356,373.2313,370.3991
386.0433,368.8602,370.7941,373.8522,374.4120,377.7338
364.8823,370.8748,367.4781,370.0227,365.7092,370.1699
385.1497,354.2894,362.4723,362.5912,370.1551,367.6819
323.5838,326.2880,330.3037,327.1422,326.6057,325.1109
414.4329,405.3619,398.3324,397.1918,401.9758,396.5976
414.6812,391.7989,399.6805,398.7818,396.8422,393.6571
445.5603,415.1495,416.4622,417.2752,418.6220,415.8250
419.3139,391.2214,395.9562,393.6256,397.9380,396.0031
415.5726,400.8847,400.1246,397.8394,404.8943,403.9470
344.6028,354.1732,355.5072,355.2309,359.5751,353.9380
418.8057,393.9545,398.9064,403.1286,392.8560,395.5967
417.3104,404.1938,404.2677,404.8559,410.3715,404.8825
417.0309,427.5703,422.3988,426.2644,427.2207,429.2781
368.6494,343.0023,337.5255,341.9377,341.6435,337.8276
319.4526,346.2311,341.0180,345.7022,343.7106,340.5096
329.3836,353.9748,352.5519,351.7847,352.0423,352.1413
405.3678,385.6870,392.3172,391.1926,391.1846,392.4788
379.3981,380.3317,379.5672,381.3621,380.6225,375.9225
372.1625,368.9469,374.1162,368.3659,371.4529,368.0725
358.5932,365.6313,362.0580,360.7901,361.9993,361.1538
421.5785,397.4804,397.7947,399.8686,402.9339,404.0131
357.1965,371.3014,378.2189,379.1684,378.0939,373.7650
360.9394,377.6671,379.2126,380.1756,376.6952,377.8986
366.9256,368.8839,365.8504,366.5134,366.5402,368.4277
414.5635,424.6531,425.1359,423.8694,423.9063,426.0097
330.3536,351.3519,355.3546,354.9366,355.8414,351.8681
358.3448,368.1639,375.3586,367.8316,364.1675,368.6341
425.5809,379.6333,378.9545,378.3738,384.5557,379.3855
336.1066,342.4408,345.7654,344.4554,349.8735,340.2130
389.5320,436.9869,428.6069,432.7003,433.8134,429.0102
374.7240,365.0982,364.5490,367.5455,364.7638,363.3517
410.8164,393.1831,393.0866,394.1614,392.8493,390.5952
415.3490,430.3107,427.7483,426.8324,422.4352,427.2066
362.1718,360.3298,358.8677,363.3154,362.2061,359.9308
419.8855,414.4705,411.7323,414.4793,418.3715,416.3332
327.4847,331.7872,333.1631,331.5145,336.8907,337.1200
395.5327,357.2566,357.0078,353.2736,355.0786,351.7519
366.3296,374.6060,371.6340,370.9872,369.9648,366.2319
422.7920,396.3761,399.2347,398.4243,401.6693,403.1432
418.8101,423.2660,427.1459,428.1016,424.8009,429.4295
342.8511,347.8982,350.4374,353.3595,345.8425,347.9407
326.6705,343.2064,340.3633,337.7650,341.1595,341.1976
407.2908,417.6827,413.2395,414.8181,417.9971,414.5195
370.2731,369.3815,369.1477,373.1916,375.4136,371.4782
364.2463,387.6284,384.3357,386.8253,386.8883,394.6366
377.0737,381.1775,384.5003,380.6347,383.7895,382.2679
407.1403,385.3725,384.5013,388.9074,385.3554,387.6763
373.8257,386.7867,387.3236,385.4650,383.4771,386.8206
318.2760,317.8294,319.9528,321.3570,322.8436,318.3905
388.6344,402.3600,401.2003,403.7039,400.0597,400.2819
392.7634,376.1218,376.8123,377.1674,377.3338,378.5339
356.8327,368.7049,368.1089,371.0802,369.9426,364.4223
405.2113,401.9040,402.2299,396.8970,399.5249,397.1326
442.9603,434.1845,434.2513,436.7081,435.5606,436.8432
401.3277,397.6036,398.5329,396.2353,395.8738,395.0192
368.5741,365.7533,364.7702,363.2220,367.2868,363.6749
311.2651,314.8062,313.9406,319.4453,320.2396,319.7481
376.2561,398.6248,398.2746,403.2288,396.7533,396.7220
288.4106,303.5764,306.7794,304.4906,306.0625,312.2673
342.4107,393.5908,390.2838,387.5018,393.4574,388.7038
416.5739,415.6870,420.9170,417.5173,419.5831,414.0353
453.2805,395.5772,400.7840,398.0880,395.5297,401.6786
393.7869,414.4372,412.2209,412.4135,413.7010,417.4310
359.9006,351.4141,343.8900,346.3899,347.7486,350.6673
330.9772,350.9782,352.0285,350.2580,350.6042,349.7319
384.8565,379.2203,378.6020,376.3851,383.6771,380.1799
410.9410,418.2695,412.7275,420.7215,411.9752,416.4606
363.2453,357.8101,364.2186,361.9477,359.2456,360.3568
331.3905,337.7689,340.1513,334.1459,337.7025,335.8537
427.9904,400.4864,402.8400,401.6897,403.2962,407.4458
334.3889,342.9747,342.7516,345.2947,349.2926,347.8550
415.0464,403.1337,400.7238,401.3163,401.9938,400.8936
467.0007,423.2262,422.4137,419.3901,419.2141,420.3247
382.1695,362.3256,369.4202,365.6170,369.3280,371.6780
383.5483,385.6773,385.2913,386.4483,386.9130,389.8698
354.6595,342.6401,342.9540,346.0200,340.2001,339.7197
382.0247,397.6835,392.8868,396.7556,391.5448,393.7323
341.7607,326.5990,319.6244,328.1042,325.5963,328.4000
353.4161,346.4175,350.7772,349.2257,352.2387,352.1444
340.9685,322.6407,320.7030,322.9975,323.4359,321.6031
402.9082,393.9998,395.6435,397.3863,397.1014,396.6306
396.2703,415.1350,416.3619,412.3633,410.4175,413.5879
413.2312,419.6617,421.7770,418.9683,417.6665,415.8337
