true,pred1,pred2,pred3,pred4,pred5
365.8869,381.1728,383.6908,379.0707,381.8120,384.6095
304.9546,303.1880,305.6783,304.7938,305.9551,302.5249
361.4368,367.5305,365.0749,367.6526,364.5790,368.8418
360.1403,372.7318,372.4145,373.6843,372.8139,372.6321
334.8007,350.1287,348.2856,351.3232,351.4791,353.0123
440.2627,413.6587,412.4622,412.8644,411.8764,412.4624
328.3493,336.1636,336.3375,338.2421,336.2556,337.4237
366.2561,373.7470,375.7729,374.3203,372.9119,372.7973
357.4685,386.1005,385.9125,389.3966,389.7065,385.9160
353.0170,358.2635,358.1902,359.3665,357.3481,360.5010
381.8796,370.6763,371.3391,372.2840,372.2245,371.1933
359.5296,362.6544,360.2068,361.1050,360.3721,360.2405
355.4878,362.0037,361.2702,359.1674,360.1278,360.5697
374.8454,353.8055,353.8590,352.2487,352.5780,354.6210
365.0687,375.2394,375.9328,375.8531,375.8711,376.3229
363.4244,360.6005,361.1116,360.9835,360.6748,359.2629
347.2417,344.3356,343.7037,342.3079,344.2796,342.5102
355.1904,373.0773,376.1103,377.6017,378.9964,379.1585
368.0445,360.7236,361.2382,363.4952,360.9803,364.6612
375.3332,396.1517,398.5719,398.7811,396.9938,397.3774
396.7330,393.0516,393.1147,392.9600,392.8745,396.0788
363.8777,345.7308,351.0468,352.4158,351.2386,355.0929
374.4044,383.7588,382.7781,384.2016,383.3596,384.2342
389.3313,388.9721,388.2801,390.0075,388.2962,384.7960
349.9657,370.7818,374.2207,371.7523,371.9605,375.4554
424.3187,396.2273,396.9050,393.2760,395.5797,398.3229
315.8220,353.8412,352.6613,354.9535,351.4127,352.4319
412.7356,396.0731,397.3269,396.2044,396.7581,396.2421
388.4928,364.5850,367.5697,366.5298,366.8662,364.0522
352.4738,377.4356,377.9298,379.0388,378.0169,376.8127
413.2829,377.9475,377.9801,379.0261,378.4239,379.4888
397.2378,365.8518,366.4090,366.2262,366.1653,365.2601
400.5688,397.4879,400.1641,397.5676,397.9775,397.6940
355.3838,365.8023,365.2714,367.3975,366.2097,364.6390
405.8914,408.9900,410.8299,409.4566,409.5323,409.4505
403.2814,379.5980,381.8276,380.8253,380.8675,381.8838
399.4342,406.7702,409.7469,408.2994,410.7216,409.7853
387.8970,385.5996,384.2479,382.1301,385.9579,384.5939
390.1959,392.5347,391.9330,390.6046,392.6690,395.9654
361.7298,382.5934,383.3470,383.2361,383.6060,384.3334
343.0489,337.7068,340.5348,343.6355,338.8977,342.1177
353.5444,339.6483,338.3620,341.0594,342.6216,342.7886
320.6480,318.0172,317.9712,318.7146,319.8111,317.6987
420.4463,423.7144,422.5127,422.3747,420.1530,419.2713
399.9127,407.4928,407.1081,407.4547,407.4460,406.6478
398.1201,379.4411,387.3293,383.5768,381.4625,386.2396
377.7695,403.3514,403.4273,402.0203,400.0654,402.4645
375.2797,355.5342,355.0304,356.2937,353.3745,356.7541
385.9886,367.9854,366.6871,368.5383,366.8675,367.6689
395.2118,393.2184,389.9993,392.8854,394.6703,390.5506
362.2159,380.4031,377.8346,383.4534,381.8103,380.9017
378.6614,407.5864,407.9642,408.4775,406.6528,404.9263
403.7501,396.1897,395.8785,397.2495,394.5228,393.3589
374.8107,371.9532,370.0843,373.6093,373.2234,375.1094
346.5289,345.5504,344.6361,345.5631,345.8314,347.2084
382.5116,378.8550,378.8799,378.4063,375.5940,378.7946
464.9492,414.9940,414.5674,414.9732,413.2286,412.8030
366.4073,375.9132,377.1751,376.1468,376.6773,374.7701
347.0274,341.1518,342.6158,343.0515,346.3059,342.7449
303.9433,328.6207,331.4695,331.2776,329.5628,332.5136
304.1231,325.1277,328.9014,328.8319,328.9874,326.6769
355.8657,346.2571,346.2039,347.6042,346.4700,348.8756
380.3600,375.0595,375.7839,375.5887,375.2786,374.9276
385.2401,396.5568,394.5664,395.3555,390.7679,395.3354
345.8794,363.0247,365.0723,365.0133,365.4681,365.3837
389.3929,373.8105,372.0622,372.5837,372.9022,372.9208
367.4385,392.5890,388.2264,392.2738,389.9912,389.0754
348.1308,353.3033,352.2405,351.5577,352.5914,353.6495
457.0824,445.8431,445.5912,445.5269,445.2503,444.8240
384.0455,387.1978,386.8576,386.4306,386.6998,386.4842
376.7895,370.8010,369.7787,368.5668,367.5993,368.0177
429.2498,423.9406,424.2128,422.6753,423.4643,420.3123
424.9001,411.4826,410.3354,410.1460,411.1073,406.1940
361.0049,348.2925,350.1063,349.2890,349.1259,348.4108
349.5228,341.2065,340.3572,339.3171,339.6724,340.9563
354.5451,358.5720,358.9106,361.0968,359.1031,359.8175
407.0773,415.6389,415.1969,418.1376,417.4945,417.9134
412.2755,385.4312,386.8610,386.3529,386.8086,385.6397
318.1252,307.7904,307.9782,310.3676,311.6941,311.6491
401.4236,389.1455,388.9228,389.5251,386.8894,390.6749
375.6948,376.0531,373.4167,376.0421,375.0517,372.6851
361.4283,372.0710,370.8171,372.0350,368.0471,368.9644
378.8628,391.5168,394.6652,392.3041,392.5177,394.1605
328.7551,334.4368,334.1386,333.7905,331.9112,330.6088
370.7069,368.1733,367.9367,368.7921,366.8037,369.4390
369.0240,363.6484,363.3397,363.0222,362.4303,360.8559
418.0223,400.5130,401.5780,401.0317,400.6049,402.0403
364.7038,348.1408,346.3795,345.4859,346.4487,346.1179
284.6487,275.7849,272.7923,273.8591,274.8099,274.7168
373.2122,368.0394,366.5765,369.3219,369.7557,368.4519
372.8172,375.1534,377.7251,376.1893,374.6933,377.8394
339.0893,332.0670,333.4259,334.1769,333.8804,334.5004
314.0930,328.5087,327.9650,327.6171,322.9877,324.8793
404.0524,429.8153,413.2540,428.3607,421.7805,421.9578
391.8366,385.5312,387.4662,386.9754,384.6372,386.2048
434.2352,412.2908,413.6597,414.4248,413.8915,415.9127
402.6675,405.5700,403.0578,401.7543,402.0177,402.9524
323.7092,310.2580,311.1260,310.9909,310.5146,309.5713
341.4188,369.8172,366.8003,368.7431,368.7565,367.3617
359.5291,359.0482,357.7356,358.8597,360.6299,360.7853
405.2156,411.5819,411.0489,409.2230,407.8166,408.5264
349.4491,342.9908,343.5775,343.8303,344.1663,342.9825
357.5126,348.5212,347.2843,348.8159,347.8408,347.8326
357.9363,359.2319,358.4624,358.7768,356.7690,357.6241
358.2825,362.8933,364.3635,364.8932,363.8520,364.2921
425.6635,426.8217,427.9287,424.2061,426.7141,429.1080
357.8849,342.7039,343.0470,342.7863,341.8518,342.3704
346.5661,361.4860,363.3645,360.2941,360.2271,359.8587
378.7821,373.7958,375.9191,373.5971,370.3664,368.9793
345.3776,356.9027,361.6411,361.7656,361.2541,358.6315
361.6039,356.0541,356.6384,356.1404,357.3278,355.0094
422.5579,406.5571,407.9939,403.6586,405.3338,408.2916
353.3279,361.7830,364.5394,362.5782,363.6209,363.6169
360.8554,347.8089,347.5674,351.2544,348.9296,349.3744
364.3870,364.0083,366.0552,366.7186,362.7758,364.6262
320.5901,322.4493,321.4037,322.9212,319.8893,322.5033
348.6086,383.5913,384.5658,384.5161,381.2355,382.0172
355.3059,358.8456,357.3943,357.1942,360.4955,358.0187
335.0648,310.2803,310.4868,308.6718,310.7787,311.2262
347.3893,356.3093,356.6065,355.0048,355.7300,355.2861
403.8575,413.1640,413.1477,414.4512,412.9985,415.4515
362.5101,361.6753,358.6494,360.6512,359.5284,359.1569
355.4041,348.1713,347.6737,348.6323,347.9578,346.3606
382.7211,386.8869,384.7330,386.3155,382.2161,385.3899
359.3783,370.7385,372.4943,372.7124,371.6069,377.2912
325.5642,341.9068,341.9321,340.6910,341.4731,341.0393
365.5638,362.2109,360.7261,360.0123,361.4528,361.0550
337.3747,344.0506,347.0591,341.5948,344.5857,339.8995
322.8951,352.6230,350.9021,352.4024,350.6360,353.0851
371.9296,376.2083,377.1324,377.7177,376.8467,374.6137
425.3818,419.1950,421.5289,421.2652,421.0968,419.9649
413.1340,407.2255,403.2798,407.9235,406.5469,405.6317
357.1761,351.8172,347.2537,348.8302,349.2888,347.6459
384.8420,397.6792,397.9277,398.6113,397.8156,400.8643
352.1765,374.5179,372.5364,371.9877,369.1526,371.3863
415.8567,420.0067,421.7146,421.8468,419.1833,417.9974
378.3047,358.5223,356.4103,355.5392,356.1655,360.3726
359.0278,374.5476,374.4280,374.6239,378.6642,377.0055
392.6890,394.2839,399.2206,396.7926,396.4819,398.5344
366.2897,389.1530,390.0331,391.6816,391.0322,388.4432
451.0723,435.2150,435.5634,436.2731,434.6436,434.9096
333.9749,338.3810,336.5972,336.3384,336.5127,337.8291
378.9802,381.5165,381.7540,381.9350,381.2439,380.7988
387.2476,399.1310,398.6267,397.7863,398.1718,397.7188
329.6472,351.9425,349.8162,352.2427,352.2586,351.4387
412.7570,389.4464,397.2285,394.2200,395.6394,392.0035
338.5426,365.6692,367.0512,363.9915,364.1744,364.9162
327.1659,345.7558,346.3037,348.3046,347.3352,345.2555
361.4134,362.7594,364.4412,363.1732,363.3915,363.3259
417.2831,394.7735,393.6212,396.3004,393.4245,394.5238
326.7397,330.7905,331.7572,331.3929,331.4127,331.5797
381.3500,394.5603,392.8142,393.3371,392.2152,392.8366
349.1378,362.5653,361.9031,364.5930,364.1497,363.5261
374.8020,345.7553,346.3884,344.9270,345.9326,343.5249
364.7476,363.6507,365.1185,367.8209,365.9854,365.2117
400.5425,391.4156,391.6229,392.0070,388.1204,390.4177
362.3399,365.9127,367.9190,364.6655,366.7462,362.6190
307.7736,326.6657,322.7975,323.5627,323.9715,323.5760
345.3514,337.8655,336.9681,334.3812,335.1919,337.7362
384.9469,368.1319,367.5898,369.0584,367.4728,368.9855
372.9104,375.4432,370.3014,371.0900,374.3142,373.8622
424.8430,412.4123,414.5483,412.2650,411.9031,411.9343
358.9048,392.5075,393.8874,393.3988,392.5146,393.1948
382.0342,364.6226,365.4690,364.9491,364.7502,362.3428
410.2156,384.7247,385.1622,380.5894,382.0325,380.3058
389.8250,381.0798,383.1213,381.8783,382.1405,382.3671
384.4678,388.8935,391.6867,389.9390,390.6934,388.8708
370.4893,376.1637,379.9973,380.1180,379.9442,381.9786
329.3868,363.5495,362.5486,362.6349,361.0508,363.6917
338.8836,363.4239,361.1718,364.4807,363.2839,364.1008
354.6228,369.7470,368.9533,368.5460,370.3816,367.9078
381.6585,366.1338,366.6016,365.9252,365.1446,365.7332
364.0704,360.6482,358.3489,360.7076,358.5174,359.4446
385.9146,391.3115,388.1733,388.1138,389.4779,391.4636
362.5056,360.7348,359.3667,359.6327,359.7946,359.5796
362.0886,361.4720,362.1034,359.6987,362.3418,362.9335
301.5669,305.3419,305.2528,308.0519,303.9934,308.3466
343.9311,343.8731,342.4672,342.8194,342.9124,342.1343
409.2632,407.7530,404.7562,406.8939,405.5664,404.0857
387.1096,388.2883,387.7853,387.7336,386.2390,388.6752
364.4320,347.3480,345.3427,348.8973,348.5371,346.3540
390.9021,385.9629,384.8602,384.0876,383.5885,382.4555
375.1960,345.2649,348.2815,350.6371,347.0849,350.6393
366.4759,377.8233,377.6292,378.6441,377.7176,376.1714
391.8535,392.1613,393.1624,393.3618,394.7308,394.1336
375.4025,369.3059,368.9873,371.6932,371.8453,372.8851
365.5553,370.5134,372.3293,373.2305,371.8381,370.6927
345.9357,324.8738,325.8389,325.3521,325.7738,324.2402
364.8823,383.7321,386.7888,386.7201,389.6168,386.5181
394.2209,436.9140,435.9918,437.5658,436.5956,435.7001
339.9549,371.9248,372.6458,375.0425,374.2582,374.7271
356.8762,353.0062,355.7726,352.2701,353.0668,354.6711
352.6619,367.0908,371.1408,367.9730,366.3144,367.4612
403.8356,387.2307,386.8778,387.3028,388.6836,384.9166
371.2714,378.7381,380.2156,378.5154,377.3020,378.8351
324.2331,337.4181,336.8213,337.7731,336.3391,337.0196
371.5664,375.7654,377.0387,375.1606,374.8541,373.6500
375.8040,389.4078,388.1054,389.4156,388.1133,389.1459
419.2188,420.0299,420.6485,420.0848,420.4871,418.4185
399.7086,386.1498,383.6984,385.9513,384.9540,383.4898
336.1636,352.4306,352.8745,349.1258,349.5292,353.0464
351.8301,334.4187,334.2810,333.7839,334.9560,335.5912
345.3129,359.2705,359.3155,359.3338,358.1164,359.7315
370.4522,376.7063,379.7288,379.4042,380.2869,380.3683
326.2016,349.2389,346.7565,348.0112,350.7379,347.5527
373.1503,398.7785,398.9110,399.2827,399.2409,397.1671
336.6978,356.3109,356.3946,355.3076,354.8410,356.5054
383.9481,360.6390,361.8948,361.1929,362.3417,361.3988
425.9159,409.0229,412.7589,409.9807,409.2517,408.3819
374.6071,399.8385,402.9902,400.8394,400.7646,402.6855
363.4223,374.0300,374.4701,376.9017,376.8810,375.8628
387.9665,415.1281,414.4411,413.3518,418.5305,415.5923
317.7579,331.2379,332.2246,332.7571,331.2678,332.6326
413.7970,423.8473,422.6177,423.0592,421.5196,422.0183
377.1683,363.2975,361.4933,364.2041,361.9906,362.8114
429.6471,394.8969,394.5219,394.8133,392.7063,392.9330
338.3951,355.6596,354.9141,355.5791,355.1874,354.5256
402.9571,388.7271,386.2421,386.5518,387.8612,386.1133
389.5283,381.4851,379.0829,379.2883,380.2108,379.6279
385.0651,362.2630,367.3417,365.1758,364.9420,365.5661
415.4007,422.4249,420.5514,418.1914,420.9706,417.4892
384.9950,388.3982,385.6756,384.2675,386.2156,385.9734
393.7680,391.2447,391.8450,391.0039,387.7496,391.5998
390.9168,382.1890,382.8286,383.9421,384.2652,385.4879
408.2911,365.0670,363.4950,362.9185,361.0011,361.8040
373.1846,384.6554,381.9858,384.2111,383.2043,385.4026
365.3988,355.8989,357.1905,355.9509,358.1263,356.8679
382.4508,394.6183,396.3742,394.9266,395.7830,394.8260
403.7451,382.7871,388.8022,387.0087,391.3664,388.8375
344.8750,340.4742,342.2282,340.8146,340.2127,341.5514
349.1747,364.4856,363.2767,364.2013,364.7446,362.5191
404.9376,383.7462,381.9226,380.5321,383.2978,381.3462
414.5835,396.8609,397.6784,396.1626,396.5892,391.4690
418.0542,409.6266,410.7600,409.1392,410.2191,406.9055
365.7415,378.7805,378.1227,380.8442,378.3742,378.8213
369.0511,368.8186,370.0238,368.6038,369.7669,368.2473
334.7041,339.3176,337.9402,339.9956,337.3937,341.2606
399.1427,381.5926,382.0230,381.4681,381.2855,380.1271
407.6526,424.6952,425.2830,424.5640,426.0025,425.1866
387.5333,387.8873,388.0070,386.9677,386.5237,386.0068
379.1042,370.8209,368.6474,370.5386,371.8110,373.7214
427.7039,402.5968,402.9833,404.4866,403.6997,401.7294
321.4124,320.4994,320.7363,321.6297,317.1675,321.5242
424.5541,421.6438,427.8225,422.9595,422.8827,423.6010
323.7962,350.9598,350.8917,354.2103,350.1121,351.4423
361.3990,366.1835,365.6672,366.0203,365.7358,366.3591
354.2566,351.2562,348.2479,352.3692,352.2014,352.5145
406.3896,412.5988,412.8584,412.5391,414.3766,412.5007
333.7121,352.3428,353.0222,353.1639,352.2063,353.9054
400.6855,402.2189,405.5160,404.1384,404.8250,402.7316
393.6313,388.7860,390.8236,390.1330,389.5254,390.7244
412.1054,411.1805,409.3597,406.8751,405.5443,405.9524
396.1976,378.1088,379.2816,378.1837,378.6130,377.5692
382.6242,405.2616,402.2063,405.8748,407.5491,407.3727
408.0822,388.4810,388.6659,387.8125,389.0724,386.6615
368.7559,363.8825,363.4633,361.7343,362.8481,362.0891
350.8588,352.4414,349.7314,353.6053,353.8948,353.3960
404.0605,380.3924,381.2593,379.4130,381.3343,379.1500
396.0917,376.4327,376.9491,375.4834,375.1411,372.3258
343.2159,353.3772,350.4739,356.8573,352.1856,353.7242
351.0901,378.3406,376.4149,379.8340,378.8148,375.6758
305.0436,296.9113,296.3035,298.2250,297.7678,300.0667
384.0977,379.9042,380.5858,381.8389,384.8335,381.8067
365.4428,349.9478,350.9655,349.9062,350.1674,349.6452
411.8357,411.9155,412.0705,412.2308,411.9837,411.1803
370.9799,334.6149,333.5408,335.0968,334.4406,335.8448
367.6002,378.7709,381.3369,380.8122,385.9891,384.8612
388.7115,368.4186,369.0260,369.0088,366.4892,368.9050
373.7783,383.4853,383.2017,383.4957,384.8213,383.3882
380.0109,389.7904,391.1032,391.1764,389.5001,389.5907
376.0379,361.0702,363.1754,367.3153,365.2877,362.4300
351.9006,348.6555,347.8985,348.5979,348.6876,347.9557
405.3966,410.7556,411.3186,407.9225,409.8427,412.5651
397.5981,398.7030,397.4927,397.5611,396.2585,397.7981
452.3468,412.4343,414.2582,412.1306,410.9242,410.8442
368.8198,364.1968,367.2226,363.4586,364.6148,365.7440
423.6574,402.3965,403.2754,400.6291,401.6828,400.2974
390.8492,384.6907,387.2103,385.9302,383.5855,384.8221
341.9593,338.7593,337.2150,338.1085,337.7464,336.7668
399.1775,381.0750,381.5370,380.4264,380.6997,380.7620
370.8759,334.6654,332.8635,333.1111,333.0085,333.2875
406.5178,410.8514,410.5070,408.0256,408.8240,408.6462
384.6660,368.8088,369.6989,367.5030,365.4009,369.5519
341.9203,355.8983,354.1839,353.1076,354.8807,353.9009
376.8961,379.2290,378.4892,381.0101,381.5058,382.0330
386.4172,375.9508,378.7170,380.3588,380.1017,378.7166
382.6672,386.4170,387.2824,387.5583,385.8079,387.5557
444.0641,401.9261,403.0522,405.4221,405.4776,402.3251
385.9106,378.3621,381.5429,382.9057,379.9839,383.3253
389.6926,384.7999,383.9655,382.6708,384.2007,389.0501
406.8261,387.3332,390.0637,387.8904,386.5317,390.6983
348.2347,390.7780,393.0162,393.2120,390.1522,393.0511
344.9959,321.7208,321.2339,322.1909,321.8337,323.2704
335.9935,354.6237,354.5707,356.5534,354.9526,356.0532
417.0582,388.2339,389.9139,390.3438,389.5843,392.5159
439.2402,421.2398,423.3102,423.3464,421.5376,420.2329
409.5665,391.2398,390.3386,392.0963,392.9359,392.2672
375.6293,363.1961,365.1882,364.1935,365.0129,365.6567
415.0702,388.6501,388.3508,389.2158,389.0946,389.1659
362.7017,404.6791,406.7085,409.9725,406.5242,407.5061
347.5249,348.9701,347.6633,349.6834,347.9435,348.1034
366.8278,354.5566,351.5094,353.1159,356.0711,355.7667
445.5325,413.4591,410.5302,413.2663,414.9952,415.4398
404.7265,392.7064,393.6128,389.9930,393.1028,389.9004
382.7591,390.5213,394.6142,392.7163,394.0911,395.5831
358.2732,343.3107,346.2177,343.6551,344.6886,344.6274
364.2971,356.1512,354.8019,354.6363,351.6924,351.3281
367.0015,383.7587,383.9591,383.8235,382.9156,382.6713
351.6888,351.8273,352.6078,350.6513,350.9123,350.5094
372.9944,363.9969,367.3100,363.6148,368.6724,368.8689
346.0661,350.9921,346.7224,347.3298,348.8208,348.6469
406.8812,413.2668,413.9744,413.7800,413.2359,411.2012
409.0624,403.1486,405.0847,405.3554,407.1360,405.2933
362.6234,360.1598,361.2062,361.1409,359.4899,359.2583
420.9360,411.7683,412.3449,410.0222,407.6883,406.5372
346.0428,352.8647,346.2104,348.5709,351.4178,350.7360
346.9768,375.2587,375.7602,378.0883,377.2715,377.4404
388.5659,374.0699,373.5523,371.3135,373.3773,371.8923
386.8348,387.0094,386.2250,386.2389,387.4347,385.6296
351.3013,357.4257,357.8782,358.6115,354.2637,356.8542
365.3049,373.0617,372.5072,372.2158,372.9486,372.5484
359.8166,362.8309,362.1261,360.6595,362.1782,361.4705
409.4993,405.4885,409.8042,407.1372,408.2702,408.7448
373.8365,362.6066,363.8728,362.6961,362.4716,361.6887
368.5117,356.1578,356.8247,357.4018,355.3762,356.8032
393.6119,375.8470,376.8677,378.6572,376.3093,375.7143
368.4081,376.5922,380.1007,376.4384,378.9093,378.3342
325.7841,312.2008,310.3577,313.0532,310.5160,312.9496
376.8631,400.1110,395.9076,396.5026,397.1125,398.1691
385.5976,382.3905,382.8716,384.7856,384.5357,383.7044
398.8112,387.3732,384.9270,386.0511,385.6564,385.3021
408.1053,388.6744,387.9634,387.6527,388.1401,387.3526
326.5472,331.6507,333.1646,329.9489,331.8441,331.6159
348.1256,336.3671,339.0400,337.3951,338.7938,337.1856
354.8834,363.4822,361.5467,363.1734,362.7981,362.3769
376.2719,390.5506,390.3066,389.0884,389.4413,389.6866
361.7102,372.2994,372.7565,372.6241,371.8960,376.1844
454.5593,439.0533,438.7860,442.2374,439.8973,435.2121
359.1407,380.2189,382.1413,381.3357,380.9216,383.9176
361.5575,366.3188,366.8995,365.6959,363.9684,364.3649
372.2687,386.7937,388.4618,385.6462,385.2269,385.6955
350.8551,363.7109,361.6917,363.1436,362.1378,363.0194
399.6580,400.5938,400.7573,402.0592,401.9485,399.1460
322.1763,328.7460,326.0417,325.9270,324.9206,327.7236
393.9518,396.2018,397.0985,396.7827,392.5188,396.3318
346.6352,352.9683,353.8047,354.9031,353.9440,357.9097
368.9288,359.2472,361.5066,357.2519,353.8754,354.9846
363.7607,373.1120,373.6332,372.2024,372.3552,372.9308
338.6794,333.7362,334.9070,335.1093,333.9051,335.3479
375.5712,389.8718,390.2772,390.3638,392.3010,392.8343
369.3559,366.8177,364.4051,362.3313,364.3934,364.9328
338.0971,348.6557,350.4218,351.2892,352.1654,347.6809
348.2012,339.8939,339.6179,338.4909,335.4671,336.8924
424.1903,406.7815,406.1222,406.2089,408.4365,406.2309
376.8390,404.4334,405.4064,403.7185,403.5792,402.5993
399.9856,394.4731,393.3134,390.7748,392.9303,391.5664
363.2286,346.7439,344.8682,346.0197,346.2136,346.6045
341.8489,331.9297,330.9916,330.1363,329.2385,331.5376
347.0988,362.4027,362.8663,365.5210,362.0210,362.8885
428.4992,399.4720,399.1242,400.7437,399.4870,397.2721
442.4280,412.3995,410.5556,411.3250,414.0027,412.6333
390.9590,371.5024,370.9415,370.2505,371.8199,371.6082
378.6525,391.7332,391.7817,390.4557,390.5888,391.5561
370.4661,359.8731,361.9158,359.8566,361.1562,361.2227
340.7944,351.4219,352.5093,348.5695,351.6663,351.9435
383.3762,381.1096,381.1155,381.2967,381.4839,381.9564
334.9752,358.3655,351.8733,351.2278,351.0422,347.6412
361.9135,380.1871,380.5866,383.3878,382.0982,380.8672
392.5949,378.7265,379.2339,379.6052,379.4631,379.6076
341.8390,363.2632,366.7188,364.5986,363.5111,363.7892
392.2327,391.8385,390.7075,391.1885,390.6569,390.9581
359.3600,360.1765,360.4108,361.8204,358.9831,361.1161
399.7080,389.1081,390.6183,388.5712,390.4458,388.4045
399.2041,390.6430,385.9359,391.1159,389.3430,387.8243
350.7068,351.8747,353.1339,352.8340,352.5370,352.6053
415.8977,415.6801,420.1697,420.8556,419.8336,418.5486
376.1487,382.9928,384.1759,382.6552,382.5686,382.9631
382.1525,354.6995,353.6990,354.5114,356.4608,356.3945
409.3721,386.9012,388.2683,385.5142,386.1657,388.0231
361.2283,366.6982,367.1143,367.2884,366.5990,367.3811
417.9668,402.4050,403.9111,401.6923,403.2445,402.8749
394.9504,394.7116,395.3999,393.5811,394.9167,392.2908
395.6225,393.0632,392.0400,393.5895,401.0856,394.0373
369.0938,358.1269,361.8182,363.1552,359.7282,358.1452
331.3340,360.2402,362.5256,359.6365,359.4956,358.5869
364.0959,377.1161,373.4712,373.1368,374.3326,374.0409
333.7089,367.5922,365.4799,366.5176,365.6834,367.3811
370.5301,375.7596,371.2761,374.2571,373.8002,374.7039
392.0918,410.5950,414.4206,414.0388,411.9832,412.6262
313.0561,321.4702,319.8390,322.4946,323.9780,322.6390
356.1170,353.8951,353.5607,350.6565,350.7536,352.8896
394.5428,384.6827,383.9694,382.3220,383.0039,385.4513
388.8035,370.1849,374.1480,372.2223,370.9676,370.0665
362.9695,381.8873,381.5799,383.8934,382.2311,382.0914
337.6411,357.4024,359.4504,359.4365,357.2303,357.8415
365.1862,362.7421,364.2537,363.0991,363.4562,363.1669
408.9071,399.4691,401.7467,397.5089,400.3686,399.2481
382.1131,371.5879,370.9204,371.7109,371.9989,371.3608
364.4072,342.3796,342.0690,342.3689,341.2960,342.6867
348.0411,367.7658,370.4544,366.5580,365.4627,367.5499
366.7114,362.8636,360.3746,362.5448,360.8534,359.7692
371.6198,375.2919,376.2513,379.1183,379.4425,373.5486
352.6716,354.0235,355.2819,355.1588,355.3555,354.8727
375.6361,379.8398,377.3523,378.8244,378.6796,381.1247
339.2495,339.5118,343.3564,347.8210,339.3521,343.2326
355.8145,357.6482,360.7417,358.6585,359.5347,358.7117
365.3032,354.1802,354.6643,355.1167,355.3801,351.5818
414.3315,408.7157,406.4630,404.1724,403.1866,405.5316
379.2786,357.4775,357.0822,356.7967,356.4491,357.8253
330.8902,327.4723,323.9666,323.6428,322.0373,322.1848
387.6966,387.3723,384.6125,387.2820,385.5208,386.7632
391.2959,398.3905,398.9412,399.1771,400.0010,398.4368
380.8087,373.6601,373.4064,373.5764,372.5526,373.1951
415.7699,400.9785,402.1924,400.9876,399.7650,400.9551
375.8341,381.1779,380.8217,378.8285,380.5462,380.1133
368.1038,382.7394,382.0911,380.0578,383.3061,381.6332
333.5947,354.0262,352.6329,352.9636,354.6902,355.9883
399.3059,387.3980,389.5603,388.2324,389.3384,388.3666
374.0856,367.2958,364.2700,361.4009,370.6054,369.3836
407.4931,397.6301,405.1140,408.1709,400.5042,402.9758
404.1956,372.8242,368.8838,371.3127,372.2517,370.8155
403.6906,409.1740,410.6879,408.9048,409.5553,410.0466
422.8833,415.4334,415.6259,417.0955,418.6249,414.6921
407.0562,418.1260,416.3162,416.1349,416.4909,414.7623
393.6302,386.6035,388.7650,385.2933,387.0520,387.7839
408.8385,401.2053,401.8166,400.4764,401.1187,400.9828
330.3940,328.1388,327.8512,327.9885,328.6882,327.5265
395.8841,392.3920,393.1956,390.5735,391.0029,389.0144
404.8918,409.2972,407.7575,407.9408,408.6838,407.6974
360.0556,382.8763,384.3052,383.0593,385.5155,384.9042
454.8328,443.2032,445.4328,444.8381,443.9315,444.7879
445.8825,453.6457,453.9212,453.8966,452.7071,456.1321
429.4426,400.7795,401.7379,403.0654,399.3232,403.4495
320.4800,347.5431,349.3778,348.7005,349.3488,351.0857
384.3941,384.9610,386.6182,387.2534,384.9225,386.8402
380.0182,361.8364,362.3231,363.0079,361.4563,363.4669
444.1242,413.9555,413.8476,414.0293,415.1552,413.8315
395.6961,402.9069,401.8898,402.6117,402.7394,402.3216
387.7772,393.8734,390.4341,394.3682,394.2124,392.2717
397.4501,374.4450,372.3236,371.1779,373.4885,374.6200
351.7733,314.7296,313.4117,312.5928,314.3105,313.5723
417.3079,405.9492,405.1232,406.7846,405.8974,406.4432
402.5836,384.1806,384.4189,386.3543,386.0009,386.9690
388.0438,371.4066,371.7929,372.0767,371.8634,370.8221
362.2053,347.3737,345.5392,346.3046,345.8203,344.7738
362.3628,389.6428,390.3880,392.6702,392.0596,391.6122
350.0055,345.0122,343.9727,347.5669,344.4277,344.7858
346.0058,344.8703,342.4162,344.2201,346.8971,347.2297
385.1232,394.2984,394.1178,393.2466,393.6353,391.5277
317.4642,320.1457,320.5132,321.1854,320.1137,324.4720
350.6834,357.6669,357.8625,357.5555,358.3701,359.3469
364.4221,377.3601,377.8968,376.5511,379.1564,376.6027
343.8852,360.8462,361.7688,362.2404,361.7969,359.9822
411.8817,398.6169,399.4862,399.0536,397.6878,398.4854
360.9593,371.1885,371.3346,371.7008,372.5595,372.8096
380.1935,386.6675,387.2343,384.4745,387.9549,387.3032
370.4482,399.2656,398.5183,394.7042,397.4013,396.9605
413.3569,405.6379,404.4873,404.8857,403.5384,405.4103
396.8178,392.5345,391.5628,391.6380,393.2313,390.0957
358.4522,374.1040,380.0122,371.5565,376.4004,381.3221
359.0183,366.0794,363.2464,361.5776,362.6640,367.8757
404.0075,406.3814,405.0397,407.3607,407.4044,405.5251
415.9542,408.9905,409.8011,410.2252,408.3112,408.6331
372.0262,387.9848,390.8180,388.3099,389.3903,388.8609
375.9264,368.1086,367.1596,367.5919,368.1046,368.1495
345.8801,340.7235,339.0811,339.3490,340.0204,339.5141
366.0204,374.2762,370.5958,375.2202,373.9450,376.2748
348.7287,358.9473,359.7983,358.5183,360.1135,361.0060
367.2767,352.2074,355.8668,352.4677,351.8574,353.9888
353.2359,348.3116,350.3883,349.1758,349.5251,352.1781
348.6875,362.0867,361.6175,362.7983,363.1854,365.5078
383.2333,365.6125,365.8603,365.3032,365.4004,366.0416
392.0255,389.3032,389.3068,390.8113,390.4564,389.9972
464.8315,423.2093,423.1852,423.3111,419.1340,421.5791
338.0895,349.7190,352.4935,352.4909,349.4258,347.5817
361.2665,356.7457,355.7953,356.3192,357.0035,355.5252
388.2661,402.7108,403.3020,404.3708,403.6690,402.8284
391.6921,381.0812,384.5623,381.2071,381.2352,379.9538
348.7061,359.3441,359.7290,359.4394,360.1206,358.3600
422.9252,406.0044,407.4096,405.0947,407.3772,406.5801
407.4822,414.6906,414.4053,414.1743,414.0150,413.4923
369.5254,367.0022,365.2857,368.0340,367.0620,368.6208
405.2362,397.6158,397.8951,398.3038,396.1824,394.1844
412.3038,412.6941,411.4353,413.4923,412.3502,412.6352
401.2952,399.6430,399.8084,401.1970,400.5975,401.4229
381.8391,375.0202,370.4974,374.3493,368.5980,370.2031
364.5512,371.8179,370.9978,371.8910,369.4004,371.9009
296.6503,306.1299,307.5101,309.4736,307.2843,307.5522
382.1555,364.2405,364.8563,366.1359,368.1595,363.4200
397.6809,383.3247,388.8110,390.2317,388.6841,385.9520
332.5664,340.2474,343.4800,345.7379,343.1755,342.2735
399.7493,378.2885,378.4801,376.1469,378.4215,380.6771
398.6381,396.7476,398.2759,397.5906,396.9341,397.9213
403.7752,393.5680,394.2526,394.2700,393.9761,392.3239
374.0317,394.8055,393.2443,393.6020,394.8444,392.0160
367.6874,350.7182,352.4763,352.7992,349.6107,351.3090
404.2295,411.6308,413.0955,410.2484,412.8177,411.9040
392.7091,375.7821,373.3248,374.6619,373.8581,376.8427
364.4344,368.6403,372.0400,371.2638,367.4475,372.5475
390.7545,354.3941,352.2123,353.6204,357.1567,355.1715
460.5247,421.2099,420.7251,421.5282,421.3735,418.7208
307.5269,335.8905,339.3510,336.7872,337.4777,336.8368
355.1172,362.8607,363.6812,366.1311,363.1929,365.5110
373.3210,375.4149,374.1171,374.9184,375.0783,375.1891
348.9029,388.1073,386.8970,387.8093,387.8880,387.5732
393.6877,397.7926,397.4555,393.5510,395.9256,395.7089
354.5742,363.6871,368.7458,365.6762,364.7307,364.1943
385.4751,376.3181,373.7068,374.1992,372.6039,373.9297
337.6108,336.1191,334.4440,336.1365,333.8081,334.4189
405.8789,385.0077,385.8244,386.8839,387.3832,389.0157
373.8749,390.4129,390.3184,388.8759,386.9754,389.1425
381.8611,384.8214,382.3399,383.1819,380.8036,382.1341
373.4845,385.2797,384.8250,383.6504,382.7575,382.9450
335.3165,372.8807,370.0356,372.0282,371.8852,373.0687
366.3022,374.1171,376.3337,374.9783,375.4389,374.6166
417.5107,417.7004,418.9811,420.0441,418.5838,418.6613
381.9722,389.8419,390.5050,388.5909,388.3436,389.1332
390.2446,388.9865,388.9333,389.5840,389.3247,387.9270
365.0479,377.3708,379.0784,379.1521,377.5758,373.1996
381.2875,382.9228,385.1625,381.0094,383.5087,384.3571
422.5253,393.8271,393.3789,389.0720,391.1943,390.6807
293.2433,294.3988,294.0111,294.9792,292.3090,292.3971
403.5358,404.2296,404.1974,404.4873,406.1028,410.0999
393.4115,391.5871,388.1340,388.2891,389.1552,389.6832
409.5409,393.6818,394.7680,395.9283,395.0716,395.3046
354.4179,337.9779,338.1823,336.7707,337.5408,340.3368
388.2392,378.0209,380.1361,376.5835,379.0296,375.0127
427.6814,418.0650,418.3593,418.7452,418.5849,418.0406
391.0328,391.6102,392.9871,393.2818,397.6832,401.0826
411.3433,397.1817,397.8845,395.2930,392.7171,395.5604
382.2860,390.8163,391.3917,392.1603,390.1579,390.8614
376.7176,370.3211,368.4599,369.6188,367.9399,367.8026
405.4306,386.0112,386.5291,387.5566,384.4040,385.7910
382.3940,398.7017,397.8920,398.8769,400.1471,401.7285
356.2417,351.7193,349.9129,349.6496,349.9162,351.9676
379.4056,378.6648,378.9217,376.6870,377.2596,379.2982
378.3956,348.2596,349.4552,352.0692,351.3315,348.3052
348.4916,382.7454,382.2454,381.2340,380.4439,380.7294
378.8610,379.9128,384.2802,382.7226,382.2120,385.4459
414.6166,393.2484,394.8080,394.5928,394.4665,394.6433
312.2821,327.5831,325.0718,326.0947,326.5525,326.0778
416.0663,418.8218,419.6716,421.0131,421.1237,418.7543
400.2976,373.0019,374.9069,373.5606,369.3702,368.7093
344.7808,346.4357,347.8088,347.4049,348.1319,346.6646
384.5720,392.4661,393.0373,391.2523,390.9929,391.7269
386.8736,383.2614,377.6498,382.8540,382.9599,385.1972
423.0630,402.4268,401.8780,403.0084,402.2867,401.5228
452.0702,458.7441,465.0088,465.3964,465.3996,464.0992
344.1848,354.7406,354.1387,353.7545,353.7548,354.1739
367.7311,372.9343,373.5635,374.3675,374.8156,373.1606
354.2261,368.5172,371.8233,370.9961,369.8087,368.4872
423.9480,402.0576,402.5696,404.2862,402.6456,404.0475
300.4747,321.4811,319.9294,320.9921,321.2760,321.7027
354.6825,329.2010,326.8073,326.5932,324.9414,322.5074
375.9459,373.4975,372.3510,373.6124,373.8505,374.0049
316.0678,294.6256,298.0494,298.0641,295.4939,299.3260
323.6078,309.8428,311.2653,310.6291,312.3523,311.8690
341.3852,337.4102,334.6841,335.5210,335.8339,335.9842
443.0497,417.6276,419.6540,424.2504,425.9765,421.9978
388.9924,388.4407,388.1759,386.6200,387.2500,387.7355
336.4189,332.6830,330.5301,332.8458,326.5726,331.2266
344.0917,328.3914,328.9357,328.5204,329.4481,330.8048
328.2657,325.5166,326.1190,325.4264,324.3927,326.6061
368.8277,385.2091,386.5166,385.2126,385.0547,384.8645
346.1715,350.2855,348.4209,348.2046,352.6101,348.1527
350.1971,350.5542,349.9551,350.0131,350.9214,351.0506
338.2911,337.3265,332.9568,333.4585,335.6125,335.0409
346.5342,358.7454,358.3798,358.3266,357.1636,357.5571
395.7013,388.9273,385.9920,386.9566,386.6003,391.6845
356.0429,361.0028,360.1827,362.0290,362.1300,361.6012
358.5336,369.4122,367.9212,367.8417,368.4970,368.9192
349.6022,336.3277,337.4963,335.7388,335.9919,338.2339
386.6095,383.2105,380.5295,381.6370,381.8872,380.5438
393.6702,373.5302,378.4149,376.7196,375.0326,378.6511
355.6940,369.5816,371.0840,370.3843,368.7797,370.8119
363.8671,389.8963,390.3025,388.9614,389.8032,393.6729
348.5328,356.9764,355.7007,354.1798,353.9127,354.6089
327.2126,311.4627,313.0239,313.2741,311.9936,313.2097
336.8899,335.1032,335.8672,337.3782,335.7167,335.4698
363.4984,371.9960,372.4506,371.8846,371.2981,371.7664
345.2885,374.7979,374.8389,374.1358,375.3688,374.5577
424.8382,398.9733,397.8031,397.6768,397.6303,397.9900
307.4553,308.4163,309.5804,311.1085,309.5370,308.2937
312.4300,322.1685,317.9378,325.1409,327.9315,325.6906
395.7419,415.0579,410.5345,415.2327,410.7453,414.3588
380.1940,374.7348,375.4304,375.1194,375.2454,376.3624
389.9466,380.6275,380.0908,380.4290,379.4738,379.0437
373.7508,385.6418,384.3499,385.0342,385.5449,382.8178
345.0801,339.3458,336.3769,337.5204,339.2875,339.4526
327.9590,342.3689,342.2219,339.9365,342.2116,341.0345
330.2850,314.6753,313.5280,315.1365,314.5581,313.5446
422.7913,400.8817,397.2865,399.1639,401.1755,400.1642
350.0594,350.3155,348.6602,347.4312,339.3517,344.9819
379.2593,370.9974,371.7843,370.4201,371.7712,370.7925
335.2869,357.6545,359.4097,358.4104,356.7647,358.1154
352.8227,377.0223,378.4086,375.7413,374.8457,375.0958
394.0377,393.6187,390.6679,389.9608,392.6766,391.4518
388.0896,367.1534,363.7773,366.2319,367.7648,366.1285
330.6471,350.9241,348.4253,350.3400,349.1981,352.5724
336.5494,343.9673,346.4401,346.3367,344.4975,343.6054
355.7704,372.9253,372.6399,372.1107,373.3610,373.6196
392.9117,393.2664,395.9004,394.7446,395.5736,396.4965
433.6623,422.4086,421.6059,424.1291,420.6030,422.0087
425.9914,413.1781,411.9797,411.9935,410.5546,412.3015
369.1479,363.9390,367.8526,365.6874,364.5576,363.4060
427.5030,405.7333,405.5127,404.4406,404.8218,404.8787
376.9220,366.8545,365.3531,366.6923,369.3022,367.2075
313.7597,334.1316,333.3621,330.1843,332.3615,333.4708
349.0613,336.7214,336.4011,335.3606,336.5381,337.2462
395.5835,388.2403,387.8444,390.0887,387.4827,388.0602
455.5726,429.0110,431.5341,432.2157,431.6716,432.2815
376.4079,357.3264,357.7242,360.4145,358.2118,360.9696
432.2122,418.5986,418.8278,418.4171,419.1470,417.8602
334.6865,334.5020,334.2120,334.1974,334.0370,333.3459
361.8611,362.8330,372.4115,370.0028,369.2525,372.2080
415.8745,393.9199,395.0526,395.0028,391.2377,393.1057
361.8976,367.3321,367.4053,369.3128,367.5454,367.0657
416.9635,418.6418,418.9209,417.9254,419.1071,418.8152
338.0294,340.4512,338.5460,339.2977,339.6730,337.7431
328.9852,349.6793,347.4095,348.4411,350.0795,351.0556
341.5286,330.0887,331.3341,329.3070,333.1020,333.4023
388.3634,377.1044,376.7267,377.6772,378.1694,377.3787
450.0836,423.0314,426.0496,424.7854,425.5243,425.6156
390.8924,386.5766,388.9062,387.0398,385.2650,387.2036
337.6767,345.2319,348.9523,349.2658,349.3523,349.2535
377.8447,395.2364,397.1572,395.3431,398.1269,396.7283
407.8655,365.3052,366.3745,366.2448,368.0625,366.2311
349.9134,356.9570,353.8053,354.8414,354.7677,355.2191
368.1610,360.3783,360.7790,362.0065,359.9799,363.4239
384.7677,412.9741,415.8694,416.5345,415.5510,414.2895
371.6265,377.2823,375.6347,377.3898,377.5657,375.1993
353.2908,374.6662,376.4979,375.8678,374.4991,373.3567
395.0113,385.5089,386.8405,384.5989,385.7091,386.8169
376.9489,394.6969,402.9508,397.2145,399.2746,398.8620
326.2170,322.5355,320.7044,322.9171,322.5204,326.0798
319.9042,335.6556,335.1207,335.7726,335.6442,334.0347
438.3542,397.9490,402.0555,402.8223,400.3359,400.5048
376.1241,375.6732,378.4985,379.0886,378.0718,379.3340
323.5554,330.8957,330.7190,332.3047,329.3901,330.6642
305.2793,317.3257,315.2078,315.4495,314.4382,314.2615
352.2193,315.7000,317.8923,318.6773,317.7370,317.1420
319.5375,337.0942,336.3018,335.8859,337.0294,337.3150
358.8725,356.8627,354.2002,352.6948,353.6012,353.5269
367.5320,372.1916,373.6432,372.7522,374.5076,372.4865
384.6978,382.3682,381.1225,378.6984,382.5805,384.3620
376.6133,363.3922,356.9786,359.2073,360.0566,363.3618
349.9747,335.0663,334.3355,334.7721,336.1700,334.4513
364.5101,367.8353,366.8741,365.3237,358.7640,362.2238
389.7736,384.2641,385.0936,384.4386,385.4076,386.6911
375.1814,356.1650,355.0639,357.3010,354.0422,353.8607
362.0346,352.0715,358.8054,353.8687,355.1264,355.3852
317.2392,327.3212,326.6859,330.3376,330.2271,326.9301
429.6747,440.5265,439.6368,442.3273,440.5374,440.9612
349.3424,367.2742,368.1135,368.8550,369.4068,368.7389
312.7180,328.7416,327.9638,328.3854,327.7379,327.7780
351.2155,360.3038,363.5131,359.0933,360.1108,361.3865
385.6129,386.5891,387.9584,385.2711,386.4083,385.3304
410.7876,392.6795,390.4096,391.9168,391.3865,393.9985
328.1606,338.8853,339.3040,340.3041,339.7660,342.4143
369.9743,342.9344,347.4493,345.6373,344.3718,344.2269
451.2671,410.4633,411.8504,412.3244,415.1383,413.1263
322.2496,298.6209,298.8522,299.6013,297.8400,296.8247
424.5953,416.6413,420.4273,413.3802,419.7510,419.5150
348.6329,337.8403,331.8323,330.9474,338.0206,336.9572
347.2693,354.5320,356.2770,356.3645,358.7165,356.9805
397.6276,369.9626,372.3537,372.0321,371.2417,370.2041
325.8671,357.4973,356.6404,356.0258,358.0467,357.3513
458.4580,436.0820,435.5247,435.6115,434.3816,433.9759
400.7295,381.4395,380.1398,379.0584,382.1667,379.5348
354.1630,368.5999,369.0767,371.0801,372.5497,369.8100
377.9537,382.5959,384.8646,384.5460,385.6135,384.5531
408.1982,401.0255,397.8445,398.2996,399.5266,400.0216
387.4024,385.4863,387.5717,389.6512,385.7027,386.2753
361.7773,350.2805,350.3641,351.3730,349.5882,350.7270
409.1274,377.8195,378.4480,379.9834,376.4935,378.9314
369.8841,383.4777,383.6600,383.7454,383.0955,385.4484
380.3548,385.1476,384.6465,384.2425,386.3080,386.4438
396.7321,400.7211,399.8386,400.4166,399.8805,398.5435
385.8462,376.5931,379.6893,380.5068,378.1944,379.1636
355.9995,390.2256,390.3653,390.3616,387.0051,387.9547
351.6659,332.2499,334.5149,336.9505,335.5022,335.3210
328.7313,349.2347,347.9027,348.5085,349.1350,349.9749
388.6880,396.4182,398.3764,396.1395,398.4501,397.6041
352.1768,359.1476,358.6856,360.2706,358.4335,359.6026
321.4880,331.1275,329.3289,328.8958,329.2244,330.8465
345.3854,354.3600,355.0992,354.3377,353.3253,351.8642
439.9698,438.8455,440.2925,438.6597,440.7753,441.0300
370.3512,392.3394,390.2642,392.3554,389.2900,389.7135
351.3090,359.5244,355.0276,354.8976,356.1866,358.0117
419.2632,394.8078,396.0421,394.2702,394.9023,393.8478
369.6378,349.3633,350.5265,349.5183,350.1947,350.4706
354.0836,356.4060,356.5552,357.9975,355.4678,354.4365
375.2319,372.3662,373.9563,374.0065,373.1678,372.2888
342.1743,330.6826,329.7659,330.4471,331.1910,328.2464
409.8254,402.6176,402.7134,404.1858,404.6104,403.6336
382.1905,387.2461,386.4828,386.0629,386.0799,388.6153
400.1464,381.6723,380.9500,379.2068,378.8666,381.6507
358.7086,352.7715,353.1166,352.2202,353.0540,351.9341
417.5394,406.7184,412.0339,407.6031,407.4532,406.7821
370.6486,378.7654,378.8131,378.1321,378.7252,381.2235
375.1031,385.5379,385.9991,385.4276,386.6846,387.2652
346.5014,365.9755,368.5784,365.8343,367.9188,365.3697
425.9951,418.9494,417.8104,417.5437,419.5206,418.8077
401.4551,400.2351,401.6252,401.0529,399.6926,401.8296
394.4825,387.0433,387.3816,385.6726,387.2374,386.1887
363.9611,369.4469,367.2106,368.8527,365.7156,368.9397
372.1108,368.9063,366.6384,366.7184,365.3641,367.5843
343.0085,360.2656,365.0768,365.9407,367.4522,365.6207
381.3823,372.4948,371.0328,369.9330,371.4784,371.1908
398.5884,385.8307,386.6362,384.5812,382.7338,385.0407
331.1430,358.3984,358.8915,361.4520,359.9913,358.5855
356.6099,386.4498,385.9595,382.8669,382.8420,382.7520
353.5606,399.0297,398.2393,395.1787,396.5624,396.3125
368.5578,388.5347,387.4883,387.6272,389.4697,389.8336
349.3765,354.1745,355.5730,354.8168,355.3748,354.5554
346.6797,349.9377,349.0706,349.2047,350.0047,348.2278
390.0347,401.4333,405.2443,406.2676,403.5087,404.2528
347.9348,358.8687,362.0284,362.9719,363.6788,360.8408
377.0748,363.2583,364.6713,364.1944,362.3875,362.1560
393.0699,407.1382,409.1490,406.2873,411.4350,412.0129
370.6218,358.4873,358.6213,355.5950,356.4551,357.6681
356.2668,339.8727,340.7889,339.4797,339.9481,340.5242
364.0729,378.4759,378.2326,380.3892,377.7071,382.0666
430.5183,421.9113,424.7784,424.3806,422.6526,418.6655
371.6904,358.6881,359.9823,358.2258,355.3882,356.1921
403.9928,407.2678,410.5098,409.5041,408.9886,408.9723
397.9207,405.5482,407.1152,406.3445,410.0311,408.0209
369.5668,379.5011,385.3837,382.9721,381.5609,379.9202
357.6971,374.3366,374.6804,374.2904,375.1272,373.8417
400.7616,404.6523,405.2918,403.3926,400.6121,406.0534
382.5606,409.2680,409.0996,407.7274,408.5236,408.0022
414.1059,400.7569,404.1142,403.4079,402.4537,399.7573
401.0049,385.2661,384.6283,384.2609,384.1906,384.8668
416.0391,401.8988,404.6518,402.7119,404.0401,402.8587
330.0968,294.3733,290.4894,293.8820,290.9508,293.2349
302.6085,284.7632,283.1969,284.8603,284.9821,285.2212
381.7703,370.4850,369.2916,370.5799,365.7625,370.1480
416.9465,400.0044,401.1505,399.2427,403.4311,400.9500
362.7546,367.3352,365.0223,366.3437,366.3754,366.9617
361.5794,363.4618,359.3423,359.2943,360.7757,359.3963
364.7595,357.0926,355.7216,356.1188,355.7094,357.3364
408.5467,393.2939,390.0851,388.7545,384.9348,386.8073
356.1417,360.7012,361.3638,359.7898,361.6021,360.2261
383.2662,390.8588,392.1711,390.8112,388.9222,388.9644
335.5098,350.9633,350.8661,347.3719,348.4178,350.8063
349.4221,323.5930,323.5714,323.4311,323.3865,325.2948
341.0216,353.1868,350.4231,353.5914,351.7911,352.5485
374.3490,366.8632,369.1620,364.3952,364.7236,367.0549
367.8904,351.2697,351.1446,350.3644,350.1383,351.1795
441.8220,454.8222,454.7943,455.9266,457.2695,454.1718
348.0794,361.3394,359.5090,361.3217,359.7890,361.0188
397.6377,397.7430,396.2529,398.2267,396.0340,399.2588
402.1228,394.1298,394.6623,394.2793,394.4706,394.0835
330.3257,336.5999,335.6044,334.0438,334.4510,336.6352
439.0482,406.2528,405.1246,400.5579,405.3276,407.0212
368.6789,367.9878,364.5617,366.7379,366.5957,367.6035
352.1747,365.6627,366.2390,365.0138,365.1527,365.6004
391.0942,394.7069,391.9346,391.5189,391.3174,392.9476
400.8726,382.6117,384.4202,381.9921,383.7923,382.4706
381.4496,366.0523,365.7798,366.3988,365.9237,365.5481
386.0433,379.8167,376.5220,378.5699,374.3664,382.4119
364.8823,374.3186,375.0696,373.6540,372.0523,373.5476
385.1497,367.3566,370.8832,371.1355,370.6332,372.6966
323.5838,321.3854,324.8532,323.7159,322.0120,320.1366
414.4329,396.1296,396.1040,395.6909,397.5220,395.9209
414.6812,395.7630,398.3965,398.8391,396.3238,395.4988
445.5603,413.0772,416.3911,416.0214,418.3560,416.4098
419.3139,403.6173,407.8016,405.3651,405.8668,406.9244
415.5726,410.0915,411.8764,414.1299,412.1185,412.0051
344.6028,352.0363,355.1959,355.1782,355.1117,353.1010
418.8057,397.8317,398.6213,398.4978,396.3106,396.0648
417.3104,410.5428,411.1767,409.9777,411.8223,410.4562
417.0309,418.2322,415.6329,418.7035,417.6178,417.5545
368.6494,345.9983,343.6369,342.5528,343.2002,343.1077
319.4526,337.2621,340.3303,341.4988,339.3579,338.0561
329.3836,358.4390,361.6352,359.2588,360.5660,358.6826
405.3678,389.6397,392.3999,393.7053,392.7176,392.1462
379.3981,381.0312,380.8913,380.6407,381.6286,380.9379
372.1625,365.9088,365.8245,367.0528,369.4528,363.5043
358.5932,363.6057,362.4759,359.5855,362.5052,360.3315
421.5785,400.7343,402.3395,403.6080,403.8022,401.5031
357.1965,384.9390,384.3289,388.0745,388.3514,387.3606
360.9394,380.5643,382.9700,380.8103,380.1052,383.2299
366.9256,372.5945,370.3091,372.6233,371.6588,370.5357
414.5635,421.4760,420.0314,422.2895,422.0553,421.5343
330.3536,345.8766,343.7087,345.8513,346.5519,345.3549
358.3448,367.2031,367.8941,367.3406,366.3580,369.7375
425.5809,414.1347,426.8560,415.2681,423.8944,419.5020
336.1066,353.8633,353.4781,353.5415,354.1885,353.0748
389.5320,432.1409,431.8235,429.6615,432.1131,434.5660
374.7240,363.9514,362.1058,365.3426,364.6549,365.2305
410.8164,384.6036,386.2879,385.5845,384.4966,385.3575
415.3490,427.7440,430.4943,426.7901,428.1106,426.4891
362.1718,359.5075,360.4408,358.9049,359.0927,358.7638
419.8855,407.5112,407.0991,408.5619,408.8102,408.3843
327.4847,348.1274,346.2807,346.7353,346.0048,346.5610
395.5327,390.7487,390.9311,396.3857,393.4093,387.1745
366.3296,376.0057,372.6071,372.4819,372.1984,371.8562
422.7920,413.3083,413.0400,415.0234,414.8314,415.4339
418.8101,425.0772,424.0195,427.1370,425.8211,425.9642
342.8511,338.8082,336.7629,341.9396,337.9177,337.2407
326.6705,329.1844,333.5576,327.3249,332.7175,335.8074
407.2908,415.0016,413.4625,415.7282,415.0730,414.4071
370.2731,362.2990,367.5516,368.2153,366.2978,369.1214
364.2463,381.1472,376.8201,378.7346,377.9995,382.2878
377.0737,381.2738,381.9416,382.2480,381.6483,379.7527
407.1403,386.2916,387.5146,388.3714,387.5666,386.2495
373.8257,384.8339,385.0827,383.3262,384.5648,386.2451
318.2760,326.9123,326.5749,328.4837,326.9807,328.1950
388.6344,395.8591,396.5585,396.0615,394.1565,392.4740
392.7634,375.2767,376.2624,376.6024,376.9609,376.9330
356.8327,374.5474,375.3476,374.5274,376.0141,372.2336
405.2113,396.7279,397.0443,397.1746,397.1653,395.9335
442.9603,429.4581,429.8101,428.4450,430.6763,429.7289
401.3277,403.1092,402.7757,401.6687,402.1097,400.6993
368.5741,365.1685,362.4241,366.2457,362.9454,361.7743
311.2651,303.7725,305.2696,305.0602,303.5922,303.8886
376.2561,387.1698,384.9316,385.8111,386.2811,384.8051
288.4106,295.0662,296.2916,294.2503,295.1056,297.4976
342.4107,389.5018,390.6076,391.3074,390.8063,391.6144
416.5739,413.9889,412.6434,415.3098,412.4645,411.0331
453.2805,415.1560,417.9054,413.8138,415.7671,411.1546
393.7869,402.4341,404.4425,402.4038,404.2915,404.2967
359.9006,351.1286,349.9352,351.8732,349.1634,349.8782
330.9772,352.0164,351.5366,349.1441,350.5881,350.0724
384.8565,376.7199,375.5358,377.2706,375.8322,375.7554
410.9410,402.1176,398.0209,404.8528,401.7822,400.7448
363.2453,356.2551,356.7018,359.2253,356.3842,356.6819
331.3905,342.3031,343.9423,343.9065,343.6639,342.5428
427.9904,412.8887,413.4193,411.0386,413.7342,414.5046
334.3889,343.5227,344.2346,345.1021,348.1678,345.1342
415.0464,402.0912,403.4025,401.2089,402.5049,403.7207
467.0007,414.9749,415.0574,416.9428,414.8543,414.4133
382.1695,380.9593,380.5870,386.6771,385.4999,385.9532
383.5483,389.6435,391.4155,390.2933,390.6075,389.6812
354.6595,343.0013,343.0983,341.8037,341.2654,342.1418
382.0247,398.4295,398.5852,396.6425,396.2380,400.6487
341.7607,324.8280,324.7702,325.8961,324.9219,326.6276
353.4161,349.2018,348.7811,349.0186,348.6225,349.5730
340.9685,320.6265,321.4895,321.2909,320.5057,320.6228
402.9082,392.2517,392.0706,392.5027,391.7507,391.7896
396.2703,409.1653,413.4522,408.4350,411.1057,410.1785
413.2312,416.8434,417.8442,418.7598,418.3781,416.5309
