true,pred1,pred2,pred3,pred4,pred5
365.8869,384.8447,386.5096,384.4618,385.0403,385.0525
304.9546,309.2034,309.0607,310.1972,311.7216,309.2346
361.4368,375.3644,372.5201,373.1147,374.1588,376.6635
360.1403,368.0369,366.8021,366.1253,365.7867,366.3562
334.8007,342.9654,341.2928,342.0301,343.0316,343.5463
440.2627,417.4049,421.3762,413.7193,421.2531,420.2283
328.3493,338.7043,342.8688,341.5501,338.9697,342.9137
366.2561,364.5902,364.9377,364.3657,363.6274,364.0630
357.4685,392.7858,394.5938,396.3627,396.0609,395.0748
353.0170,355.3798,354.4028,353.8957,356.1724,357.9032
381.8796,369.6172,369.3776,369.6242,368.6000,367.7349
359.5296,354.5385,350.5218,350.8061,351.2731,351.7077
355.4878,352.3496,351.0917,352.5305,353.0396,349.9563
374.8454,358.0088,357.3607,357.9949,358.8826,359.3481
365.0687,377.8475,378.1070,376.7196,374.6798,379.7057
363.4244,354.7521,358.4593,357.5321,355.5691,355.1000
347.2417,342.9188,341.1115,340.6571,339.9106,340.6030
355.1904,373.3656,370.1896,374.0854,374.6000,375.3538
368.0445,362.0382,363.2625,364.9784,364.2446,362.9623
375.3332,393.0894,395.4792,394.3841,393.6394,391.9521
396.7330,392.9351,395.5423,395.9012,395.4957,397.7025
363.8777,343.1384,344.9172,344.5889,341.0003,345.3999
374.4044,384.5752,383.4558,386.2480,384.1181,385.9823
389.3313,396.5804,395.6568,393.4120,392.8276,389.9714
349.9657,377.9167,381.1680,380.0265,380.4019,380.1243
424.3187,409.6823,408.8861,411.3290,410.5631,409.0751
315.8220,349.7203,348.2638,350.6390,348.6438,347.7477
412.7356,397.9399,397.1992,395.1351,396.9021,395.4548
388.4928,364.4095,366.1155,366.2022,366.0029,364.9142
352.4738,372.1715,372.5261,373.4426,373.0814,374.7669
413.2829,382.7253,382.2779,381.4730,382.9795,384.8464
397.2378,358.9372,357.4643,358.3506,357.4215,360.0262
400.5688,403.8089,405.6261,405.1619,405.7010,404.2143
355.3838,362.9178,365.4345,366.1969,364.2697,365.8273
405.8914,410.1535,413.6536,410.7563,411.9744,412.6958
403.2814,373.8889,373.7701,374.8710,374.2456,377.5327
399.4342,401.1879,401.4896,402.6808,406.0264,404.5660
387.8970,380.3751,378.3458,379.8505,379.8224,379.6023
390.1959,390.7352,391.6570,389.5070,388.6106,394.5029
361.7298,378.1192,377.6756,378.5994,378.4744,378.6950
343.0489,343.6560,347.6535,348.2280,344.9016,345.2103
353.5444,359.1304,360.4700,359.0837,359.6078,353.6117
320.6480,318.1725,317.5001,317.1350,320.0938,317.0525
420.4463,423.8274,423.9317,424.9518,421.5531,422.3660
399.9127,403.0412,405.8846,404.0996,405.4276,404.2078
398.1201,369.5249,372.9408,371.4949,372.5957,373.3512
377.7695,401.0402,400.5379,400.9695,397.8812,396.2139
375.2797,353.1703,351.8470,352.3801,352.0767,353.7520
385.9886,376.8199,375.9626,376.5948,376.7319,376.1942
395.2118,397.1321,394.3091,395.7006,399.1568,393.6001
362.2159,373.7656,371.1360,370.5838,374.5520,369.9817
378.6614,406.3003,406.2772,406.3685,404.4635,405.9763
403.7501,399.5483,401.8908,403.1589,400.3309,403.0780
374.8107,372.6264,373.4746,373.9736,373.0864,374.7416
346.5289,353.1396,350.4157,354.1174,350.4734,352.3133
382.5116,388.5534,386.5165,387.0149,386.5061,387.0834
464.9492,407.7867,405.9929,407.8543,404.9640,404.0322
366.4073,372.2670,372.2017,373.7741,371.9904,370.9991
347.0274,348.5676,348.9279,348.6734,351.3562,349.1242
303.9433,330.4588,332.1681,335.2575,331.7376,331.7438
304.1231,321.9556,322.3031,320.5194,321.3114,320.9888
355.8657,353.8522,354.9234,353.9172,349.1658,354.2280
380.3600,375.0272,373.7960,372.7921,374.5372,373.3817
385.2401,387.1262,386.7119,387.9470,383.6365,388.5799
345.8794,372.9083,369.1229,369.7425,370.7767,370.3871
389.3929,368.0341,366.8406,367.6193,366.7642,367.3944
367.4385,384.0156,381.0931,381.2782,383.0406,378.3808
348.1308,356.4649,355.3523,355.0277,354.8709,356.8069
457.0824,453.7235,453.3969,452.2649,451.6764,449.2977
384.0455,391.8780,389.6222,390.3064,392.9817,387.1417
376.7895,374.1618,373.9216,371.5030,371.2640,369.9706
429.2498,433.9795,434.0771,434.1927,434.9203,433.1651
424.9001,405.5297,407.5493,406.5495,403.7214,403.8824
361.0049,349.7836,351.1924,349.1747,349.3732,349.5416
349.5228,345.4573,344.8663,344.8389,345.4789,345.2299
354.5451,355.2313,355.8701,354.3450,356.1987,355.8603
407.0773,421.9302,418.0467,419.8857,420.7299,416.7139
412.2755,384.2338,383.7801,383.3561,385.3596,385.7338
318.1252,316.7448,315.0147,318.5447,319.0333,317.4033
401.4236,388.7057,386.9651,388.4627,388.3903,390.3914
375.6948,377.3636,376.1279,376.4498,375.5163,375.4816
361.4283,374.2362,370.9742,372.9138,368.3075,372.2170
378.8628,394.3636,394.0684,395.1475,394.7122,393.6571
328.7551,329.4967,327.2309,326.8486,326.5684,326.0726
370.7069,371.1570,368.9420,368.4508,368.6925,372.2252
369.0240,356.4875,355.6866,357.1582,353.3282,355.2154
418.0223,406.2878,402.4842,404.4781,403.0558,402.5614
364.7038,354.7640,352.7491,353.0443,354.9169,353.9157
284.6487,280.2506,275.9749,279.5138,281.2014,277.3974
373.2122,367.1979,367.4348,369.9108,369.0484,372.2885
372.8172,377.3831,377.2235,377.5513,375.4568,377.2884
339.0893,335.8906,337.8153,337.9557,335.0929,338.2628
314.0930,328.3639,329.6189,326.5969,327.5095,327.8896
404.0524,407.9807,397.4157,402.8282,405.0819,407.4497
391.8366,385.2062,385.9834,386.3954,383.2502,384.4485
434.2352,425.3655,424.8298,424.0876,426.0043,427.5352
402.6675,395.6915,398.1029,396.7954,396.0936,397.4308
323.7092,317.3690,320.2113,319.6064,320.3839,319.2518
341.4188,360.9030,357.4609,358.2881,358.0829,358.0890
359.5291,344.5574,336.4874,341.4324,342.1490,340.1461
405.2156,409.8663,408.7982,407.7811,407.3543,407.0890
349.4491,345.4218,346.5952,345.3829,344.1286,343.3549
357.5126,342.3681,341.3995,344.5232,342.8602,343.3890
357.9363,344.4515,343.6273,347.8529,344.4662,344.9073
358.2825,362.5423,364.2132,364.1217,364.1897,365.3123
425.6635,428.6462,430.7931,425.4815,430.3799,428.5021
357.8849,343.8699,345.5407,345.8583,343.6242,345.2602
346.5661,350.5466,351.1295,352.5136,351.5270,351.2216
378.7821,355.3527,355.8693,356.0290,355.0304,355.5857
345.3776,361.5019,363.5271,361.9283,363.0224,362.8913
361.6039,353.6623,355.8128,353.4505,357.5283,355.3414
422.5579,414.9597,413.5141,413.4036,413.0991,412.3763
353.3279,362.1870,365.2340,361.6783,364.0313,364.9780
360.8554,351.9175,354.5923,353.6249,354.0956,353.9133
364.3870,350.3379,345.7153,349.1156,348.5823,350.6953
320.5901,319.1001,316.5568,320.4574,319.6604,316.8811
348.6086,369.8390,372.6016,372.5416,366.3863,369.4538
355.3059,350.7787,350.6283,349.9833,349.2512,350.3536
335.0648,314.2783,310.8337,310.7399,314.3638,313.2533
347.3893,357.2444,358.5753,357.3106,358.1062,355.2856
403.8575,411.1273,412.4826,411.7837,411.0207,412.9039
362.5101,354.3391,354.9904,356.3513,353.0142,356.4939
355.4041,347.6864,346.8718,347.1618,347.4713,346.1848
382.7211,373.7252,375.7303,375.1977,374.6129,374.0074
359.3783,373.1027,372.7028,375.1421,375.6884,373.0305
325.5642,345.3908,344.3669,343.9083,342.6997,341.3084
365.5638,369.6173,369.9998,369.4576,368.4084,370.7743
337.3747,345.8016,344.0047,343.7342,346.7773,345.6453
322.8951,351.8811,353.7936,352.1119,349.4870,350.0648
371.9296,371.3138,372.3638,371.7347,369.2661,371.9569
425.3818,417.0424,419.6476,415.6554,418.2163,416.8304
413.1340,397.4428,392.4397,394.1153,395.3702,393.1760
357.1761,351.4827,349.3685,349.0910,349.0057,348.0042
384.8420,403.4017,397.5895,402.4550,401.3192,401.6433
352.1765,371.5002,373.5663,374.2682,372.4570,372.3707
415.8567,411.3872,408.7336,409.2299,411.2237,407.1851
378.3047,360.5248,363.4865,362.4349,360.0415,360.7289
359.0278,366.5983,365.9334,367.9600,366.3509,368.2229
392.6890,389.6832,396.1853,391.3032,390.3525,393.2812
366.2897,388.8832,390.9339,390.7047,393.8552,390.3267
451.0723,443.0462,444.2797,445.7205,442.9920,444.4089
333.9749,341.3284,339.6820,340.2952,337.4247,338.3351
378.9802,379.1944,379.9546,379.0089,378.9288,376.7542
387.2476,390.1303,391.0889,391.6509,390.8752,393.0556
329.6472,340.5727,337.7621,340.4831,339.8147,339.7541
412.7570,390.1064,396.8709,394.2528,391.3210,395.4287
338.5426,367.9006,366.1808,368.3405,368.8749,367.7495
327.1659,342.0457,344.0087,345.0364,347.1255,341.3001
361.4134,358.7655,360.5844,360.6878,358.9905,358.8470
417.2831,401.7666,405.3355,402.6819,402.5136,401.6665
326.7397,330.8148,330.6097,330.9562,329.5097,328.9540
381.3500,400.5881,399.9035,400.8999,398.6905,397.9078
349.1378,366.0583,367.6902,366.7567,368.8213,367.1840
374.8020,349.4065,346.6561,348.6217,350.8445,347.4488
364.7476,367.7232,369.1687,370.9731,373.0864,375.1028
400.5425,389.6610,388.9010,390.5934,391.1935,390.5292
362.3399,357.3343,362.1673,357.9966,357.3525,357.4496
307.7736,316.0735,317.0696,315.5610,316.9310,317.5376
345.3514,344.4539,343.9366,343.0707,341.8196,340.1910
384.9469,367.6860,365.8479,369.3946,368.1604,366.9904
372.9104,377.8088,375.9643,375.9382,375.5999,375.5001
424.8430,414.4729,414.2904,415.0639,414.3238,412.2832
358.9048,391.6134,391.0191,392.5978,391.2305,392.6693
382.0342,369.4828,369.3398,371.0961,369.8550,366.6668
410.2156,379.7602,379.0234,379.0359,382.1039,382.4392
389.8250,383.8533,384.2826,384.4353,384.4479,382.9432
384.4678,394.1531,395.6494,395.2161,396.0592,394.4573
370.4893,372.1195,369.7908,370.8243,372.2226,373.8739
329.3868,361.5107,364.6935,363.5601,363.4293,366.3361
338.8836,360.4049,362.3231,361.1566,363.6232,356.8347
354.6228,373.2112,372.2508,373.3833,374.5128,372.5530
381.6585,365.9104,367.0078,367.5160,364.9075,366.5803
364.0704,363.4076,359.3119,361.2026,359.0909,359.7486
385.9146,389.8213,385.5894,385.5780,384.0443,384.5242
362.5056,366.5654,363.3882,364.5825,366.1336,363.6812
362.0886,358.2250,360.8720,360.6541,360.5513,361.2326
301.5669,313.0591,317.4409,317.8510,318.7912,319.8469
343.9311,336.8854,336.1463,337.0745,338.1599,338.3456
409.2632,400.7245,400.3440,401.4778,399.7860,400.6373
387.1096,375.8920,378.1463,376.5337,377.1427,378.0488
364.4320,343.2045,338.2411,342.7851,342.4858,338.5733
390.9021,382.5345,384.0139,381.0441,381.7779,381.4409
375.1960,354.8197,358.2032,357.2902,357.0254,356.2633
366.4759,373.2153,372.6815,372.7305,370.6981,372.2170
391.8535,396.8163,398.3959,395.6379,397.5200,395.9255
375.4025,379.7896,381.6065,381.2813,380.1517,380.5321
365.5553,371.6395,374.6863,372.2826,372.6359,369.4442
345.9357,324.8367,325.1662,325.0307,324.9094,327.0440
364.8823,384.3413,385.2417,387.4437,388.0422,388.0554
394.2209,431.7107,430.3678,428.8588,429.8345,430.7908
339.9549,372.9821,377.7315,377.9728,374.7962,377.4615
356.8762,350.6682,351.0970,349.7667,349.8877,350.2495
352.6619,365.3021,368.2898,369.2644,367.4964,367.1914
403.8356,382.6156,382.1329,382.3364,384.1138,381.2974
371.2714,377.7057,378.1389,378.7183,376.9378,375.6615
324.2331,336.6723,336.3398,333.5556,335.1624,335.8061
371.5664,380.7493,379.7350,379.4297,379.4303,379.2393
375.8040,384.5037,384.3413,384.5737,382.8999,383.4354
419.2188,424.8336,424.9507,426.2635,425.5716,425.8697
399.7086,391.3861,391.5861,394.0124,392.7325,392.3889
336.1636,346.4100,347.5030,347.7219,342.3650,346.6162
351.8301,338.8355,338.3887,338.9050,338.5973,339.9017
345.3129,353.5701,354.7159,354.7928,351.6387,354.8402
370.4522,375.5904,373.7689,376.3834,375.7210,375.7405
326.2016,339.1147,338.0467,340.2732,341.4448,337.2355
373.1503,404.2938,404.1983,404.4159,403.9480,402.4179
336.6978,360.2528,359.8523,359.0363,357.8706,361.0921
383.9481,367.9332,368.0819,367.8458,369.6909,368.2905
425.9159,416.2455,421.8560,421.5179,425.0901,421.1222
374.6071,401.5944,410.0061,403.4310,405.7209,403.8272
363.4223,365.3038,367.9847,365.7106,364.2154,365.6721
387.9665,420.2556,419.8140,422.9059,423.0326,423.2236
317.7579,334.9123,333.8160,333.9159,335.9880,333.7048
413.7970,425.7395,421.5282,423.6539,423.7992,419.2313
377.1683,364.7916,363.4116,362.8185,362.5887,363.3305
429.6471,393.7959,391.8746,393.8309,395.1964,393.7286
338.3951,354.3417,353.5789,355.8104,353.5015,355.9902
402.9571,387.0453,387.3839,384.9279,387.7128,385.2491
389.5283,380.3510,377.0498,377.8141,376.4036,380.5375
385.0651,365.6763,369.5355,369.2380,367.0843,371.3791
415.4007,434.7538,429.7120,429.3811,432.6459,427.9125
384.9950,379.9563,378.5218,378.4299,381.2628,378.6544
393.7680,395.1469,393.8946,394.6810,395.3260,393.6424
390.9168,383.6763,382.9044,385.0446,387.3381,387.8421
408.2911,366.2082,365.1677,365.1980,364.3044,363.1648
373.1846,385.7335,382.3772,381.9067,385.1504,383.7644
365.3988,349.0536,347.5590,345.1031,348.5126,348.9957
382.4508,397.4717,397.7359,397.6699,398.2155,395.9034
403.7451,380.5656,383.5443,384.6756,382.2341,382.5849
344.8750,344.0747,345.4455,344.4468,342.0400,345.4359
349.1747,364.9518,363.1084,363.8719,364.1546,363.0958
404.9376,388.5457,388.4086,390.1426,391.9715,389.6379
414.5835,399.9793,401.6617,399.4410,397.8325,396.6631
418.0542,409.4115,411.3693,414.6606,410.6131,408.9128
365.7415,374.5543,372.5543,376.1821,374.1511,372.9979
369.0511,367.0016,365.3544,364.8229,363.9439,366.4703
334.7041,332.7155,330.4898,330.4114,332.2764,331.6019
399.1427,387.5675,385.5604,384.6433,387.6551,385.5441
407.6526,426.5666,425.7632,422.5801,428.3525,424.2996
387.5333,400.6638,396.8840,397.9686,394.5025,393.9584
379.1042,377.4379,377.9912,379.4982,375.4812,378.6741
427.7039,405.0093,403.2724,400.4048,400.5301,399.5100
321.4124,322.2250,326.4834,324.6236,321.3430,324.5724
424.5541,419.5339,424.3792,423.8233,431.3706,426.2340
323.7962,352.1537,352.2596,353.4512,350.0737,350.3905
361.3990,361.3981,365.0999,363.6602,362.2086,363.0486
354.2566,353.8378,355.0928,352.6369,356.3408,355.0426
406.3896,414.1264,411.8345,414.7528,413.0115,414.6646
333.7121,351.8362,351.6088,351.3358,351.1135,351.1619
400.6855,402.4410,403.8051,403.2743,404.1074,400.6431
393.6313,391.4293,393.0585,389.8883,389.6034,392.3020
412.1054,404.0799,404.1101,405.0335,404.5681,400.4577
396.1976,375.7395,376.5732,376.8839,375.3226,375.5393
382.6242,405.1092,402.4794,406.0511,402.9795,405.5940
408.0822,384.7190,385.6953,385.9612,385.6486,384.8956
368.7559,359.5516,360.4721,359.7092,359.8950,360.4830
350.8588,356.4045,355.1047,353.2243,355.0894,355.2724
404.0605,372.0873,372.1198,366.8568,373.1390,371.7240
396.0917,391.9247,395.6563,393.0953,394.5825,389.0726
343.2159,361.0604,358.2321,361.3004,360.0518,360.4318
351.0901,377.9538,377.6958,377.3591,382.7212,376.8781
305.0436,310.1714,311.3301,309.5211,309.2766,309.6154
384.0977,377.9036,379.0269,381.4499,382.1874,381.6793
365.4428,347.5536,349.5564,347.8801,347.3688,345.0911
411.8357,411.3982,408.8953,408.4583,409.2035,408.5157
370.9799,337.9644,339.2164,339.3414,336.6809,339.1105
367.6002,384.6337,387.0395,385.4461,385.1647,386.0235
388.7115,373.0090,376.2531,375.1176,374.5626,374.5420
373.7783,380.3966,379.6862,383.4014,385.4681,381.8411
380.0109,387.7895,385.2403,387.1286,386.8242,384.6797
376.0379,366.6201,364.6155,366.5820,365.5752,367.6648
351.9006,345.8070,345.8958,345.3116,344.3536,346.0105
405.3966,413.8068,408.4979,412.4089,410.4438,411.3220
397.5981,403.9736,402.0089,404.2753,404.4186,404.1281
452.3468,421.4252,423.6322,422.7108,420.8697,418.9604
368.8198,367.4469,364.7680,366.8617,365.5613,368.5361
423.6574,398.2797,400.3086,395.6433,398.1786,397.0272
390.8492,385.2996,385.9421,385.9696,384.6490,383.9185
341.9593,339.7900,337.9366,337.8705,337.3885,338.7306
399.1775,382.0913,380.4840,382.8824,382.9791,382.5917
370.8759,342.6169,343.4250,343.8429,342.7796,342.3053
406.5178,403.0644,405.2743,402.8403,403.3797,402.6984
384.6660,363.3890,365.3758,361.9238,358.4456,369.7806
341.9203,354.1954,355.3609,351.7487,353.0751,353.0262
376.8961,373.6703,375.5696,371.4836,372.8558,370.0103
386.4172,372.4635,377.6794,375.0684,376.3248,375.3776
382.6672,392.0999,394.4443,394.1256,393.3732,391.2899
444.0641,408.5824,408.9393,411.6708,407.6190,408.9939
385.9106,376.4037,377.6480,379.0113,378.9855,379.3643
389.6926,382.0033,383.3938,383.7657,386.8975,383.6378
406.8261,404.2292,404.7826,405.2033,403.8047,406.5100
348.2347,385.2232,385.7717,386.6999,384.1419,380.5150
344.9959,325.6218,327.9473,327.2463,324.0093,325.4094
335.9935,351.9051,354.3861,354.0599,354.4356,354.4442
417.0582,389.0182,391.8469,392.7444,389.4513,391.7668
439.2402,423.8356,421.6514,424.1059,420.9860,421.8115
409.5665,402.2140,398.2379,398.2198,399.8774,399.7398
375.6293,365.4175,368.6121,368.7985,366.4931,369.0325
415.0702,383.8510,384.9485,385.0170,385.1668,384.2738
362.7017,402.5313,402.8391,403.7427,406.3238,405.5817
347.5249,347.0087,347.8479,348.9394,346.7785,345.5942
366.8278,352.9550,352.8033,353.0496,352.5459,352.7039
445.5325,406.4887,406.5741,406.9324,406.8955,409.8424
404.7265,385.6740,386.1127,387.6226,385.5675,384.5133
382.7591,383.5094,383.6482,384.2708,384.5032,388.0188
358.2732,345.8196,349.1070,346.4950,347.9678,349.1694
364.2971,359.2316,353.0848,358.4911,355.5783,358.4896
367.0015,380.1438,379.2684,379.7152,378.5487,378.4132
351.6888,352.3751,353.8303,353.0401,352.2124,351.3911
372.9944,361.9030,361.2774,357.5244,359.3423,360.0808
346.0661,348.9133,346.5219,346.4032,347.0915,345.3934
406.8812,414.8099,415.5382,415.2911,411.9375,415.6932
409.0624,407.5487,406.2717,408.9331,410.0063,406.4783
362.6234,351.2568,350.2442,351.5656,353.0937,351.3055
420.9360,410.9003,411.3410,411.2171,411.6650,405.6266
346.0428,341.9733,342.3464,344.9643,346.3668,344.6449
346.9768,366.1538,367.8417,368.4682,369.5600,366.1336
388.5659,367.8723,366.5039,367.9784,367.7189,368.6697
386.8348,379.5992,377.3700,380.1953,377.5382,376.4664
351.3013,353.3035,356.3909,358.0425,354.2098,354.6103
365.3049,373.0228,372.4218,373.0428,372.9388,372.6011
359.8166,376.8913,375.6013,372.2915,374.3660,375.6148
409.4993,409.2033,412.3507,412.4563,412.7875,414.4774
373.8365,360.0933,360.9708,360.8813,360.7737,361.4576
368.5117,360.8433,359.5022,359.5838,355.5259,361.9650
393.6119,371.9040,374.7929,373.1652,373.2624,375.2749
368.4081,375.3313,377.0583,374.6234,372.6345,374.4393
325.7841,309.5707,308.5341,308.2345,308.9463,308.1821
376.8631,399.9500,397.9775,396.9811,398.0378,398.6226
385.5976,377.2163,379.2095,378.8046,378.9705,376.9726
398.8112,385.4414,384.2115,383.8068,388.3445,385.8239
408.1053,387.3590,387.5282,387.7531,387.8058,387.8390
326.5472,338.5736,337.4559,333.8643,337.5256,334.3336
348.1256,337.1673,333.2173,337.7164,338.2057,336.4722
354.8834,356.8068,355.6396,356.2298,355.8274,355.7390
376.2719,380.1702,381.2405,381.4660,381.0441,380.9668
361.7102,372.3218,369.0402,372.6422,371.2311,371.7912
454.5593,443.5803,445.4440,447.3105,445.9944,441.3453
359.1407,376.9168,380.8948,382.0916,380.1162,381.4247
361.5575,352.8585,354.4998,354.2131,353.4424,354.2186
372.2687,396.7265,400.3213,396.0287,396.6668,394.3131
350.8551,362.4109,360.7712,357.8838,360.4913,359.9846
399.6580,398.9454,400.9701,399.7895,399.1873,397.9166
322.1763,322.1728,325.0559,322.9300,322.7595,323.7850
393.9518,386.8911,385.5312,387.8109,385.7935,388.3519
346.6352,351.0016,352.0813,352.6248,353.4690,352.1557
368.9288,356.3394,359.8272,358.6718,357.7327,358.4460
363.7607,373.1438,370.2954,369.8766,369.9271,369.4516
338.6794,334.5762,335.1975,334.5880,335.5366,336.4505
375.5712,398.4057,397.9576,399.2861,398.0170,400.4362
369.3559,374.6619,374.1590,372.9526,375.9257,376.4943
338.0971,349.0611,349.6002,349.1732,353.8141,352.2592
348.2012,341.1550,340.7270,340.8895,344.2055,341.3435
424.1903,405.0719,404.5054,402.7690,404.1595,402.8186
376.8390,400.7557,400.7133,400.2562,398.8434,401.2030
399.9856,393.9673,393.8642,395.9847,393.3651,391.8394
363.2286,346.2547,343.7783,349.5141,346.3935,346.9843
341.8489,332.2786,332.2975,333.3712,335.4025,334.8461
347.0988,371.2506,373.4594,376.7127,370.9822,371.3594
428.4992,402.9028,402.1564,402.3454,403.1838,402.5013
442.4280,416.1707,418.4800,418.6325,416.0115,413.8992
390.9590,370.6101,371.2804,372.0443,369.7213,369.9066
378.6525,384.0088,384.4498,386.6594,384.6985,386.8932
370.4661,360.2233,363.0952,362.6289,361.6402,363.6408
340.7944,357.8915,351.7307,352.0360,353.4358,352.6874
383.3762,378.9913,379.6007,380.7521,378.3869,381.3036
334.9752,350.2008,350.9173,351.7315,351.7815,350.3358
361.9135,382.0659,378.3279,383.2111,379.6721,379.2224
392.5949,374.5697,375.5047,375.2671,374.3304,375.5552
341.8390,362.2962,358.5930,360.2866,358.9813,361.9724
392.2327,389.4220,388.3947,390.0702,389.2910,389.8377
359.3600,360.7089,361.5139,363.8222,361.6009,362.8861
399.7080,385.8880,383.4291,384.9985,383.5391,383.3233
399.2041,387.7932,390.0574,392.0334,391.6405,391.4893
350.7068,354.5837,350.2628,352.0018,353.1475,349.9633
415.8977,425.2820,425.2707,427.7006,426.7844,425.8680
376.1487,391.9722,391.0679,390.7150,389.4866,389.2917
382.1525,358.7835,359.6212,358.9478,358.6980,359.5595
409.3721,381.2771,381.3301,383.0395,379.1265,384.9706
361.2283,361.9345,362.5505,360.5121,359.9201,362.3107
417.9668,394.1083,395.4013,393.8046,398.2030,394.8766
394.9504,397.6762,396.4293,397.2956,400.4561,398.4693
395.6225,389.8052,393.9164,390.4546,391.8181,389.2957
369.0938,353.8871,355.8556,353.9139,354.9782,355.3086
331.3340,348.7648,352.0537,353.1584,350.8142,350.8968
364.0959,364.3432,360.5886,361.6845,360.0415,364.2792
333.7089,361.1861,362.3714,362.4580,360.7993,367.2177
370.5301,377.1472,373.7392,376.2794,373.4952,375.0400
392.0918,403.6439,405.5120,405.2162,405.1831,399.0845
313.0561,325.2643,323.1864,322.0902,325.7057,326.9833
356.1170,361.7710,360.7045,360.2604,356.9707,360.2091
394.5428,381.5152,380.9110,380.3873,379.5667,381.3102
388.8035,368.1758,371.5112,369.8203,370.7760,369.9797
362.9695,385.3930,385.2399,386.9445,386.2817,385.4162
337.6411,357.7571,356.6990,356.4696,357.3853,356.0987
365.1862,362.5716,361.7055,363.6402,363.4088,360.9178
408.9071,404.1996,405.5655,403.8779,406.9526,407.7760
382.1131,370.7983,370.6253,371.1651,373.5331,373.2807
364.4072,347.5745,345.1833,346.1987,348.2985,346.7842
348.0411,358.2294,359.7935,360.3990,359.4136,360.1702
366.7114,358.1384,355.4813,358.4430,357.7249,356.5742
371.6198,378.5312,378.6896,379.3281,378.8974,376.7514
352.6716,357.6377,358.1024,355.3790,357.3414,357.6215
375.6361,378.4071,378.2500,377.3274,378.3080,379.6702
339.2495,333.2335,333.7803,338.6220,333.3560,335.2538
355.8145,358.5766,359.7083,363.0068,359.9962,357.5903
365.3032,358.8548,359.8479,360.0990,359.2624,357.5601
414.3315,409.7864,408.5249,406.6682,404.0663,406.4725
379.2786,353.2657,352.3210,352.4431,353.8142,353.6089
330.8902,333.5865,333.6867,331.5311,333.6978,334.9166
387.6966,386.5355,384.8914,385.0867,384.2581,384.9322
391.2959,402.0299,399.8759,400.1351,400.3734,400.8278
380.8087,372.1938,375.7333,376.5581,373.4164,377.1043
415.7699,403.5321,402.7370,404.1762,399.7874,403.2840
375.8341,383.9980,384.1972,383.3828,386.3716,384.2510
368.1038,383.0040,382.1312,382.2280,383.5179,380.9773
333.5947,355.4482,355.0750,352.9344,355.2921,354.1034
399.3059,385.6447,384.9489,386.5059,385.8084,383.9122
374.0856,363.8319,365.2352,358.7765,364.6697,365.7981
407.4931,398.9131,403.5628,406.4446,402.5745,402.9564
404.1956,373.0787,368.9412,370.7201,369.3122,371.7532
403.6906,406.0272,409.2259,406.8814,406.1052,407.4765
422.8833,407.4974,408.4595,410.1672,408.6120,411.5316
407.0562,408.7525,410.0232,409.4711,407.7129,406.1651
393.6302,378.2388,377.9932,381.4732,379.1376,380.4806
408.8385,412.2033,411.8716,409.1403,409.8742,409.3026
330.3940,329.4327,327.5491,329.8013,328.6210,329.5580
395.8841,395.6290,393.0330,394.9105,391.4791,391.6318
404.8918,403.8155,404.4925,401.6183,402.4214,402.4076
360.0556,374.9727,377.0255,377.4509,378.2077,377.5847
454.8328,447.6539,452.0406,454.8871,450.8517,454.3101
445.8825,448.4435,452.6813,451.5722,449.6334,448.2435
429.4426,408.9023,409.9899,411.3419,410.3184,409.1995
320.4800,338.0213,337.0986,338.6971,336.1559,338.5483
384.3941,378.9126,385.3795,383.0366,381.2607,387.7775
380.0182,359.9594,359.3350,358.1155,357.8752,357.6612
444.1242,416.8081,412.8916,414.6649,414.7361,415.1957
395.6961,406.9471,403.7186,408.0268,406.9589,405.7618
387.7772,391.6903,392.5577,396.5431,394.2040,394.0715
397.4501,365.6674,363.3074,367.5973,365.2547,368.6315
351.7733,325.9874,321.8878,322.8684,323.9277,321.9749
417.3079,401.5669,399.1717,398.0944,398.6789,400.5203
402.5836,386.9430,388.6746,388.6874,390.1121,390.1638
388.0438,368.4665,370.5695,367.3128,369.1265,370.1823
362.2053,342.0148,344.0700,347.4149,345.3686,350.1125
362.3628,383.5391,385.1655,383.8891,385.1953,381.5045
350.0055,341.4599,337.6634,340.3359,340.2010,336.9620
346.0058,350.6548,347.5204,350.3533,349.4796,350.5527
385.1232,395.9008,394.4691,393.9409,393.4925,391.1611
317.4642,321.6498,323.3727,323.7345,322.5344,323.4784
350.6834,348.9568,345.5193,346.5887,344.6728,347.0437
364.4221,370.9627,372.2809,373.0735,370.2405,366.9194
343.8852,362.5999,363.6965,363.1224,360.8564,360.2874
411.8817,398.0423,400.4400,401.4361,400.7788,400.7649
360.9593,374.0700,372.0958,372.0774,375.6615,372.9597
380.1935,389.3706,388.6645,388.5505,388.6867,390.7071
370.4482,409.6652,407.7958,404.7759,406.3433,403.9817
413.3569,403.7969,405.5637,405.9340,404.1109,404.3666
396.8178,385.6445,385.4611,386.2382,385.5105,383.5576
358.4522,367.3752,365.9062,368.2113,364.7697,370.8088
359.0183,361.5759,360.5810,360.4272,361.6124,363.0981
404.0075,404.8779,406.1685,405.9616,405.4453,407.1922
415.9542,398.3076,400.1541,399.2940,398.2776,394.9844
372.0262,383.8572,383.0606,384.4331,382.7486,382.5573
375.9264,370.7601,372.1548,375.8547,370.9136,374.3619
345.8801,337.1319,337.0008,338.3467,335.9717,335.2791
366.0204,359.6261,366.0016,367.1101,366.3224,366.0595
348.7287,357.7954,359.5499,358.2419,358.7601,362.4059
367.2767,347.3237,350.5072,349.5680,349.4389,350.0209
353.2359,350.1318,349.6792,351.5887,346.8671,349.9325
348.6875,363.5236,366.0223,366.8927,364.8058,369.0003
383.2333,358.4630,361.6675,358.9578,358.6762,359.4949
392.0255,385.4715,383.2810,385.4247,383.3990,384.6475
464.8315,421.5910,428.5566,431.4315,422.2943,430.8706
338.0895,348.1163,352.3863,352.3188,349.4095,351.1862
361.2665,351.2211,352.2686,352.9889,353.3381,350.6138
388.2661,397.0282,398.1894,396.4166,396.4259,397.5251
391.6921,378.1051,380.9705,380.6719,380.6589,380.1151
348.7061,360.9863,361.6862,360.4085,360.9897,362.4655
422.9252,402.4325,401.2592,402.7527,402.2153,400.6063
407.4822,416.4286,414.8145,415.2451,415.7984,413.4769
369.5254,365.3075,361.7203,366.1301,365.1719,367.6090
405.2362,394.9338,396.2450,395.5459,394.0804,393.3696
412.3038,424.3490,422.1698,424.8796,419.8964,420.9094
401.2952,397.0637,397.2636,396.9036,401.1438,397.2020
381.8391,377.5544,378.6649,380.9886,380.6507,379.3264
364.5512,376.4888,376.6917,375.6085,374.3874,376.2648
296.6503,307.5436,308.7347,307.1126,308.6986,308.1416
382.1555,371.3506,374.3306,376.1264,376.3544,373.7496
397.6809,383.2632,387.2699,387.3593,386.9057,390.1000
332.5664,326.6092,329.5335,331.8901,332.0638,329.3729
399.7493,380.9461,377.9909,377.7079,379.4641,381.4977
398.6381,398.0680,395.2080,397.2911,395.8385,395.9341
403.7752,391.3426,392.7562,390.6774,391.9474,391.8334
374.0317,402.5417,393.9245,392.0325,397.0004,391.1935
367.6874,348.7031,348.8802,351.1993,346.8633,345.2713
404.2295,421.9870,419.9232,421.5513,420.2621,419.2885
392.7091,374.1986,373.1140,372.5677,375.7080,376.0759
364.4344,358.0444,359.1684,362.5824,363.2205,362.6745
390.7545,358.3029,357.9484,356.3210,356.3898,357.5779
460.5247,418.8477,419.6493,420.7586,422.0469,419.9440
307.5269,330.2074,326.7241,328.9932,327.4400,326.5017
355.1172,371.5828,371.3959,374.0681,370.2214,370.2510
373.3210,374.5832,374.0352,373.4158,372.9864,372.8314
348.9029,387.8546,389.1994,387.2470,386.7491,386.6465
393.6877,404.4331,404.8904,403.6240,401.6324,400.1903
354.5742,354.8583,359.4392,358.3760,359.2203,357.5134
385.4751,368.8107,366.7855,368.1315,365.9007,366.8286
337.6108,330.9811,329.5754,331.5013,328.1964,329.5916
405.8789,390.7931,393.9301,395.7618,393.8475,394.0508
373.8749,387.9252,387.8095,388.4660,386.1410,389.3908
381.8611,382.4577,381.1621,381.3132,380.6650,379.6714
373.4845,388.0974,387.3333,390.0481,390.4329,388.1739
335.3165,370.0264,370.5635,370.4562,370.0427,369.3683
366.3022,373.4026,377.6337,376.6265,374.0601,376.6488
417.5107,412.1327,413.0127,411.4990,410.2607,411.6817
381.9722,399.8697,398.4437,396.4042,398.1424,397.9742
390.2446,391.7632,390.7802,390.1471,392.4825,391.7072
365.0479,371.5728,376.8855,371.6055,372.3754,371.2522
381.2875,383.9687,385.5690,386.4241,383.8216,383.0340
422.5253,389.5869,393.1490,390.6748,389.4722,388.3126
293.2433,289.5061,295.0653,294.1231,288.7055,290.4328
403.5358,402.8793,401.2491,400.8128,403.1451,405.1515
393.4115,395.5292,393.6002,391.3941,391.4073,393.4678
409.5409,403.4999,403.0671,404.0162,406.0338,406.3834
354.4179,363.0316,347.9308,354.0354,361.4057,360.9347
388.2392,385.2600,383.9020,386.1119,387.1108,384.6166
427.6814,411.3513,412.4620,411.6748,411.5168,410.6265
391.0328,394.5069,397.7140,399.9449,401.7880,397.9917
411.3433,391.3167,395.8041,396.1485,394.5542,398.3544
382.2860,395.2670,399.1501,395.8439,395.5646,396.7315
376.7176,373.7967,373.5331,370.5414,369.0593,370.2156
405.4306,395.9154,398.9807,396.2427,398.5573,395.7465
382.3940,396.6727,394.6933,396.2702,395.1798,398.3732
356.2417,342.6733,346.7071,346.7008,349.3524,347.6347
379.4056,378.3442,380.0397,377.8461,378.7565,378.8779
378.3956,346.1175,348.3486,348.3175,352.2906,347.9144
348.4916,376.7882,377.8304,380.6148,375.9464,377.9667
378.8610,378.4593,380.5363,376.4837,377.9778,377.9854
414.6166,393.2662,397.7020,394.4155,395.6248,398.1140
312.2821,334.9510,332.0662,333.9510,333.7882,331.5828
416.0663,415.0840,415.9216,417.4824,416.1255,417.1487
400.2976,377.8843,379.3280,383.0270,382.1630,381.3262
344.7808,341.0929,339.8239,341.9279,342.4696,339.4027
384.5720,391.0525,388.6168,388.8138,389.3593,391.1992
386.8736,376.2708,378.8286,377.1843,377.1456,379.8456
423.0630,401.0079,399.9732,401.0233,399.7080,398.2168
452.0702,470.8508,471.9331,472.1991,473.0421,471.8869
344.1848,357.9586,357.8820,356.5995,356.6335,356.9750
367.7311,372.1566,369.3620,374.9621,376.7656,374.4160
354.2261,368.4157,371.0253,372.4900,370.9772,370.8106
423.9480,408.6549,407.8556,411.0587,410.6694,409.2667
300.4747,319.6439,319.0668,319.3386,321.5953,319.6734
354.6825,326.6597,326.5726,325.1350,324.9791,321.7930
375.9459,383.1400,381.4275,381.5588,380.8234,380.6627
316.0678,304.8896,311.7257,313.1451,309.7326,309.2222
323.6078,309.8674,306.0861,310.9616,309.6573,306.3702
341.3852,341.9752,339.6294,343.4779,343.2615,344.3435
443.0497,420.7590,420.8344,422.7600,422.7054,419.8711
388.9924,394.4817,398.1226,398.2721,395.9732,399.6303
336.4189,326.5605,327.7127,326.9429,323.9525,325.7250
344.0917,339.4383,339.5734,337.9029,339.0552,337.2553
328.2657,319.0658,322.2708,320.5503,317.7308,321.1595
368.8277,385.2590,386.0733,385.9745,386.2444,385.8505
346.1715,340.3235,337.0302,341.1400,343.1282,342.4366
350.1971,354.4788,352.0902,353.7433,356.0998,354.5869
338.2911,336.4685,331.8459,329.9319,331.9942,331.3940
346.5342,353.6216,354.4835,352.6154,353.8859,352.2032
395.7013,389.0045,388.7610,388.8490,386.9314,388.9023
356.0429,367.8455,365.0435,368.7807,369.4401,367.9220
358.5336,370.2542,369.9833,371.2512,370.9123,371.3986
349.6022,330.2732,333.0298,332.8849,331.5763,332.5320
386.6095,383.4893,382.4152,384.7549,382.0236,381.1016
393.6702,378.9829,378.4445,378.0242,379.3265,379.7317
355.6940,362.4405,364.8976,365.5890,360.3537,363.4520
363.8671,385.0736,388.2902,382.6491,385.5673,386.8648
348.5328,352.5799,350.1921,350.3687,350.6706,350.8929
327.2126,314.0202,313.5756,318.6064,313.7465,315.2860
336.8899,338.5508,341.6018,338.8293,336.6552,337.2185
363.4984,367.7965,368.7138,369.2640,369.6214,365.3798
345.2885,382.1534,380.5733,381.2860,380.5778,384.6992
424.8382,383.9178,385.3308,386.6817,384.4521,383.4269
307.4553,311.6636,309.2241,310.9844,311.3727,311.8735
312.4300,330.8466,329.1139,325.6758,329.4818,329.5908
395.7419,402.7509,397.2014,400.5096,399.4519,399.0232
380.1940,370.8305,370.5083,370.3305,368.7190,372.4653
389.9466,376.6892,376.7771,374.8477,375.0444,375.7261
373.7508,379.3266,379.1256,378.0724,376.6122,376.7786
345.0801,330.2669,328.0500,329.8718,328.6580,328.4313
327.9590,351.7637,351.5673,350.6755,351.9610,348.5068
330.2850,326.5586,325.7407,326.2828,326.7913,325.8689
422.7913,405.6396,401.1127,405.1419,403.5810,406.6911
350.0594,345.7318,345.0765,347.0022,343.2776,344.9508
379.2593,369.4030,369.9950,369.8938,370.9199,369.4926
335.2869,351.8337,353.7928,355.7943,355.0481,355.3641
352.8227,365.6970,363.3900,361.3002,364.0673,361.3544
394.0377,384.4121,385.2852,383.3198,387.0223,385.2835
388.0896,376.2468,373.8059,375.1853,376.8932,373.5934
330.6471,349.5694,350.3707,350.0515,350.7415,351.8878
336.5494,334.4379,337.7892,336.4363,338.3285,337.4407
355.7704,374.7190,373.8586,374.1102,374.1696,374.9503
392.9117,400.7858,404.3957,403.1064,403.5500,400.7215
433.6623,428.6917,429.2833,430.7040,428.6869,428.8444
425.9914,416.5326,414.9978,415.8166,414.7941,413.3806
369.1479,367.8011,373.1376,369.1866,373.5294,370.3334
427.5030,410.0002,407.4124,405.8152,406.8736,410.6233
376.9220,360.7054,359.8008,360.8196,360.5448,359.5595
313.7597,340.4200,339.1333,336.8462,337.4071,340.0010
349.0613,344.4498,340.6233,342.0942,342.3881,344.7107
395.5835,388.2698,384.9280,386.0669,383.3333,386.9453
455.5726,431.4895,433.1719,431.9872,433.0163,436.8138
376.4079,363.3835,361.7691,366.0682,359.2849,361.1768
432.2122,408.7134,409.5653,410.7235,410.2671,411.7809
334.6865,341.9002,340.4268,339.3723,337.9010,339.7947
361.8611,369.8896,376.1682,372.9583,369.5730,370.0367
415.8745,399.0798,399.2236,399.9526,399.0722,403.9009
361.8976,363.8472,361.6039,363.9192,361.3168,363.5490
416.9635,434.5471,437.1505,434.0150,438.4293,437.8053
338.0294,340.4548,338.7668,339.9489,334.9756,336.5116
328.9852,350.9895,352.5346,350.8471,353.0012,354.7060
341.5286,331.2423,330.7400,333.0489,335.8961,331.2916
388.3634,367.2844,367.2020,369.9139,367.5739,369.2436
450.0836,432.2601,429.3934,429.4825,432.7860,430.3184
390.8924,376.4840,378.8843,373.6600,374.3397,372.9110
337.6767,332.2900,339.3987,335.5584,334.6347,336.3877
377.8447,391.9685,394.1127,392.2832,395.9735,394.0544
407.8655,371.6365,374.1427,372.0759,374.8639,371.7257
349.9134,354.6079,352.9199,355.0597,356.1813,354.6829
368.1610,359.5298,359.6387,358.0804,360.4044,360.9055
384.7677,411.3919,412.3705,412.0709,415.5227,413.8110
371.6265,371.1380,370.4569,371.6261,372.6010,370.9038
353.2908,378.5704,380.8147,382.1436,379.8322,379.3346
395.0113,391.4053,389.1285,389.7629,391.9370,390.3504
376.9489,387.9811,392.4927,389.7155,388.7823,388.8809
326.2170,332.7295,330.4656,334.2340,335.6156,333.6096
319.9042,325.8897,327.4397,328.0107,329.3998,327.2378
438.3542,402.4056,404.4327,405.1544,403.9494,400.8681
376.1241,369.3106,372.7494,373.8146,372.5452,372.8446
323.5554,330.9694,327.8881,330.8990,327.7527,326.8091
305.2793,320.8264,319.5503,321.6450,323.3281,318.9969
352.2193,323.7219,324.3005,323.9753,324.3118,323.7095
319.5375,337.4387,335.1709,334.3236,334.3445,336.4015
358.8725,329.7046,329.2300,328.9547,316.4871,329.6479
367.5320,380.4613,383.6785,380.7611,381.5565,381.5925
384.6978,368.9568,368.3612,367.4839,367.0308,373.3118
376.6133,357.5049,359.9947,359.2814,359.8546,356.8210
349.9747,336.0055,335.7208,335.3928,336.4069,333.5125
364.5101,358.6921,359.4521,359.5666,358.4648,358.8504
389.7736,384.5944,386.0136,383.0726,381.8519,386.0702
375.1814,348.2418,346.9363,349.0022,346.5495,350.9374
362.0346,353.3228,354.4395,355.0198,352.9440,355.3473
317.2392,318.0900,319.8830,322.6756,319.3958,318.5168
429.6747,445.4906,444.3847,446.5440,445.5558,442.9508
349.3424,363.4791,368.0911,368.0754,369.6236,367.2333
312.7180,324.9046,323.2774,324.9210,322.9415,322.2267
351.2155,357.3241,355.6243,356.0737,354.6731,353.1658
385.6129,384.9770,382.5727,383.4410,383.4728,383.0012
410.7876,397.1902,397.9432,398.0557,396.4803,399.3061
328.1606,338.2943,339.2262,338.7490,339.7792,341.5074
369.9743,357.2830,358.7891,359.8054,362.2206,359.9649
451.2671,411.1290,412.1350,413.6301,413.7892,411.4192
322.2496,302.8598,303.3647,303.1657,298.3199,301.0392
424.5953,422.3264,426.2015,423.5441,424.3690,424.7718
348.6329,338.7767,339.1481,336.9437,338.6645,339.8036
347.2693,361.3302,361.7262,358.0478,360.8616,361.2286
397.6276,368.5617,368.6065,370.7814,370.6555,368.9753
325.8671,358.6731,357.5015,357.2341,359.5477,355.5305
458.4580,435.0788,436.4586,438.4187,435.8972,436.7817
400.7295,381.8384,382.1441,383.5079,381.3702,378.5112
354.1630,367.0477,371.2101,368.6154,364.3956,365.4342
377.9537,385.8097,385.4362,385.2302,386.9854,384.8818
408.1982,382.0084,384.2897,380.0620,396.7331,396.0556
387.4024,389.7771,395.1024,392.7852,392.3586,392.8477
361.7773,341.9096,339.3762,341.1824,340.5719,342.1984
409.1274,382.4082,382.5490,383.3754,377.9465,382.1059
369.8841,383.8780,378.4065,378.5743,380.3761,380.5231
380.3548,387.7582,385.7411,387.1263,387.3141,389.4322
396.7321,397.4689,396.9386,397.3403,399.6632,396.0621
385.8462,365.4977,371.1375,371.9892,370.5726,373.9847
355.9995,386.0736,383.4417,384.7462,384.0831,385.1027
351.6659,326.7826,329.3500,328.0461,327.3943,329.3338
328.7313,352.6865,354.4680,355.8696,352.9518,355.4852
388.6880,397.8900,396.7874,399.2558,398.7560,398.8986
352.1768,360.6480,363.3899,362.6398,359.6988,360.7547
321.4880,325.0082,324.1730,328.4844,322.4717,324.0767
345.3854,345.6592,344.2009,345.9668,344.5223,344.2905
439.9698,441.1176,444.4960,442.7550,442.1981,442.4055
370.3512,387.9658,382.8968,383.3161,381.0172,380.1826
351.3090,367.7742,366.4649,366.7449,365.2785,369.1309
419.2632,394.6397,395.5642,396.2057,394.3364,395.1622
369.6378,353.4228,351.6297,353.3562,353.2430,355.8231
354.0836,355.5986,354.4751,355.4970,353.9628,353.5148
375.2319,373.2531,372.9163,375.1719,373.9209,373.4435
342.1743,330.1680,330.1733,329.0117,327.4273,328.0153
409.8254,403.8159,403.2308,402.9584,402.5516,400.9165
382.1905,383.4792,384.3864,383.8806,385.1041,384.4614
400.1464,383.3802,381.0535,383.0554,379.8360,380.9177
358.7086,347.4189,346.9466,348.7705,350.1942,345.6310
417.5394,414.0786,417.9790,416.7598,416.5506,413.6839
370.6486,378.3623,379.3510,379.3171,381.7753,380.6354
375.1031,390.2368,389.7046,387.6400,386.3832,390.1518
346.5014,367.8778,367.2840,368.7185,367.9160,366.0144
425.9951,425.2434,426.5850,424.6952,426.0112,426.4048
401.4551,398.1475,399.0609,397.0161,397.6396,397.9609
394.4825,397.2750,396.6531,393.4117,396.0007,396.2481
363.9611,358.4847,356.7393,359.2989,358.5378,359.2809
372.1108,366.7072,365.8180,365.0081,364.5501,366.5250
343.0085,360.4029,360.6466,360.3697,363.4657,361.3868
381.3823,377.9334,377.1668,375.1907,377.7174,376.4777
398.5884,396.3688,395.2229,396.2854,395.9336,393.3711
331.1430,362.5047,364.4013,363.0344,361.1573,361.1540
356.6099,384.0214,388.6638,383.2451,383.0512,384.0147
353.5606,397.2077,398.6374,397.0512,396.4868,398.3668
368.5578,387.6395,387.7648,387.7782,388.2858,388.5212
349.3765,352.8272,353.2145,354.6949,353.8768,354.2652
346.6797,347.5947,347.0650,346.9118,347.6675,347.0033
390.0347,388.9755,388.9299,387.9175,387.0070,391.3471
347.9348,358.2509,357.3291,360.8634,357.6419,358.4941
377.0748,345.4338,344.7239,348.8307,346.4295,344.1707
393.0699,408.4452,409.4749,406.1810,409.9301,408.1964
370.6218,360.2229,358.5636,360.7046,361.4323,360.0955
356.2668,327.0161,335.3863,334.8081,335.3625,334.7164
364.0729,383.9673,383.7919,383.7435,380.1601,382.2657
430.5183,421.3792,422.4466,421.7205,420.8763,418.6702
371.6904,366.1280,364.2618,362.4881,363.6932,364.3438
403.9928,401.5832,403.5673,403.1540,405.3525,406.3113
397.9207,398.7261,399.7013,403.3497,403.7957,403.3093
369.5668,368.1724,368.7006,369.8389,364.5625,363.1547
357.6971,378.8695,378.8642,380.6938,381.0890,384.4601
400.7616,413.1134,413.7742,411.9244,410.8984,415.2438
382.5606,412.8366,411.3211,412.3964,413.7218,412.6354
414.1059,394.6345,398.1678,395.9364,393.8320,392.5716
401.0049,385.0185,386.0829,385.0889,385.3288,385.6150
416.0391,403.5500,406.5378,405.5817,405.6669,403.5306
330.0968,300.5084,298.3278,298.4761,298.7065,298.8383
302.6085,298.9620,298.4294,294.3362,299.6892,299.5494
381.7703,374.2868,372.3721,373.0379,372.4842,372.7748
416.9465,399.4371,400.4615,402.4423,406.2214,400.3260
362.7546,367.4266,367.0869,367.4220,363.0986,365.0257
361.5794,357.1403,354.8844,354.5784,358.2507,354.1443
364.7595,350.5502,350.7694,351.0828,350.9208,351.1893
408.5467,393.7018,395.3667,393.5580,393.5165,391.6751
356.1417,362.4842,362.2818,361.1207,362.1699,362.1966
383.2662,391.2812,393.2982,391.6761,389.6871,391.4809
335.5098,350.4766,350.4762,350.3318,348.9863,350.3728
349.4221,325.6627,324.6595,322.9280,323.2897,324.4130
341.0216,355.5933,353.5998,352.6091,354.3363,354.3362
374.3490,375.8661,377.7970,375.4428,375.4635,375.5012
367.8904,355.4429,354.7230,356.8837,353.6775,353.9595
441.8220,445.0813,449.0059,447.8983,445.0847,448.1729
348.0794,363.3255,362.2705,362.5409,363.3862,363.1153
397.6377,393.8678,392.8298,395.3205,395.3134,398.3579
402.1228,391.3440,392.3898,391.8455,392.5530,392.9439
330.3257,338.0347,339.1099,336.1759,336.6721,338.3743
439.0482,408.8977,404.8066,406.9594,405.7972,405.6579
368.6789,361.3253,355.9896,358.9431,356.7433,357.0600
352.1747,365.5140,363.8344,366.5460,365.7435,363.1686
391.0942,398.6609,396.3818,397.8691,396.6667,396.8594
400.8726,380.0119,378.7657,376.5534,377.1284,376.9957
381.4496,375.3580,374.8350,376.4998,374.5451,373.5984
386.0433,360.6616,364.1606,364.8735,363.0233,363.7730
364.8823,368.5635,371.5470,367.6855,366.9459,368.7508
385.1497,371.8797,374.5955,372.1695,371.7274,375.8425
323.5838,318.7566,322.2777,323.1707,318.2314,321.4429
414.4329,390.0755,391.8557,389.1351,390.4853,393.2296
414.6812,398.4424,400.1975,400.0854,399.8189,399.6943
445.5603,408.5625,408.6060,409.2199,411.6340,412.0972
419.3139,390.1896,392.5660,391.6950,391.0664,389.8005
415.5726,415.5831,416.1907,416.1011,415.0219,415.1702
344.6028,351.5116,352.5982,349.9833,350.6966,350.6207
418.8057,395.2564,395.2409,392.4237,394.5272,393.2902
417.3104,414.6554,414.6898,413.0466,415.2673,415.6918
417.0309,412.8159,415.5873,416.8477,417.6923,415.7455
368.6494,346.7001,340.7718,342.7332,343.0423,338.7774
319.4526,333.5153,334.3541,338.1150,334.9406,336.1121
329.3836,351.6894,350.7824,350.0627,348.8339,352.2414
405.3678,393.9086,396.0451,396.1866,396.1925,394.9223
379.3981,382.6170,383.7402,384.0289,382.4295,383.2543
372.1625,363.6923,365.7104,365.1253,368.9005,364.9751
358.5932,364.1400,366.4998,362.3329,365.3115,362.9095
421.5785,402.6226,403.7178,404.7997,403.7939,403.5636
357.1965,375.5109,376.2524,375.1511,376.0629,377.7373
360.9394,377.6074,379.9818,375.4489,377.7710,377.2613
366.9256,373.2662,371.9029,372.1635,371.5644,371.8858
414.5635,417.8355,420.0819,420.3446,417.3857,417.6401
330.3536,334.6879,337.2867,337.2839,333.8944,335.0570
358.3448,363.9250,365.3411,363.5426,364.4794,364.2592
425.5809,421.5197,427.6620,423.8054,419.3091,420.1974
336.1066,350.6180,350.6509,350.1823,349.8730,350.6516
389.5320,439.7397,434.0447,437.9030,437.4307,436.3667
374.7240,364.0577,367.3835,363.7713,367.6515,369.4042
410.8164,379.1265,380.8946,381.9057,380.0288,382.6159
415.3490,419.7627,419.8425,417.8804,422.0373,419.4346
362.1718,357.5039,359.3651,360.2570,357.4883,358.2167
419.8855,403.5195,404.6521,402.2572,402.7690,404.2894
327.4847,338.1961,339.8353,342.2927,338.1810,340.0021
395.5327,379.2761,380.1575,382.5039,383.5804,378.3233
366.3296,365.0408,365.6180,366.6778,364.5026,361.3127
422.7920,413.7200,413.0956,412.2500,414.0220,414.0050
418.8101,429.8364,432.7858,432.2775,430.9737,430.7946
342.8511,343.4311,344.3077,346.5603,343.6132,344.0189
326.6705,323.6163,324.5310,323.2007,327.0022,325.2962
407.2908,414.6021,412.6987,415.3726,414.4667,413.6628
370.2731,363.4173,369.0099,368.9557,369.1016,370.2491
364.2463,387.4925,386.2171,386.2573,385.1275,388.4978
377.0737,383.1693,387.1262,386.1625,383.9565,386.3155
407.1403,381.1916,383.9104,381.9758,381.6508,383.4266
373.8257,388.3222,391.0546,388.2710,388.0379,389.7759
318.2760,322.2761,321.9782,321.9413,322.5953,323.1092
388.6344,393.6510,395.8321,396.0500,395.5152,395.2698
392.7634,375.6464,379.4235,375.2599,377.8420,376.9658
356.8327,369.0143,369.7547,368.2957,373.5899,369.0012
405.2113,394.0962,394.6677,394.4573,391.0501,391.4376
442.9603,431.8811,431.6817,430.5726,431.9846,430.3096
401.3277,397.8655,396.7066,398.4847,396.1309,394.9501
368.5741,365.2581,365.8704,366.9137,368.1827,364.9202
311.2651,308.0084,308.6653,309.9194,305.8992,308.5308
376.2561,387.4700,388.8267,389.6667,392.0313,392.2197
288.4106,292.4097,295.5618,294.7774,292.7637,292.0472
342.4107,398.5195,393.6706,395.4555,391.6511,392.7891
416.5739,417.6620,416.2779,416.7701,415.8301,416.0036
453.2805,418.0100,420.7938,417.4498,417.1446,417.3971
393.7869,413.0259,417.6428,416.0330,412.2365,411.2347
359.9006,351.4340,348.1054,349.0728,344.6305,347.3378
330.9772,359.0318,358.3049,357.1188,358.9677,356.4026
384.8565,361.9383,363.6949,364.3863,362.9484,364.0675
410.9410,403.5317,405.7690,401.9120,401.2947,398.9092
363.2453,360.8769,360.3993,365.0824,360.8737,358.9647
331.3905,337.0589,336.1605,337.6122,340.3997,342.3459
427.9904,415.5646,414.7921,417.7031,416.2516,417.9580
334.3889,339.5609,338.3585,338.1044,343.1919,339.0839
415.0464,405.7044,404.1832,405.3877,405.2913,405.3451
467.0007,419.1832,417.1050,421.6787,421.8658,417.5639
382.1695,375.1366,375.9832,379.2228,376.8858,381.1121
383.5483,389.2974,391.2620,388.8718,390.3166,388.9609
354.6595,339.6547,338.5571,341.0418,340.2441,339.5127
382.0247,408.0035,409.0945,406.8695,409.5107,408.1785
341.7607,330.4502,330.5026,328.6672,327.8619,327.6410
353.4161,351.9071,353.6456,352.7714,350.1095,352.2594
340.9685,327.0576,329.6485,325.7553,327.8141,327.9101
402.9082,392.4711,395.8200,395.2620,394.1097,398.6079
396.2703,410.8656,414.4239,410.4582,412.6289,413.8724
413.2312,415.6029,417.2091,416.8044,417.9979,418.3525
