true,pred1,pred2,pred3,pred4,pred5
365.8869,400.5373,399.3124,398.0794,401.8152,394.9071
304.9546,315.3250,322.6564,320.9934,315.9531,319.0161
361.4368,384.2652,377.2032,379.8669,383.6054,383.2140
360.1403,366.3514,367.9309,366.2524,364.6586,366.0864
334.8007,354.2972,350.2773,349.8888,348.7934,352.3224
440.2627,396.9266,399.8347,393.1601,396.1722,404.3990
328.3493,324.5618,329.1058,329.6602,327.6239,326.4362
366.2561,371.4602,367.9990,367.2993,368.9603,367.4092
357.4685,390.9699,393.3652,390.5827,388.6573,390.0139
353.0170,360.1932,363.5306,361.0647,364.2417,361.3141
381.8796,368.7926,365.0711,371.9710,364.9372,368.8488
359.5296,358.3474,358.9995,357.5466,357.9231,357.4156
355.4878,363.9965,362.0296,362.9937,363.0324,359.6603
374.8454,359.6518,356.5542,356.4057,355.4454,356.2831
365.0687,380.8227,382.4189,381.5098,381.2757,379.4022
363.4244,360.5822,358.1294,359.8065,360.9513,360.0206
347.2417,347.1809,346.9773,350.0369,347.0439,351.8275
355.1904,374.6741,375.5055,375.6611,375.4670,374.3512
368.0445,363.5783,364.6211,367.8979,363.6346,368.3495
375.3332,388.9187,389.4702,389.4928,387.2686,387.9022
396.7330,383.6226,387.0562,388.5336,386.4888,390.8791
363.8777,360.0705,358.8788,354.4610,355.7829,354.8360
374.4044,385.1070,388.3223,385.6247,387.5195,389.7389
389.3313,385.0743,384.0146,383.2843,382.3430,386.8658
349.9657,373.4007,372.8697,377.3411,375.0730,375.9265
424.3187,407.1785,408.8940,407.9301,408.9248,405.9945
315.8220,350.3251,353.4123,354.9570,353.0856,350.4060
412.7356,400.5538,398.3174,401.7827,399.3669,399.0350
388.4928,367.2798,367.9566,367.7106,369.0465,368.5205
352.4738,372.1275,369.3879,371.9955,368.1176,370.0222
413.2829,381.0871,380.9156,380.6699,383.3052,386.4568
397.2378,361.0068,363.4682,366.6237,363.1325,364.2845
400.5688,394.3304,399.6871,396.2335,400.7529,400.3911
355.3838,365.0876,365.1494,363.6592,369.8582,365.1360
405.8914,401.0773,401.0875,397.8637,399.5563,404.4151
403.2814,380.9532,377.3944,378.8368,381.8018,378.5417
399.4342,393.1549,393.4093,393.4158,402.0410,397.5010
387.8970,388.4824,385.1380,386.5088,389.1349,387.4561
390.1959,407.2694,406.3528,407.6638,404.7603,407.0481
361.7298,364.4797,366.9829,362.4233,364.4779,362.9636
343.0489,353.4631,354.7339,350.1238,350.4906,349.9636
353.5444,346.8212,350.3846,350.3237,350.1514,347.9609
320.6480,329.3434,332.4154,329.3609,331.6734,325.5517
420.4463,412.6692,410.3691,413.7129,414.9323,416.5421
399.9127,405.8327,412.5133,405.8269,410.7911,403.3256
398.1201,372.5289,372.8718,374.0558,374.7436,370.7948
377.7695,393.1341,391.3382,387.2697,387.9557,390.3451
375.2797,372.3074,376.0392,374.5223,372.6255,373.5433
385.9886,371.6972,373.2432,375.0367,372.9216,374.6608
395.2118,398.8487,402.5621,404.1141,403.9047,405.0871
362.2159,365.2069,365.0071,365.5272,371.0758,368.4818
378.6614,393.4993,393.8243,392.0118,392.1543,394.5595
403.7501,400.3609,395.6074,404.9149,398.7854,401.2415
374.8107,369.3684,369.4263,367.8619,369.9471,373.0188
346.5289,348.5612,348.6209,352.2579,350.6730,350.1721
382.5116,385.2311,390.4117,387.2893,385.4731,385.3014
464.9492,400.5866,397.5816,398.2302,401.4465,392.7630
366.4073,362.5062,363.1831,361.1916,364.7417,361.8925
347.0274,351.5952,354.3359,347.4981,356.2007,354.2800
303.9433,343.4435,347.7070,350.1641,348.5965,343.0084
304.1231,319.6312,321.1616,321.4582,323.9972,320.5880
355.8657,343.8615,338.8251,340.5581,342.3902,344.2751
380.3600,373.1512,376.4573,375.9733,372.0162,377.0327
385.2401,371.1760,383.4586,376.1121,379.2498,376.5658
345.8794,361.9119,356.9350,358.0526,358.5216,356.7086
389.3929,378.3795,373.4014,377.3231,370.8092,374.8782
367.4385,376.5828,371.0301,374.0626,372.5150,373.2839
348.1308,349.8048,347.8536,351.3216,349.4469,354.0267
457.0824,434.1573,427.7166,434.0059,434.7323,424.3653
384.0455,382.8274,379.7177,384.4293,383.7041,383.7842
376.7895,368.5530,365.2511,367.3587,366.9293,365.0846
429.2498,419.0004,418.0191,413.3174,415.7200,410.3672
424.9001,407.9091,410.1307,409.2873,406.6305,412.4035
361.0049,351.4227,351.2782,354.2487,352.7072,353.2233
349.5228,347.3673,346.1519,348.0743,350.5458,349.9709
354.5451,367.6083,357.3020,361.5311,363.0875,361.6626
407.0773,417.2747,418.4162,414.8305,420.1004,417.8765
412.2755,381.8345,387.4415,387.6139,383.9947,386.6209
318.1252,329.4213,327.4582,327.0358,326.3721,327.2701
401.4236,382.7723,380.9947,386.8684,386.6904,386.3003
375.6948,376.0569,373.1936,375.1115,372.2169,375.2454
361.4283,372.4138,369.9693,370.9334,371.5306,372.8633
378.8628,399.6411,404.7615,399.5036,402.5076,402.4590
328.7551,341.5088,342.7013,338.4144,336.8285,339.3249
370.7069,355.3255,359.9864,356.5655,359.8425,357.0669
369.0240,362.2973,363.3019,363.9274,361.1606,362.2335
418.0223,396.1521,390.7260,395.1684,395.1416,392.5749
364.7038,349.0683,346.4936,341.6342,347.8460,343.8785
284.6487,301.7362,296.8556,300.7555,302.4911,297.6163
373.2122,360.2757,365.3435,366.8602,363.1060,363.4307
372.8172,369.7419,368.6826,372.9468,370.1428,373.6052
339.0893,329.1565,326.3830,324.4567,327.0176,322.2432
314.0930,332.9491,330.9893,332.5469,335.0987,329.8725
404.0524,414.3637,411.7146,409.7741,409.2284,408.8139
391.8366,377.7835,385.2138,382.9556,379.7714,380.2461
434.2352,419.9303,417.6964,420.0617,419.5181,419.5164
402.6675,403.3295,399.7274,405.6726,402.9710,400.6798
323.7092,318.3497,319.4114,321.2967,316.9619,317.1464
341.4188,356.4112,362.5921,366.5509,362.8350,362.4540
359.5291,368.6967,366.0800,365.6839,366.8757,368.3195
405.2156,407.8381,413.5572,402.0965,406.3750,403.4773
349.4491,347.3147,352.0575,348.2347,350.4322,345.2592
357.5126,354.3364,352.6864,350.9284,354.4573,354.1374
357.9363,348.7084,348.1360,352.5574,353.0673,356.1993
358.2825,352.8532,355.2076,356.7547,358.4059,351.5659
425.6635,411.6013,411.1677,414.7453,417.2173,415.1929
357.8849,348.9920,349.6977,349.3548,351.6721,344.9370
346.5661,341.5690,343.2684,343.4655,345.1305,348.6368
378.7821,360.3667,362.3255,355.4135,358.5677,359.6665
345.3776,361.5947,363.7885,363.0417,366.2052,364.5127
361.6039,352.3061,351.4998,355.3697,356.3602,355.7358
422.5579,392.8907,396.1749,393.8116,400.1426,397.0375
353.3279,373.0891,372.3129,373.9848,373.4538,376.2507
360.8554,363.9937,368.5492,364.1978,372.4289,369.0051
364.3870,367.0343,365.7049,371.0863,369.9893,365.5215
320.5901,318.0718,317.4696,316.0507,318.8481,318.2553
348.6086,369.3912,374.1272,370.7880,369.2627,370.3827
355.3059,366.6514,362.3218,362.8601,365.6584,365.1231
335.0648,312.2555,311.5939,314.3369,316.4430,311.5229
347.3893,368.0915,369.0554,367.2506,368.4757,366.5086
403.8575,408.8255,412.4974,414.4578,414.3343,406.3065
362.5101,361.8685,363.9953,365.7947,364.0413,362.5806
355.4041,355.1943,355.6156,352.2898,352.4877,352.4488
382.7211,373.4267,368.5423,370.9485,368.7124,370.0331
359.3783,372.3481,372.3346,365.0795,368.5380,376.3033
325.5642,350.3111,347.8703,347.7758,347.2852,346.8430
365.5638,368.6615,365.4472,368.4936,363.6312,365.0159
337.3747,339.9066,342.2252,341.8185,339.1933,338.8437
322.8951,357.8154,355.8463,355.1129,352.7588,353.4468
371.9296,364.7035,361.9558,363.7208,360.7027,362.4212
425.3818,415.8885,415.8240,420.3413,419.3261,414.9706
413.1340,387.2631,386.9920,385.9429,386.9610,388.9458
357.1761,347.0097,351.8852,349.7252,345.9615,347.7736
384.8420,387.9551,390.4454,387.4738,389.9275,386.8464
352.1765,365.9687,364.3695,364.4880,366.1637,364.9207
415.8567,394.9789,391.8204,392.2879,389.7407,394.5126
378.3047,367.7918,364.6664,363.9494,368.7884,369.5599
359.0278,376.7352,372.4283,374.4563,378.6513,370.7941
392.6890,390.6721,392.7136,400.9727,394.3887,396.6391
366.2897,391.6599,389.2315,390.6835,390.2129,389.6118
451.0723,420.7131,423.8438,426.7144,416.0393,427.5597
333.9749,339.1411,344.2467,340.7629,337.8413,337.4794
378.9802,388.9176,389.7416,383.5989,382.9198,390.0930
387.2476,392.5778,394.9093,394.6880,395.5885,390.2981
329.6472,357.3472,357.7609,355.9093,354.2886,356.0806
412.7570,383.6452,394.7693,386.9391,391.9182,390.9343
338.5426,364.1338,360.9045,365.7540,364.5384,364.0021
327.1659,357.2011,362.3100,359.1158,354.4866,360.7327
361.4134,353.3425,353.7169,350.7511,351.7531,357.9323
417.2831,385.5920,388.8761,386.9832,389.1553,387.2805
326.7397,339.6316,345.1814,339.7419,338.7487,341.6253
381.3500,402.6648,401.4509,402.8896,401.1907,399.2021
349.1378,370.0991,364.4302,366.9360,365.3141,367.1572
374.8020,358.9650,358.9778,360.7519,354.8836,356.8628
364.7476,363.5039,360.7391,360.1104,360.8634,363.0859
400.5425,394.9735,391.3723,387.9859,391.3951,389.8625
362.3399,375.4412,369.6907,374.1963,370.1542,369.8376
307.7736,322.4196,322.6003,322.9854,319.2100,317.9260
345.3514,353.3083,356.8933,352.5228,352.8350,349.2824
384.9469,371.4684,376.5702,372.3593,377.0195,376.8894
372.9104,378.9619,377.1322,379.1428,377.1246,374.9042
424.8430,417.0919,416.7823,420.0476,418.8832,421.1767
358.9048,397.7913,396.9866,397.1642,399.2893,398.6974
382.0342,379.8158,377.4862,373.7917,379.1790,376.0523
410.2156,380.4436,378.5589,377.1698,383.4390,382.6581
389.8250,385.2179,386.5861,384.6494,382.2107,385.8936
384.4678,388.7762,390.4399,392.5228,390.9870,390.0810
370.4893,376.0380,378.8266,373.5505,376.5333,376.6458
329.3868,369.6016,366.1422,366.8697,362.8951,366.4877
338.8836,348.7970,348.3175,352.5065,347.8614,346.8930
354.6228,370.3394,372.4000,370.3895,371.8338,372.0860
381.6585,364.3483,365.4078,366.2029,359.4932,366.7204
364.0704,375.6575,369.7521,369.8766,370.0045,366.7646
385.9146,391.4195,389.3324,393.9783,388.7404,395.4087
362.5056,361.4636,360.0838,361.1875,356.9075,360.6792
362.0886,360.9906,362.1975,364.0891,363.8796,359.7598
301.5669,330.9562,324.9793,331.3899,328.4956,334.6828
343.9311,340.9912,343.3896,344.5947,348.6443,342.6486
409.2632,386.2868,389.9916,387.0827,388.8308,393.4808
387.1096,379.6436,378.2152,382.2140,378.4144,378.6639
364.4320,364.7059,361.5869,366.1788,366.1170,357.6612
390.9021,373.7115,374.5464,373.6394,378.0787,373.4768
375.1960,364.0151,363.6108,366.7448,364.3242,365.0553
366.4759,373.2484,376.3097,374.4762,373.5844,375.8412
391.8535,392.3779,389.1238,389.1430,390.6610,390.2463
375.4025,379.7184,385.6466,383.0178,385.3308,385.1065
365.5553,384.6619,382.4219,386.4393,378.8995,385.0159
345.9357,329.7459,330.4551,336.5674,335.5862,334.2175
364.8823,369.1442,368.8679,368.7100,370.1103,369.4506
394.2209,418.1755,424.1780,425.4632,426.4296,434.2953
339.9549,370.3030,369.2416,368.3188,366.4449,367.9501
356.8762,358.6121,357.2176,361.6282,360.0623,361.1469
352.6619,372.2173,375.6828,371.2116,374.5216,376.2457
403.8356,376.0164,377.8396,370.5619,373.6961,373.0094
371.2714,365.3114,365.5450,359.2674,363.7045,365.1249
324.2331,353.8165,353.7578,352.5431,351.6969,357.5413
371.5664,374.0059,376.1096,377.9909,380.3580,376.0464
375.8040,386.9995,384.3510,386.7179,382.6078,386.3907
419.2188,413.5992,414.6745,406.6142,412.2428,408.5278
399.7086,389.5866,386.4417,392.7441,393.3815,390.4637
336.1636,354.0301,353.3150,351.6655,347.1084,354.4124
351.8301,350.1041,351.3187,352.1791,352.1709,348.2503
345.3129,361.6394,362.3879,364.0595,363.6261,366.1650
370.4522,370.2137,367.2886,368.0562,370.3909,371.9293
326.2016,366.3834,363.4763,364.8913,362.9228,364.2137
373.1503,388.6942,386.4917,388.2345,393.2572,388.3807
336.6978,367.5436,367.6745,367.1551,367.1236,365.8191
383.9481,350.3604,354.2147,350.9629,348.6170,350.8023
425.9159,424.7245,426.8725,423.4487,424.9691,422.3216
374.6071,408.1942,405.3241,408.8167,404.0733,406.0364
363.4223,388.1740,386.0817,384.4874,386.0450,389.8490
387.9665,411.4488,409.5509,409.6768,410.0103,407.3752
317.7579,320.0351,323.9601,327.8253,325.7951,320.8053
413.7970,419.2368,416.6416,411.8247,416.5412,410.3182
377.1683,370.9858,375.8048,372.0780,370.6424,375.0023
429.6471,392.2696,386.5907,392.4101,392.5902,391.0612
338.3951,355.8616,356.8730,355.2955,357.6390,351.7146
402.9571,391.5405,386.7535,386.4663,386.6796,389.9632
389.5283,374.6921,372.4814,369.3376,370.5325,372.9375
385.0651,370.5857,376.8429,366.8798,366.6605,370.6423
415.4007,429.2984,421.5749,418.5082,425.0143,425.8902
384.9950,384.8809,389.5869,379.5186,387.2460,384.8362
393.7680,384.7025,382.4032,380.7950,381.1567,384.5992
390.9168,404.9123,404.0162,398.6567,403.9735,402.7098
408.2911,365.1950,365.4189,364.2627,364.1765,364.5181
373.1846,380.7778,382.7075,383.2341,382.7726,381.6026
365.3988,373.8670,368.0581,367.8962,368.0114,365.8023
382.4508,397.7225,402.7170,402.8822,398.0587,402.5947
403.7451,387.7294,386.4041,386.2081,387.3610,387.1126
344.8750,353.6725,351.5074,352.1116,351.9126,350.1730
349.1747,373.8312,372.5204,372.0115,369.2229,372.3192
404.9376,392.5612,391.7940,389.0470,393.1844,391.2467
414.5835,380.0570,378.1771,375.5755,372.2597,371.1862
418.0542,386.6425,386.7221,391.3840,390.6603,390.2437
365.7415,380.2072,380.9309,378.0952,380.7833,378.6902
369.0511,373.2968,374.1419,375.7684,373.7338,374.2729
334.7041,335.2366,332.0850,340.8773,338.6735,333.9157
399.1427,393.4664,388.0281,390.5342,391.4598,394.9129
407.6526,417.2188,419.8825,415.2469,421.7235,418.8895
387.5333,375.3506,371.6093,376.2854,375.2112,374.9676
379.1042,369.6758,370.5381,371.6564,368.8075,372.1885
427.7039,396.1726,392.1926,394.3228,394.7390,392.8826
321.4124,320.6681,323.9577,326.5506,323.1192,318.7183
424.5541,417.6872,417.7958,416.8963,420.8279,430.0577
323.7962,357.2750,360.8795,358.1858,361.1768,358.9845
361.3990,369.7567,369.4152,370.0899,368.5070,368.0197
354.2566,353.0337,358.1329,357.0443,353.2830,356.1185
406.3896,410.1430,409.5516,403.1356,411.5847,403.1853
333.7121,350.1977,351.0914,352.1996,350.6757,353.5831
400.6855,390.4536,388.4628,388.1761,387.1683,386.9162
393.6313,384.6436,385.6195,386.0738,380.1787,387.2301
412.1054,390.4756,391.2524,398.6605,393.9499,394.6377
396.1976,373.2317,376.2044,373.8734,375.4400,374.2541
382.6242,400.9115,400.2257,405.4261,397.3886,404.5213
408.0822,378.9681,376.5732,377.5216,374.7091,379.5706
368.7559,362.6432,359.7324,358.9748,357.7309,356.5035
350.8588,363.4411,364.9680,366.8387,366.8051,367.3578
404.0605,383.6063,378.6846,373.0170,375.6332,375.1833
396.0917,393.4425,391.5192,388.7403,396.2138,394.9463
343.2159,363.4365,367.0766,367.2301,369.2550,370.4613
351.0901,385.6813,382.3934,382.8140,385.5917,381.8911
305.0436,320.0907,321.4780,320.5125,322.1162,315.9036
384.0977,380.6100,378.1613,375.6383,378.7982,374.9823
365.4428,358.3243,362.0472,357.4737,355.5697,357.6890
411.8357,397.9464,395.3139,396.5560,398.6523,394.6962
370.9799,348.0908,347.7410,349.8421,349.1179,345.5059
367.6002,385.6257,388.6233,387.3693,382.7811,384.5956
388.7115,365.5386,365.3886,366.1929,365.8584,367.1659
373.7783,376.5464,376.1621,378.0835,373.3077,380.9015
380.0109,389.2379,387.9300,385.4933,389.5999,389.9521
376.0379,366.3318,363.2567,367.0936,369.1941,363.8192
351.9006,343.1333,339.1259,339.6379,339.3568,341.6130
405.3966,405.7482,410.9147,408.7438,408.9581,414.0230
397.5981,395.3181,399.8658,403.9250,399.9787,401.5412
452.3468,400.1239,400.4453,397.5500,398.1724,401.2699
368.8198,370.3829,366.8926,371.6151,373.9364,370.6111
423.6574,398.1976,397.8321,389.1824,394.1672,400.2829
390.8492,382.9142,387.9568,388.1285,386.3419,387.4062
341.9593,342.3296,343.2338,343.4509,343.5235,345.3172
399.1775,385.7760,380.4603,386.1887,385.3396,389.4576
370.8759,338.7173,344.9781,345.7776,346.0639,344.6741
406.5178,405.3396,406.8422,410.3193,405.2695,400.7929
384.6660,380.5730,382.1148,380.5419,376.8188,385.4756
341.9203,361.8084,365.2782,362.2845,362.3155,363.5519
376.8961,388.5172,396.7585,396.7734,394.0728,396.1389
386.4172,376.7330,377.6352,375.6494,373.1103,381.6573
382.6672,382.0547,383.3065,381.5372,381.9596,382.8254
444.0641,400.1857,396.5226,399.6611,405.1716,402.0700
385.9106,373.2315,370.8550,374.3898,371.9398,372.6589
389.6926,383.7545,387.3134,384.4887,385.7281,387.8910
406.8261,380.8958,387.3845,382.2927,383.5161,384.8450
348.2347,398.2216,393.4018,403.7681,396.3586,400.5964
344.9959,328.3018,329.9961,330.7051,325.0665,324.5056
335.9935,338.1627,335.8426,336.3947,338.4484,338.9899
417.0582,398.1245,394.5861,393.2064,390.3656,391.9653
439.2402,412.4820,413.7054,416.9219,412.1528,421.0222
409.5665,398.7887,395.5812,397.1610,399.6530,402.4427
375.6293,366.0319,371.7369,368.7828,368.5848,369.1270
415.0702,384.1491,384.2187,382.0443,381.0809,385.5200
362.7017,397.5508,397.3782,393.6507,396.4027,399.4298
347.5249,352.0923,354.8569,357.0873,354.3520,355.1681
366.8278,364.1069,364.1099,365.2177,362.8170,365.6649
445.5325,417.6338,418.2891,418.1406,424.2194,418.1725
404.7265,396.7195,398.8244,398.5422,401.5701,394.8298
382.7591,391.1728,390.0299,390.5238,396.1100,391.1741
358.2732,345.5367,345.0451,341.9133,350.1939,344.3294
364.2971,370.5437,373.0159,374.5945,373.3340,371.9727
367.0015,387.5613,385.6152,385.7204,386.7256,385.2399
351.6888,351.8657,353.4689,354.3148,354.7998,352.4555
372.9944,350.0074,354.7257,351.9100,353.3863,354.2978
346.0661,351.5557,347.5000,349.6781,351.8688,350.5656
406.8812,418.9890,415.5110,419.5505,416.2511,417.8935
409.0624,396.7039,399.3408,399.5851,397.3663,397.7728
362.6234,358.5637,355.6687,357.8645,356.4852,361.6962
420.9360,410.1448,420.7444,413.6082,413.9752,412.8323
346.0428,346.7673,342.7913,348.1186,351.0279,344.8798
346.9768,374.2133,370.2055,370.2609,372.3717,369.4173
388.5659,374.7237,369.0325,368.8780,372.1255,369.5994
386.8348,392.9426,393.9288,393.0318,390.9112,391.9110
351.3013,381.0472,384.2525,386.6682,383.3967,383.4919
365.3049,363.8290,366.8157,365.9037,363.3452,369.0804
359.8166,371.3902,368.1424,368.0367,369.2312,370.3968
409.4993,402.6616,401.8854,406.9289,401.9864,406.4449
373.8365,353.1127,355.8662,356.1424,355.8163,355.2313
368.5117,357.9455,355.8922,354.9437,356.6677,356.8908
393.6119,372.4002,378.8573,372.2680,372.8924,373.8738
368.4081,381.8775,379.1067,377.6570,381.7422,376.7917
325.7841,324.7629,326.4568,326.5786,322.9522,326.5996
376.8631,391.5734,395.0515,389.0602,390.4732,392.2354
385.5976,375.9292,377.9329,378.1899,377.6632,374.1942
398.8112,385.9695,383.6445,384.4879,385.4890,385.5624
408.1053,386.7081,389.5247,383.5613,388.4823,386.7600
326.5472,339.0522,341.2165,341.1303,338.3982,338.1708
348.1256,335.2210,341.8144,337.1477,343.8636,338.2755
354.8834,370.7281,362.6895,366.7884,366.8209,366.7576
376.2719,381.9158,383.8495,381.1867,384.8540,381.0986
361.7102,381.0722,379.0949,381.9510,374.3062,378.5321
454.5593,413.7692,416.9170,418.6561,413.0579,419.8196
359.1407,368.9831,372.4377,371.1739,374.8604,372.6620
361.5575,364.6546,362.2075,362.2053,357.8007,362.8255
372.2687,396.4240,398.6007,396.8316,392.0081,394.0771
350.8551,354.4565,357.3123,355.1699,357.9102,352.8637
399.6580,386.4673,388.1381,388.9694,388.1545,387.4160
322.1763,337.7750,339.5889,338.9873,339.9600,340.5068
393.9518,384.1449,381.2800,382.5211,384.2718,382.8060
346.6352,358.3586,359.0032,359.7593,359.7375,360.8552
368.9288,361.4906,362.2238,361.1340,363.0169,364.0922
363.7607,366.5117,369.9752,368.8599,369.4372,370.7630
338.6794,323.1593,330.0336,322.0059,320.8859,324.5238
375.5712,398.5568,392.5413,392.4965,395.5856,396.4226
369.3559,362.1217,364.3095,368.7470,366.2378,367.1534
338.0971,344.2435,339.8395,345.0663,348.3667,344.7320
348.2012,338.1422,340.8727,342.4138,345.4840,345.0921
424.1903,400.0006,398.6544,400.3268,399.6800,398.4071
376.8390,377.5489,377.9669,383.9165,377.4999,381.0763
399.9856,391.9517,385.5081,389.3298,391.6257,392.4769
363.2286,354.3054,352.6133,355.1020,353.4690,352.5877
341.8489,326.6141,328.5440,330.4561,326.7071,328.1479
347.0988,366.3274,362.7497,367.5224,360.7245,363.8085
428.4992,394.5244,398.1675,396.0369,394.8050,399.7932
442.4280,398.4402,400.8548,398.2716,395.9655,393.3785
390.9590,378.1392,372.8884,379.2823,376.5474,377.2996
378.6525,374.2853,378.9510,379.1884,384.7418,377.4764
370.4661,367.3838,366.7571,363.9641,367.6776,366.8864
340.7944,362.7452,366.0917,366.0741,365.3448,366.4231
383.3762,382.0782,382.1998,386.0626,391.4966,387.5429
334.9752,341.2651,339.1490,340.2362,339.7803,342.4571
361.9135,385.8957,390.8069,379.8286,383.6249,384.2139
392.5949,365.4288,376.1354,371.6777,371.1856,372.7343
341.8390,354.2633,353.0110,352.3689,354.7258,352.9369
392.2327,384.4118,381.3300,382.8041,385.0487,382.4241
359.3600,350.6193,352.9850,353.8655,359.8254,354.7473
399.7080,393.5976,391.7578,392.6843,388.3005,397.6432
399.2041,388.4834,387.5233,388.4680,388.8109,387.8706
350.7068,359.3088,357.1354,359.5778,355.1629,354.9291
415.8977,404.6619,400.8428,402.8231,403.9570,403.9146
376.1487,382.8849,382.0574,385.0469,382.7947,383.3294
382.1525,362.2135,360.3123,361.5184,363.5748,362.2365
409.3721,388.5886,384.7185,384.0984,387.8063,381.2465
361.2283,366.4515,365.5509,366.3131,363.5817,366.3549
417.9668,390.3959,392.1662,387.5182,388.0640,389.4045
394.9504,399.7632,401.6409,395.4200,404.5707,393.7427
395.6225,400.3051,400.0564,401.9592,397.2499,398.8351
369.0938,361.7165,363.6004,365.1841,365.2427,360.9327
331.3340,359.3249,357.5465,360.3854,358.2531,362.0272
364.0959,370.7055,370.2201,369.2546,369.1049,370.3788
333.7089,361.6393,370.0173,367.1559,363.2202,367.6987
370.5301,380.9677,383.0434,379.8479,379.1475,381.2954
392.0918,398.6195,403.2153,408.2798,408.9489,403.9746
313.0561,340.8483,343.1587,340.2953,345.8215,340.5185
356.1170,356.5868,351.8437,348.9483,351.5909,350.8474
394.5428,391.3216,389.5791,391.0975,389.6818,388.6470
388.8035,378.0335,383.1775,380.1111,377.2587,386.7543
362.9695,370.2538,367.3915,374.5448,368.9206,373.9963
337.6411,361.6764,363.2720,364.7448,361.4727,364.1793
365.1862,365.1046,360.7325,363.8559,361.8961,362.3127
408.9071,406.6636,408.4035,405.1635,405.4586,400.5466
382.1131,376.5380,372.5359,370.6766,371.7170,377.3771
364.4072,337.5839,341.1786,335.6083,339.3359,336.8505
348.0411,359.6615,357.2872,361.4567,359.5934,368.4325
366.7114,353.3921,354.2516,352.8829,353.6397,356.3073
371.6198,381.9151,382.6137,383.8166,385.4599,389.8898
352.6716,354.2772,353.0308,356.6454,356.1209,356.0074
375.6361,372.4087,373.0553,371.0100,376.6329,374.4515
339.2495,334.3603,331.1066,333.8952,332.5003,332.2962
355.8145,353.1039,348.4506,349.8613,350.7138,350.1282
365.3032,351.8531,348.2962,353.1417,349.7636,347.7969
414.3315,404.4345,404.9473,397.9418,402.5933,397.9118
379.2786,351.5552,353.3444,351.2429,349.2654,352.1818
330.8902,331.5080,333.9506,330.1493,331.8237,325.1748
387.6966,384.5076,391.4628,387.3962,385.9590,387.1957
391.2959,404.2689,406.2975,408.4402,405.5124,404.5313
380.8087,368.6176,370.7152,368.1113,366.7412,363.0289
415.7699,399.8885,399.1209,397.4873,397.8841,398.0346
375.8341,377.0829,379.1781,376.4103,378.7152,376.0434
368.1038,386.8553,381.7375,379.1943,382.7582,382.5781
333.5947,371.4806,371.1393,373.9279,373.0499,369.6526
399.3059,397.2959,397.3219,400.7723,400.4009,398.0504
374.0856,380.6541,381.8795,378.9449,382.2024,381.0087
407.4931,399.0413,403.6147,401.5789,400.2058,399.2319
404.1956,376.7236,377.6894,375.9993,373.5178,378.6187
403.6906,404.4293,403.4598,400.7274,404.3926,397.7540
422.8833,405.6377,412.6307,402.8469,402.1029,406.0355
407.0562,408.7834,412.5185,399.3611,403.0393,406.3391
393.6302,382.9788,387.4847,383.6845,386.3646,385.8370
408.8385,411.3002,417.9443,414.8844,418.1990,410.1773
330.3940,335.2669,332.9609,337.0797,332.0144,328.5679
395.8841,380.7536,379.7594,377.4703,382.3070,373.8319
404.8918,396.7712,400.1983,395.6590,397.8426,399.0241
360.0556,370.5271,367.5640,369.2525,368.9044,367.5141
454.8328,435.0654,441.4828,442.7778,436.6827,436.3231
445.8825,432.8750,432.9241,434.3269,430.8710,430.7682
429.4426,402.6496,405.3567,401.3794,403.0873,402.0619
320.4800,342.5573,342.7515,341.9941,343.4404,337.6709
384.3941,395.6213,389.1717,394.4453,391.1383,392.9162
380.0182,364.2891,359.9022,361.2738,365.9487,361.1175
444.1242,411.5173,406.7428,410.2379,407.2751,409.2565
395.6961,411.2242,413.0288,416.8793,414.0168,414.1764
387.7772,390.4664,388.7312,389.8336,385.8859,387.6714
397.4501,383.7743,381.1580,380.5950,386.1662,383.5112
351.7733,321.4908,323.1575,321.4499,323.3529,320.3332
417.3079,400.6759,397.5238,398.2659,399.8614,396.5362
402.5836,387.3754,384.3004,389.5964,389.1426,388.4537
388.0438,369.3573,366.5641,365.0383,363.4161,364.4076
362.2053,350.4021,351.1242,354.6996,356.4630,354.5981
362.3628,399.0251,393.9972,395.4887,398.1395,397.0022
350.0055,354.0428,357.8937,357.7514,354.8418,353.6156
346.0058,364.3820,370.0140,368.1914,368.9169,368.7689
385.1232,388.0248,386.9896,386.2280,383.8891,385.3334
317.4642,321.2912,326.4659,326.3596,328.0313,323.8987
350.6834,352.7757,354.8133,351.2729,354.8109,350.7379
364.4221,375.3669,370.6402,369.0441,367.9192,363.4819
343.8852,353.4966,351.1914,355.3196,354.9389,355.1833
411.8817,404.9291,400.4552,400.8586,402.3571,399.4238
360.9593,380.1487,377.6960,378.0291,375.7252,377.6898
380.1935,395.2251,394.9409,391.0413,391.4268,393.7952
370.4482,402.1371,401.7375,399.7073,400.2975,399.7441
413.3569,407.0009,403.4042,407.3871,406.2874,407.0794
396.8178,381.9453,380.4163,382.2052,379.1396,382.9600
358.4522,377.3882,379.9274,376.9388,379.9637,383.5189
359.0183,374.3514,375.1741,375.8654,372.1122,376.8419
404.0075,402.4003,407.9654,405.6234,403.5007,402.5595
415.9542,405.2217,407.6393,408.4398,407.4156,402.6447
372.0262,377.7502,376.9302,377.9263,382.4526,376.5465
375.9264,373.0065,376.5481,373.2105,375.0532,374.2924
345.8801,347.6439,348.2231,347.7814,345.4916,342.2003
366.0204,366.4268,362.1020,363.2180,362.1155,363.0127
348.7287,360.1070,365.3449,358.9338,362.4251,361.1547
367.2767,352.9583,351.0713,361.7513,358.3679,350.9498
353.2359,337.4137,335.0760,338.6619,340.8677,336.1884
348.6875,378.1758,380.6259,377.9699,379.4140,375.2243
383.2333,358.9226,354.5261,359.9350,359.4310,359.0055
392.0255,376.1444,378.9780,377.4804,375.7431,380.8551
464.8315,400.7113,393.6165,396.0362,397.0932,392.2441
338.0895,351.5840,353.5104,354.4735,353.2188,353.5559
361.2665,352.1799,351.6316,350.6250,351.3210,352.3468
388.2661,389.7314,383.7597,387.3424,388.5477,388.0159
391.6921,380.2574,382.6013,385.7442,383.7389,383.8813
348.7061,357.0903,355.5778,357.1701,359.4045,360.2700
422.9252,413.1482,416.0386,411.6325,413.6375,415.3900
407.4822,406.3975,407.0163,400.4803,408.9073,404.4226
369.5254,364.8101,359.0622,361.7468,364.9580,361.7030
405.2362,384.1666,383.5441,383.8002,384.8412,380.4475
412.3038,415.0074,414.0744,413.6508,410.1784,418.6084
401.2952,395.4667,394.4347,396.0636,396.6828,396.2909
381.8391,382.1146,384.0668,385.9002,382.8050,381.7806
364.5512,386.4215,386.9730,388.3838,381.9737,385.8585
296.6503,331.7536,334.5028,335.9746,329.8515,331.7445
382.1555,385.4558,389.4479,391.4868,386.6695,387.8219
397.6809,381.5361,379.7737,377.5519,379.3659,380.5410
332.5664,341.7214,341.9466,343.5277,342.3504,342.8329
399.7493,389.1196,387.4589,389.1097,387.8972,387.2895
398.6381,386.9725,388.1353,386.6016,389.0638,386.6840
403.7752,376.4028,374.1848,372.2826,375.2388,378.7559
374.0317,385.2369,377.7764,380.9292,381.1000,380.7176
367.6874,351.4881,353.3058,350.7395,351.0500,351.9541
404.2295,411.3320,413.2697,411.4998,408.9792,408.3949
392.7091,378.0027,374.4722,378.4122,373.9246,378.4329
364.4344,360.6478,362.5126,362.9109,367.5224,362.3941
390.7545,362.2541,359.4644,359.8006,358.8994,359.1678
460.5247,411.0809,408.1191,409.1508,410.1200,407.7164
307.5269,352.9223,356.7083,357.4498,355.6270,359.2027
355.1172,373.5720,366.4930,374.4033,369.8605,374.0742
373.3210,383.3064,382.2698,379.7406,380.1456,386.8131
348.9029,380.4318,377.1309,380.2015,378.7605,381.9689
393.6877,392.4327,393.1827,392.3803,393.2010,395.8846
354.5742,348.6685,348.9831,352.5323,351.1478,352.4576
385.4751,377.1294,384.2134,380.9264,380.8694,382.6654
337.6108,343.1743,344.7069,344.0014,341.6229,340.8160
405.8789,389.3263,388.7030,387.6104,388.7980,386.6199
373.8749,384.2450,380.2019,382.6420,381.2212,380.2123
381.8611,382.0146,383.1433,381.0151,380.6117,380.5527
373.4845,394.6863,395.0090,393.2472,395.5271,391.6095
335.3165,385.9220,385.8157,386.2403,386.8448,384.7740
366.3022,372.5412,373.7923,375.8624,373.6213,377.4793
417.5107,406.8248,410.6323,411.4189,410.8694,411.5040
381.9722,402.3883,403.7651,402.4987,396.1804,397.2649
390.2446,385.6485,380.3206,383.8832,377.6924,385.9022
365.0479,388.4888,396.9456,400.5769,398.0419,400.0031
381.2875,398.5805,394.4576,388.8268,393.4846,397.4232
422.5253,396.2797,394.6028,394.7648,392.6525,394.3506
293.2433,311.4063,312.9116,311.9492,304.9311,310.3598
403.5358,418.7982,415.6776,416.6486,415.7934,422.2316
393.4115,387.1198,386.6457,387.0634,389.1840,386.9226
409.5409,401.1011,400.0368,398.5414,398.5058,393.3023
354.4179,367.6783,366.1766,371.4213,359.6986,349.2712
388.2392,372.2382,372.8531,374.3678,375.8779,373.3423
427.6814,398.6782,400.7952,397.8586,402.8964,400.6195
391.0328,401.3635,400.4859,405.5111,405.9098,397.2529
411.3433,390.8847,393.5112,387.7494,390.4140,395.2706
382.2860,394.5391,401.2686,399.6526,398.9979,399.8878
376.7176,369.0000,369.0815,369.3534,364.5097,370.0149
405.4306,388.6673,389.9626,384.2801,386.4505,384.8047
382.3940,399.8613,394.0289,398.7712,400.4154,394.6193
356.2417,360.8040,356.5425,357.0515,357.1366,358.4667
379.4056,384.6838,384.8015,386.3542,385.9197,385.0088
378.3956,359.6047,360.8494,363.1608,361.2554,359.7835
348.4916,376.6308,373.8464,369.4803,373.7268,373.1937
378.8610,383.2458,388.5588,384.0068,385.4325,385.1574
414.6166,381.7647,384.8196,382.5620,384.7640,384.3695
312.2821,332.1239,334.4900,334.2686,340.8511,333.0159
416.0663,399.9828,401.8976,400.6954,398.9807,400.5496
400.2976,375.6466,375.6345,378.2668,385.1838,381.0976
344.7808,350.4669,351.5755,350.6431,351.7133,354.2397
384.5720,389.4131,388.1688,385.8167,387.0822,390.3830
386.8736,387.5990,392.1986,387.2322,388.9003,386.5590
423.0630,388.3885,394.5992,392.3734,389.2609,396.8779
452.0702,426.1743,433.7966,430.3190,432.5040,440.8104
344.1848,358.8527,357.8750,357.5826,355.2992,351.5455
367.7311,381.6156,381.4217,382.2912,379.1982,383.3193
354.2261,381.1333,385.0842,381.5911,385.4086,381.0257
423.9480,403.1933,398.9556,403.4471,398.2060,401.2025
300.4747,314.7285,319.8119,316.6095,318.4558,319.0301
354.6825,332.3143,336.1256,334.8179,332.8243,325.9760
375.9459,381.9483,383.1714,384.5476,381.7042,381.6003
316.0678,316.2227,321.5288,318.4380,318.8312,319.1632
323.6078,317.5685,313.8259,314.9905,312.7933,320.1101
341.3852,343.0563,341.2755,339.5780,345.9754,345.1178
443.0497,411.3035,414.2295,405.7415,411.6640,410.1575
388.9924,401.1935,400.4202,397.2709,395.4871,397.4517
336.4189,342.5366,345.1919,343.6983,343.8635,343.5757
344.0917,342.2128,347.6815,344.3820,343.6256,341.0768
328.2657,323.6564,323.3477,324.0983,323.6289,319.1344
368.8277,384.5280,388.1304,388.1288,386.1092,389.0781
346.1715,351.9745,352.8713,351.8189,351.9580,355.3036
350.1971,353.8756,352.7645,349.7271,348.3784,349.9176
338.2911,335.6756,332.0162,331.5405,332.1197,334.3897
346.5342,351.4203,353.6429,355.3999,354.3850,353.7559
395.7013,396.8498,389.4367,394.4016,390.4405,389.5093
356.0429,353.0073,352.9905,353.0326,358.4004,354.3431
358.5336,373.6677,371.5272,371.1708,371.0370,371.6478
349.6022,343.1159,343.0885,344.1633,343.3767,343.5712
386.6095,389.7594,389.2403,392.6751,390.2784,389.1660
393.6702,364.7247,369.0074,369.2201,365.8167,367.2411
355.6940,376.5495,370.7748,370.0597,370.9874,368.4714
363.8671,402.9194,400.3378,400.4427,400.9656,401.8941
348.5328,370.0590,369.2703,368.8202,370.9886,371.6238
327.2126,316.4302,318.3860,318.1816,323.0755,317.9916
336.8899,331.7792,326.7152,337.2463,331.6861,330.0040
363.4984,368.1920,369.7350,368.1514,367.8440,365.9005
345.2885,368.3492,369.1042,371.2306,371.7070,371.1371
424.8382,407.3690,404.3665,405.6941,402.8443,404.7177
307.4553,317.5637,310.4642,312.4273,313.8867,319.4232
312.4300,340.6203,334.2012,333.7072,333.3664,331.0861
395.7419,404.7849,403.2916,405.6051,402.3492,402.6837
380.1940,367.7675,368.6167,368.8609,372.6953,365.2793
389.9466,375.3179,374.5751,373.5151,372.3518,378.0574
373.7508,366.8226,369.2874,373.5142,373.5234,375.0622
345.0801,345.6504,343.9706,344.3772,347.4884,348.4789
327.9590,349.6734,352.9111,351.0762,346.9393,346.1944
330.2850,326.7517,330.1817,328.3351,328.5462,326.9754
422.7913,402.0560,400.9240,400.5045,401.0471,402.3528
350.0594,362.3027,358.6215,361.3137,359.2334,360.6975
379.2593,382.6671,379.6737,383.1502,382.1577,384.8923
335.2869,365.8202,362.9168,362.1981,361.3246,363.2269
352.8227,391.0590,388.5087,384.8584,390.1762,388.3378
394.0377,372.9773,371.4991,374.9915,375.9880,376.8951
388.0896,361.9632,358.1425,363.6112,364.5302,362.6659
330.6471,360.9856,362.4069,360.7585,361.8289,359.6145
336.5494,341.4260,339.5600,340.4631,339.9625,342.6468
355.7704,382.4170,382.3647,381.4703,379.8626,379.1138
392.9117,395.5049,399.5598,398.0037,394.4901,395.1604
433.6623,410.0392,409.3531,412.7896,403.0016,409.4791
425.9914,408.9310,410.1214,409.0566,408.8030,406.0379
369.1479,382.5495,380.3322,382.0488,381.3577,386.0928
427.5030,418.7130,415.3851,415.1647,417.1447,417.9619
376.9220,364.1895,367.5340,368.3377,367.4312,365.7929
313.7597,349.9334,350.6795,346.8953,346.0221,347.2107
349.0613,335.9446,338.5584,335.9066,334.5282,335.5653
395.5835,369.7487,372.8066,373.3994,375.2747,371.2638
455.5726,421.7353,425.5557,418.8832,426.7458,426.1678
376.4079,348.7677,359.0103,346.7421,351.2155,349.9845
432.2122,413.2842,420.3031,416.9931,420.5603,420.3537
334.6865,343.6756,348.6506,341.1031,346.1700,342.9899
361.8611,371.3457,372.8534,371.6341,371.8062,368.5762
415.8745,380.5742,390.9958,392.3879,391.9785,388.9089
361.8976,379.0596,382.5091,381.3933,375.9209,381.3200
416.9635,417.2777,410.9675,416.2176,420.2625,412.9718
338.0294,336.4245,329.8481,335.4858,334.9142,335.1101
328.9852,346.4439,353.1847,346.5927,346.7237,354.9934
341.5286,333.9629,332.9109,334.1093,334.9891,332.2640
388.3634,377.7485,375.3426,373.6777,373.7435,374.7874
450.0836,413.9651,415.0129,412.1322,413.1517,413.9232
390.8924,383.1040,384.7149,386.6471,383.8619,385.1202
337.6767,330.5101,327.9009,331.4743,331.0321,330.8479
377.8447,388.0192,389.5918,385.7447,388.8810,386.9966
407.8655,357.5636,354.1988,356.0486,358.2031,350.4203
349.9134,362.4298,362.4207,364.8017,361.6669,359.9694
368.1610,373.2139,370.9011,372.1048,369.4559,369.3351
384.7677,417.1833,416.6324,412.8362,423.4737,413.6372
371.6265,361.8187,359.6925,360.4363,364.5008,363.0894
353.2908,381.9621,384.1859,382.3506,383.5105,380.1177
395.0113,381.5368,389.0619,391.7024,388.4727,389.3572
376.9489,395.3158,401.0114,403.0001,402.1976,396.9181
326.2170,351.0074,353.5530,351.2777,353.0404,356.3016
319.9042,345.4788,343.9861,346.8478,344.9002,343.6979
438.3542,396.0175,399.1526,391.3391,398.8694,396.1473
376.1241,361.1131,361.5256,363.8585,364.4711,362.7965
323.5554,353.5721,354.0282,352.1661,351.9910,349.0679
305.2793,318.8244,319.2956,319.7063,317.9030,319.0724
352.2193,322.5449,324.8270,325.6725,330.2457,318.8305
319.5375,357.5681,356.2599,351.4785,351.3434,350.3090
358.8725,354.0644,358.7164,354.0374,353.6208,353.3641
367.5320,359.5135,359.1241,363.1751,360.5142,362.2865
384.6978,363.6506,358.6762,362.8281,364.8097,360.3005
376.6133,372.2024,367.7363,368.3455,369.0865,371.8041
349.9747,328.6206,328.3746,331.4472,333.4106,328.5100
364.5101,371.6188,368.0271,374.3008,368.2863,374.4819
389.7736,397.3843,400.4840,398.9689,395.0682,394.9679
375.1814,344.5190,339.6929,344.0921,341.9537,343.6465
362.0346,356.2031,357.5286,354.6606,354.5382,355.2159
317.2392,338.3107,335.7907,334.4070,335.5368,338.4770
429.6747,418.6699,425.7857,425.9547,416.1375,428.7625
349.3424,366.6628,364.3335,366.3855,366.9161,361.2828
312.7180,333.5685,335.6132,333.8767,333.7093,334.6534
351.2155,361.4237,362.0621,364.4787,360.5914,361.7488
385.6129,386.3162,385.6395,383.0132,381.8961,381.8254
410.7876,391.5681,388.9817,389.8031,385.1577,396.3897
328.1606,334.9033,332.5515,333.9451,337.6813,333.2827
369.9743,362.4452,357.1890,362.3393,360.5647,362.0129
451.2671,413.9815,415.7270,413.3076,412.9728,411.3850
322.2496,328.4873,324.4734,330.3026,324.1328,331.9463
424.5953,416.8111,409.4243,400.5670,418.7342,406.8973
348.6329,350.4290,343.0290,347.3730,352.5992,348.1961
347.2693,356.9962,356.9133,354.0777,356.4204,358.1336
397.6276,358.8122,357.9816,356.4144,356.9679,358.7873
325.8671,364.3618,365.2375,363.1810,358.4336,362.0669
458.4580,416.3464,416.1526,418.8346,420.5321,420.1661
400.7295,374.8820,378.9435,375.1572,375.5218,374.1359
354.1630,377.7831,374.8388,377.2511,374.0077,374.2054
377.9537,383.0452,383.7117,378.5386,385.3526,384.5105
408.1982,378.7481,380.4120,373.1792,383.4528,385.9091
387.4024,387.5008,386.9074,388.3042,390.4070,387.7911
361.7773,347.1453,349.0403,349.2931,345.5480,347.4173
409.1274,374.4594,375.6041,377.4308,376.4272,374.6174
369.8841,389.8955,387.1894,384.4899,389.3070,389.4923
380.3548,382.5658,380.6678,386.7053,388.9303,384.2258
396.7321,394.2815,395.5368,395.2105,393.6982,393.8960
385.8462,356.8989,359.8524,363.7607,358.3678,360.2642
355.9995,393.8841,392.0261,390.4083,390.2424,390.2977
351.6659,341.1846,343.7285,347.0642,344.4351,345.1073
328.7313,352.0474,349.4853,351.7361,353.3684,354.5000
388.6880,400.5380,393.8528,397.9286,398.7669,403.5551
352.1768,365.9209,361.9667,366.0837,367.9155,360.0149
321.4880,320.5154,320.0495,325.3032,320.7274,328.7897
345.3854,350.2800,350.8203,349.8709,347.7858,350.2750
439.9698,414.0974,417.0780,421.0158,416.7720,419.6093
370.3512,371.8283,368.3014,369.7718,374.8512,372.3869
351.3090,358.2088,362.8577,365.1668,365.0154,363.3115
419.2632,377.8922,378.1231,377.8585,378.6439,383.8265
369.6378,347.9992,347.4180,347.5169,347.4303,343.6194
354.0836,362.5913,361.0627,359.8264,356.2159,359.1192
375.2319,372.3558,372.4682,375.1933,371.8841,374.3770
342.1743,325.6233,327.6005,326.7239,329.0357,322.9613
409.8254,398.8398,399.7869,397.7822,400.0781,399.8359
382.1905,390.4303,387.4388,386.7696,388.3078,387.9203
400.1464,389.9169,388.8405,391.0579,387.6903,385.3455
358.7086,356.2917,357.8532,354.7326,356.6377,355.7195
417.5394,403.3613,405.9761,412.0629,407.1111,403.5901
370.6486,384.7470,380.7005,384.1687,383.0235,382.8496
375.1031,401.7867,402.7986,400.2115,399.8971,400.4759
346.5014,369.9828,375.6814,370.9548,370.9059,373.5938
425.9951,418.7586,418.8610,418.2445,417.8766,417.9585
401.4551,402.4035,405.1104,402.6380,401.3639,402.1000
394.4825,385.5142,381.7855,385.5524,377.3872,380.1684
363.9611,370.1847,370.7770,368.0368,368.6612,366.4640
372.1108,358.8898,358.7520,359.5222,356.7318,366.4221
343.0085,363.1818,362.2918,363.8716,361.1654,363.5766
381.3823,376.8885,381.9194,375.8107,380.0898,380.9263
398.5884,380.4015,384.9004,381.0631,384.3658,386.0056
331.1430,369.7753,366.5677,365.5590,363.3166,371.0098
356.6099,381.5663,382.8283,382.0971,381.2457,383.5950
353.5606,409.4791,412.0111,410.1559,407.8027,406.7103
368.5578,384.2830,383.7424,388.4207,384.0047,386.5545
349.3765,345.0909,348.1241,349.8363,348.6732,351.5186
346.6797,344.0336,341.3327,338.6264,340.6899,343.4534
390.0347,396.2991,390.0472,395.9736,397.2072,393.9071
347.9348,369.2439,370.8689,372.4228,371.9452,371.2939
377.0748,374.5330,368.8483,374.2354,369.6425,369.3233
393.0699,401.7452,402.1977,399.8405,399.2211,400.7575
370.6218,374.9267,373.4893,373.3343,370.3073,377.7473
356.2668,343.8229,348.2150,345.4441,345.9282,345.0654
364.0729,365.7422,366.6983,364.3892,365.4926,373.1016
430.5183,421.2197,420.7591,417.0170,420.7206,419.1997
371.6904,350.4648,354.9487,355.4710,351.4454,346.9517
403.9928,404.1845,404.4778,404.8569,402.4169,406.6535
397.9207,400.8378,398.8993,401.8405,399.3501,399.7816
369.5668,367.6762,365.2564,366.2971,368.9252,368.0386
357.6971,386.4476,382.8907,385.8708,387.0473,389.8767
400.7616,399.4843,401.6457,403.7708,395.0058,403.1260
382.5606,414.9972,417.7758,407.5941,415.0755,408.9792
414.1059,392.7471,396.5320,396.6427,398.0275,397.5997
401.0049,384.4270,384.5602,384.7909,380.7352,385.6690
416.0391,396.1761,398.2823,395.9907,397.5666,399.4329
330.0968,321.5275,322.5836,325.6757,318.0407,319.1847
302.6085,305.8967,310.9790,307.4763,304.0177,303.4173
381.7703,364.1364,362.8350,362.5980,361.4193,361.3914
416.9465,411.6965,409.4878,408.9504,411.9637,410.5759
362.7546,370.1925,366.9596,363.5906,366.9858,366.3676
361.5794,347.1810,349.6312,351.0565,352.2951,355.6197
364.7595,360.0687,361.7317,364.1820,361.7977,361.9582
408.5467,391.8908,393.6843,390.7290,391.3479,393.4845
356.1417,356.0690,352.3232,351.4443,349.7339,353.8647
383.2662,391.4957,391.9383,391.6816,392.7552,392.4975
335.5098,355.9741,356.6164,354.0170,355.6629,354.7738
349.4221,334.2925,337.8020,339.1405,333.5080,342.2547
341.0216,353.5205,348.5393,347.3280,348.7909,346.5838
374.3490,386.1472,388.4461,382.6690,379.8372,383.8356
367.8904,344.8518,344.6171,343.3492,348.2667,349.8547
441.8220,430.1780,443.8494,442.2923,443.1718,440.9177
348.0794,365.0853,364.4607,361.8818,364.9746,362.1417
397.6377,404.8609,401.6019,395.6387,396.7552,398.7726
402.1228,394.5942,391.8940,391.6382,389.9510,394.6446
330.3257,353.6711,355.5815,354.0724,356.2556,353.2593
439.0482,417.8280,415.9304,416.8211,416.1782,416.6148
368.6789,359.3286,364.4129,362.9953,363.0925,361.4199
352.1747,361.5812,362.5619,361.8699,362.1236,360.4116
391.0942,390.4239,391.2713,390.0884,392.2891,394.2439
400.8726,368.8979,369.6518,373.5285,370.6398,369.9898
381.4496,380.2331,382.6206,383.1380,377.3337,380.4893
386.0433,368.8290,370.4853,369.1209,371.9427,379.0703
364.8823,356.3153,361.3776,360.4704,360.0370,357.7310
385.1497,363.6877,364.7950,371.4084,367.3720,368.2523
323.5838,322.9698,326.7443,327.1211,325.4689,325.2933
414.4329,397.6432,392.8405,393.5258,390.3836,393.1174
414.6812,393.8373,394.4979,388.9310,392.9855,390.8902
445.5603,405.4068,408.7950,406.6860,402.9032,405.1347
419.3139,396.2777,393.3755,394.7380,394.0266,397.9615
415.5726,396.7817,398.7669,393.5731,398.9117,393.9385
344.6028,358.7690,351.3897,359.7922,359.9420,357.8539
418.8057,402.4320,398.6993,402.2245,402.7977,397.3853
417.3104,393.0995,402.8203,396.9432,397.1401,400.7174
417.0309,413.7008,416.1693,409.0086,413.3561,408.4224
368.6494,352.0222,349.6624,352.2957,349.4121,347.8928
319.4526,352.1589,354.6929,357.1528,350.2537,353.9315
329.3836,347.7602,346.7063,345.2107,344.1539,346.6852
405.3678,380.7461,379.7499,380.2768,379.3514,380.1992
379.3981,379.1560,383.7655,378.4014,385.5319,383.7335
372.1625,356.1079,355.3887,354.0408,356.8323,356.5128
358.5932,361.4628,360.5148,360.9625,362.5052,357.8805
421.5785,406.7404,407.3101,404.0114,406.5575,401.8436
357.1965,380.7159,382.8437,379.9119,384.6743,383.0991
360.9394,365.3715,368.6140,366.4481,366.3681,368.6994
366.9256,376.9198,371.6804,377.2988,370.6707,372.8669
414.5635,415.5972,414.7343,411.7329,423.6788,414.8731
330.3536,336.7609,339.6270,339.5209,343.9167,338.3998
358.3448,372.0873,374.1476,373.0239,370.8914,371.7085
425.5809,381.8204,375.2196,384.8350,382.4596,379.0561
336.1066,331.6778,333.7563,333.9494,334.2907,335.0340
389.5320,420.3642,421.3234,422.1286,421.7204,420.8273
374.7240,370.9139,369.1507,369.5500,368.2380,372.1205
410.8164,391.8850,393.6814,385.3796,388.3869,387.4832
415.3490,422.2992,423.4405,419.3644,422.0400,417.2744
362.1718,358.6269,359.1671,359.4585,360.0777,361.8342
419.8855,398.5111,401.6909,409.0856,398.0305,404.9482
327.4847,340.7306,339.8002,339.5993,335.0738,340.3431
395.5327,369.1940,367.3973,364.8731,371.8312,366.0475
366.3296,369.2387,369.7294,365.7349,367.6068,369.4991
422.7920,393.1779,400.1972,400.2596,407.4876,398.3600
418.8101,419.4134,417.8698,419.7283,417.4951,419.0361
342.8511,352.2342,352.5569,354.8371,348.1513,350.7450
326.6705,331.2320,330.8042,333.7742,334.9633,332.0650
407.2908,399.6521,399.3779,397.5506,398.8918,400.3838
370.2731,361.3591,362.9516,358.8252,359.9344,361.5474
364.2463,385.3624,389.1611,387.3661,389.9580,387.1143
377.0737,381.3227,390.9044,387.3083,384.4201,382.3000
407.1403,382.8552,385.4444,390.3324,387.6013,386.5150
373.8257,386.3125,391.8827,386.7725,391.0407,386.9543
318.2760,319.0435,314.2330,313.5212,318.3899,320.5165
388.6344,402.8772,396.9071,405.0167,400.1968,405.0461
392.7634,369.1523,369.7358,371.4715,372.4571,369.7941
356.8327,363.0240,362.9942,364.7733,362.4838,363.7351
405.2113,392.0023,392.0750,387.6348,390.4681,390.9617
442.9603,422.5170,424.8536,419.6699,421.9707,420.9379
401.3277,394.8245,387.9804,393.8383,393.6459,390.7544
368.5741,350.2810,348.5283,350.0107,352.2282,350.8996
311.2651,315.0426,316.2917,319.9253,317.5031,317.5593
376.2561,388.2561,391.5039,390.4439,392.6541,390.4264
288.4106,324.5440,321.3621,321.6006,322.1705,320.0606
342.4107,374.9315,372.3816,374.3740,375.0879,374.7864
416.5739,397.1622,398.6617,398.6547,394.5187,400.8359
453.2805,405.1585,402.1180,409.2932,407.5750,400.6904
393.7869,408.8751,409.0741,412.4132,412.6169,408.5997
359.9006,335.0831,336.5581,334.4707,333.2315,336.4876
330.9772,366.0246,369.0385,368.5964,365.1784,365.8949
384.8565,374.0881,376.5355,376.7845,376.2125,378.4886
410.9410,407.0589,410.1747,408.1059,405.4315,409.1136
363.2453,360.5366,364.5680,365.9993,363.1704,363.6140
331.3905,345.5670,344.5972,346.2845,351.3775,345.9358
427.9904,415.3335,413.9224,407.7716,409.6663,412.6619
334.3889,343.7862,344.1394,342.3478,345.0650,343.7846
415.0464,398.2676,394.1424,395.3298,397.3976,400.4028
467.0007,402.1416,403.6995,404.5070,404.8575,407.6034
382.1695,359.6895,361.2867,364.4162,364.7055,361.4924
383.5483,379.5128,381.5990,382.3364,380.7567,378.3854
354.6595,353.5767,352.8054,352.7779,352.0751,352.6380
382.0247,401.0148,404.9555,406.4858,405.5185,406.8865
341.7607,336.4066,337.1449,335.2506,333.9226,335.6927
353.4161,358.7557,358.1762,360.9406,360.4764,362.5587
340.9685,330.7124,329.6399,328.1294,332.9748,329.4321
402.9082,392.5446,398.3910,393.8113,394.3125,393.9070
396.2703,410.0438,411.0516,408.1135,416.4163,411.1616
413.2312,408.3640,404.0409,408.2074,407.1070,406.9347
