true,pred1,pred2,pred3,pred4,pred5
365.8869,380.7370,382.1566,379.6388,377.8136,379.2714
304.9546,318.6081,318.2412,312.1560,318.1428,313.5186
361.4368,365.5099,360.6151,363.6196,364.3198,368.9843
360.1403,371.9967,367.7672,372.8607,374.2211,370.0723
334.8007,354.1802,356.9951,352.8612,357.7120,354.0184
440.2627,415.4444,412.2983,416.0100,420.4471,414.9607
328.3493,337.2172,342.4112,336.9709,338.1806,341.9204
366.2561,369.1098,369.7498,368.2940,368.6150,368.7969
357.4685,384.2929,385.0485,390.5646,387.4604,384.9290
353.0170,347.7394,353.2151,358.3619,355.0168,350.4749
381.8796,371.7443,368.6333,369.5643,373.7423,370.0103
359.5296,356.6886,350.2752,353.7750,354.2715,356.9927
355.4878,355.0719,352.7132,353.7063,354.6166,352.0216
374.8454,355.6271,358.9550,357.5011,360.2606,358.8236
365.0687,369.3821,369.6784,372.7514,370.2257,369.4650
363.4244,344.5740,348.0688,345.6916,347.2991,345.5837
347.2417,350.8975,346.7076,356.0800,348.0294,353.0366
355.1904,372.5224,376.8000,373.0434,377.2807,374.3715
368.0445,365.0994,371.8620,364.1145,364.8535,368.0818
375.3332,394.3090,397.1927,398.6234,395.8565,398.2317
396.7330,394.0396,392.5077,393.8029,394.4542,396.5709
363.8777,347.7982,349.7921,354.9669,349.2428,347.5687
374.4044,386.3031,387.2280,386.2639,383.7506,385.9369
389.3313,380.7702,381.2865,381.6363,382.5087,385.0953
349.9657,377.2047,377.9839,380.4174,380.5833,381.7821
424.3187,396.0628,398.9569,397.6661,397.8965,401.4622
315.8220,343.2550,346.6890,349.7275,344.7162,348.9189
412.7356,387.1861,392.9262,392.6483,389.2422,393.0032
388.4928,368.6927,372.7384,370.4550,372.0742,368.5173
352.4738,380.0338,377.9285,381.6302,376.3835,376.9745
413.2829,380.8053,386.5926,383.8494,393.0178,384.3662
397.2378,366.6403,369.6606,372.7052,368.7132,367.4588
400.5688,399.2133,394.8642,396.0070,396.2599,391.6599
355.3838,369.3091,373.1371,371.0973,370.0660,375.0393
405.8914,404.9631,408.1429,403.2663,410.4248,406.1412
403.2814,369.4135,371.7378,371.5062,372.8782,374.1016
399.4342,403.8078,403.5128,397.8453,396.5977,403.1918
387.8970,375.0576,375.0364,376.6280,377.0347,374.5596
390.1959,397.8157,393.2881,394.5462,390.1221,393.4609
361.7298,377.3804,378.0577,381.8924,375.1173,377.0179
343.0489,346.8901,346.8209,349.1196,343.5857,344.2243
353.5444,344.7622,346.7525,342.6820,342.0606,346.2968
320.6480,334.6207,336.7013,327.7060,329.0548,327.9915
420.4463,422.3624,423.5603,422.1627,425.6121,425.7137
399.9127,405.9291,411.8967,402.8512,402.9934,405.2574
398.1201,369.4457,372.2790,379.8610,378.1463,371.5283
377.7695,403.8436,409.3680,409.5955,404.2762,408.6070
375.2797,353.7578,353.1714,356.5397,349.4012,351.3187
385.9886,374.8964,373.9056,378.3243,374.6031,375.7249
395.2118,410.5927,412.1844,411.6510,411.1715,410.8971
362.2159,390.5581,392.6348,387.8447,391.4494,387.6637
378.6614,408.4538,407.5071,408.0602,409.1933,410.6110
403.7501,398.4413,401.0799,399.8060,398.6261,399.6222
374.8107,369.2402,363.4747,363.5069,368.0404,372.8906
346.5289,352.7850,354.2046,353.6818,356.7523,356.4041
382.5116,384.0113,387.7486,384.6324,388.3896,385.1009
464.9492,403.2061,407.1349,410.2632,406.4535,404.1883
366.4073,366.4287,369.8732,369.7375,366.4477,366.2739
347.0274,352.7833,349.8320,346.4931,351.1023,349.2631
303.9433,339.3304,340.5581,341.5172,339.9155,339.0738
304.1231,343.6019,345.0175,341.5562,344.6444,338.2853
355.8657,357.6005,355.8605,349.8503,355.4728,356.7632
380.3600,374.2798,374.1082,377.0379,377.7864,377.1619
385.2401,392.0278,390.2413,388.2873,389.0563,388.6752
345.8794,354.1247,357.4731,359.5233,358.2854,362.9697
389.3929,376.7907,369.4924,370.5572,370.5214,373.8414
367.4385,392.1159,385.7957,389.8112,391.7698,388.3518
348.1308,351.9814,361.3797,359.7735,357.7445,361.7885
457.0824,431.4828,431.1802,427.4499,432.3021,435.9499
384.0455,375.4419,380.4807,384.9938,378.6430,389.0780
376.7895,369.3779,361.7914,362.8862,366.6995,362.0903
429.2498,428.3986,424.7094,422.5046,435.1766,427.6269
424.9001,405.2401,399.7333,400.2949,402.6192,399.8742
361.0049,340.7955,344.1720,341.5795,344.1017,342.0733
349.5228,360.1449,357.4468,360.8367,356.1226,361.4168
354.5451,348.6460,344.3011,346.0153,345.1468,347.0527
407.0773,410.8941,404.1871,410.4026,410.4817,411.1276
412.2755,386.3438,386.3049,390.6496,388.1910,381.9656
318.1252,332.0695,339.2218,335.3629,338.5852,339.4140
401.4236,384.4943,384.7406,391.7198,385.9805,383.5783
375.6948,376.8990,373.1321,373.8701,376.7764,372.4821
361.4283,359.4191,361.7381,360.4185,357.1338,360.6168
378.8628,397.3586,397.6791,396.0887,396.9456,400.0841
328.7551,335.7410,335.5384,338.5160,332.8698,333.5263
370.7069,358.6402,363.0910,361.4228,358.6436,361.4415
369.0240,354.5649,354.2657,353.8502,348.8939,352.6256
418.0223,393.8087,394.4652,389.3132,393.5151,395.4364
364.7038,357.5568,352.5164,353.9900,354.7583,354.8426
284.6487,302.0075,306.5104,298.5195,308.1907,299.7346
373.2122,372.7123,376.0484,373.7438,375.1849,372.4305
372.8172,380.6753,382.4872,381.2146,379.8714,379.2850
339.0893,327.1634,328.8270,323.0413,329.9062,334.1203
314.0930,323.1069,326.9361,326.3867,323.9673,324.1867
404.0524,415.2620,412.8776,412.2715,411.3022,416.9764
391.8366,385.2125,390.8875,387.6455,389.4867,384.8344
434.2352,414.0268,417.5581,415.0663,412.8665,421.8742
402.6675,402.1350,400.0096,404.4638,395.6672,397.9152
323.7092,313.9568,308.8713,312.7641,310.8891,313.9297
341.4188,357.1933,359.5952,359.8426,357.6480,360.8818
359.5291,363.1083,366.0047,361.2425,366.9665,366.8575
405.2156,399.2877,395.9707,402.6397,397.9790,398.1709
349.4491,348.0008,344.5071,345.6564,350.3072,347.0917
357.5126,349.5432,355.0235,352.5110,355.9923,352.7645
357.9363,341.0394,335.0189,343.0197,339.8986,339.7555
358.2825,377.4396,379.5230,373.3884,375.4102,378.7322
425.6635,416.6166,415.1795,412.4467,409.9808,409.8579
357.8849,336.0910,335.0256,332.5124,330.5724,332.3755
346.5661,355.0521,358.3471,360.0930,355.4851,350.4532
378.7821,367.4615,368.1327,373.0993,370.0050,368.9663
345.3776,348.3224,351.8716,349.5644,353.7956,348.1568
361.6039,359.5160,361.1333,358.2888,363.6456,361.1947
422.5579,404.6917,406.4231,403.8565,411.2184,398.9085
353.3279,351.6188,352.7048,352.4701,346.9388,350.6655
360.8554,351.6426,357.2707,352.8239,358.0441,355.3109
364.3870,371.1377,369.6051,366.3159,363.5635,368.1027
320.5901,315.0121,318.1393,313.4830,314.6820,314.1018
348.6086,377.0159,373.7170,375.1848,373.4726,383.2948
355.3059,360.3597,364.5199,363.2290,367.5185,360.6626
335.0648,319.6019,316.1562,316.8196,311.1551,320.1645
347.3893,352.9601,350.2525,353.5990,350.3162,348.3248
403.8575,419.1468,421.7195,411.5223,418.2420,419.4675
362.5101,355.1574,351.5806,350.7740,353.0806,356.1254
355.4041,341.6815,346.0060,342.2572,340.5817,343.9888
382.7211,370.4223,368.9707,369.3025,370.3484,373.4709
359.3783,370.1651,368.3201,377.0148,374.6164,378.3886
325.5642,345.5933,340.7540,342.3891,340.0977,337.6942
365.5638,356.8399,354.7947,356.4898,355.9263,355.3214
337.3747,342.8583,344.4433,344.3837,346.1907,343.9125
322.8951,335.4444,337.6826,334.7948,339.1338,335.1713
371.9296,374.2601,373.0360,373.8589,370.2024,375.0652
425.3818,417.6265,428.3224,422.4338,422.1423,419.3660
413.1340,397.3733,393.6225,400.2113,396.4446,395.6233
357.1761,350.7163,351.2886,350.7458,349.7646,341.7324
384.8420,398.6730,401.9137,401.8041,402.0107,407.8288
352.1765,362.5644,363.8899,365.7342,365.6778,365.2559
415.8567,373.5326,371.7320,373.9769,369.3376,370.9691
378.3047,347.3561,343.0734,345.5091,349.8776,348.4528
359.0278,373.6506,375.8375,380.0355,374.4187,378.8724
392.6890,400.7619,400.6248,397.1029,394.1205,402.2152
366.2897,396.5111,390.8574,392.9693,390.2861,393.4023
451.0723,436.1759,433.3061,436.3621,427.6155,434.7313
333.9749,335.4677,338.2043,345.6899,340.1078,341.9001
378.9802,371.7999,371.9195,370.2244,369.6069,369.9042
387.2476,397.7021,401.1638,400.6963,396.6903,397.9347
329.6472,345.8320,343.7470,340.5744,338.8762,341.5695
412.7570,392.6095,397.7453,388.1422,394.7868,394.7543
338.5426,372.3142,374.6493,372.3051,376.4296,371.8238
327.1659,363.2991,362.7038,364.5380,360.5314,365.1501
361.4134,362.5505,361.8464,360.7546,363.8021,359.1009
417.2831,399.9937,404.4613,407.9534,400.3295,402.6287
326.7397,342.0578,342.0200,343.2676,335.7468,336.8888
381.3500,396.2791,396.6974,397.7238,396.5257,391.3700
349.1378,357.7432,352.0441,355.1737,354.9894,355.3158
374.8020,356.6708,357.0426,353.7387,353.9005,354.1679
364.7476,367.8842,362.6138,367.1170,366.4466,363.7590
400.5425,395.7545,394.3149,395.2148,394.8157,391.6754
362.3399,366.1816,362.0879,362.0661,363.2072,363.3831
307.7736,320.6452,326.2880,323.5926,320.5395,324.1597
345.3514,340.0608,333.2248,337.7429,341.4140,338.8688
384.9469,379.7794,381.7631,379.5090,381.1455,380.0727
372.9104,378.0928,378.4742,377.6671,381.6644,379.3338
424.8430,394.6379,400.9802,408.3763,409.9326,410.3499
358.9048,394.1574,399.1000,393.2461,395.0194,400.0726
382.0342,357.9994,359.6148,364.4887,364.1693,355.2618
410.2156,381.3078,384.4042,377.6876,384.4211,381.1183
389.8250,383.3468,381.8640,387.3138,384.6170,381.8433
384.4678,393.6528,391.6918,394.3075,390.6025,392.1749
370.4893,400.6239,401.4904,397.6574,399.0464,403.0685
329.3868,362.2300,361.1184,364.9939,361.5832,364.5356
338.8836,357.6012,362.9817,360.3952,361.2589,361.4354
354.6228,372.5363,369.5286,367.7873,371.7415,367.2564
381.6585,365.9224,365.4651,367.1945,365.6358,365.7614
364.0704,365.6457,372.0013,366.9478,361.6961,366.6493
385.9146,395.8326,392.2261,396.0308,398.2787,402.3841
362.5056,363.1089,360.6490,366.7249,364.2707,362.5394
362.0886,361.0350,357.7301,363.5476,361.7847,356.6924
301.5669,345.0780,340.6220,343.0626,334.2713,338.0420
343.9311,337.8116,338.5032,340.2163,344.3317,338.5487
409.2632,413.9689,412.6600,408.1888,411.6349,409.3847
387.1096,369.6286,367.5886,367.7644,363.2712,369.9923
364.4320,355.5668,353.1637,352.9371,347.9171,351.6220
390.9021,371.5486,373.5001,373.2665,372.5251,371.3748
375.1960,356.9620,356.3719,358.0316,356.5531,359.6268
366.4759,371.9583,368.7742,368.4232,367.4097,368.1652
391.8535,402.5887,403.3238,402.6392,402.1693,400.4984
375.4025,373.6654,369.3902,373.9683,365.9900,371.4824
365.5553,374.0919,369.5721,374.0227,369.4299,371.6673
345.9357,325.8179,326.6104,328.1918,326.0160,327.1061
364.8823,387.8494,392.1193,383.3573,387.9671,388.3949
394.2209,424.5875,424.6499,424.8730,424.0151,424.6306
339.9549,375.0027,374.6082,377.6511,377.2002,377.4041
356.8762,363.7109,362.6491,358.4248,360.1844,363.6425
352.6619,369.1778,376.3373,373.3275,378.2749,372.7441
403.8356,383.7045,384.0155,377.0086,377.3030,380.4661
371.2714,360.0223,363.5023,360.9257,368.5855,360.8435
324.2331,352.6662,354.9838,353.9884,350.3741,356.7021
371.5664,375.7457,378.6476,376.5060,380.7315,375.3356
375.8040,378.8064,378.0839,377.8600,382.1925,381.4309
419.2188,407.6329,413.5071,415.2993,411.0427,410.9058
399.7086,392.4729,391.5782,392.9819,390.2352,393.9372
336.1636,351.7598,358.4860,356.5090,351.7205,350.6572
351.8301,326.3135,328.3359,323.4428,328.9099,328.7452
345.3129,356.2352,357.6852,352.9102,355.1064,355.4235
370.4522,373.1195,377.6452,373.6803,376.0713,375.8424
326.2016,354.8329,353.0696,352.2218,352.2767,356.3716
373.1503,397.4918,398.1240,394.1775,392.4594,399.2389
336.6978,353.6171,352.0740,351.4967,353.9923,359.9249
383.9481,367.1842,368.6889,366.4499,367.1538,365.8083
425.9159,418.5223,425.1641,419.9520,420.0611,418.8306
374.6071,411.0672,409.3457,413.1511,408.8527,411.7436
363.4223,383.0045,382.8945,386.4452,379.0349,385.0969
387.9665,406.3309,399.1130,396.0340,398.9422,401.1067
317.7579,323.4352,324.3898,332.3478,328.9946,326.8164
413.7970,426.0429,421.9111,423.0282,425.6011,414.9464
377.1683,367.9907,366.5809,369.2629,367.0801,368.6139
429.6471,394.5884,392.1722,393.6980,386.6518,394.6155
338.3951,358.0122,360.3551,356.7552,356.6874,357.8337
402.9571,384.0831,380.5720,381.3733,381.5647,386.0528
389.5283,373.8033,372.0357,373.7183,374.8856,376.1165
385.0651,344.6439,348.3986,345.6340,345.1423,348.0191
415.4007,395.4732,397.5478,391.3126,395.8547,390.8818
384.9950,383.0309,379.3182,380.7860,383.8111,380.5119
393.7680,384.3610,390.4189,389.3935,387.7533,390.8207
390.9168,386.3235,387.3435,396.9177,391.5967,385.2342
408.2911,359.1923,362.6520,357.1773,361.4494,357.2498
373.1846,384.2372,382.8017,382.3456,383.6319,382.4797
365.3988,360.1056,356.6011,359.9605,364.3991,356.4163
382.4508,387.7462,382.3862,386.5296,384.8163,385.7693
403.7451,389.3669,396.4879,401.5905,397.9732,398.5035
344.8750,327.5576,333.5262,336.4729,337.1849,336.8386
349.1747,364.1182,362.9008,364.5407,365.7503,362.2556
404.9376,388.2971,384.6576,385.3586,388.5583,384.4972
414.5835,384.7256,396.0222,385.6768,388.8016,387.4759
418.0542,402.9661,407.7749,407.9763,401.6335,403.2209
365.7415,378.4838,379.9498,375.9215,377.6026,378.3556
369.0511,367.2519,365.1647,366.7176,363.2899,362.8226
334.7041,347.6842,344.1356,341.3691,343.1921,346.9022
399.1427,401.2010,398.3212,397.3110,397.8118,395.1249
407.6526,415.7808,423.3523,424.8153,424.0468,427.3880
387.5333,390.4848,385.8713,384.3051,391.6623,384.3248
379.1042,373.9879,370.8119,368.1498,370.1874,373.8078
427.7039,392.3541,391.0593,393.1893,386.6160,391.0799
321.4124,328.3914,331.8063,334.4796,331.8705,329.6602
424.5541,392.5395,397.4716,395.5648,394.3962,397.1878
323.7962,360.9281,364.0632,364.5002,361.3107,361.0198
361.3990,360.6415,364.4896,364.0473,363.4740,362.4366
354.2566,349.9269,341.0423,342.7178,348.0129,346.6218
406.3896,417.2456,416.4678,416.8828,413.8151,419.1098
333.7121,347.7255,342.2715,338.8371,351.0169,345.4941
400.6855,392.9752,395.3082,398.4509,396.4367,391.9266
393.6313,376.7848,377.0503,372.4949,374.2008,375.1865
412.1054,403.4290,402.4270,403.6976,399.1290,397.2061
396.1976,384.6476,376.5608,385.0181,377.8363,380.2712
382.6242,414.9284,415.9726,418.9405,417.3372,419.8773
408.0822,381.0339,382.9970,385.6416,381.5462,382.6912
368.7559,356.5402,351.2831,357.4582,354.9141,356.1018
350.8588,345.2618,345.8426,344.3581,345.8455,345.7237
404.0605,374.9982,381.0167,377.3960,379.5896,377.0236
396.0917,387.6084,388.3322,381.4284,387.2129,389.9237
343.2159,345.8754,349.9060,349.1718,347.5592,353.2479
351.0901,377.5436,374.1754,377.2243,376.4877,373.0281
305.0436,309.6092,306.8235,308.0563,307.2258,308.2774
384.0977,379.5504,381.9901,384.7309,381.0027,381.1316
365.4428,357.7801,356.1368,359.2241,355.1913,354.4351
411.8357,405.8868,402.7965,396.4510,402.0305,394.9174
370.9799,330.6942,328.8152,329.2916,322.9568,328.6733
367.6002,383.9560,382.5153,382.6297,383.0430,384.4012
388.7115,380.1591,381.8639,382.4954,385.8923,383.3272
373.7783,373.9237,378.4810,379.2715,375.3445,378.3240
380.0109,389.9089,393.1166,392.9625,386.4796,390.0231
376.0379,364.6917,363.9489,361.4712,364.5112,363.3825
351.9006,348.3724,346.5106,341.1000,348.4909,349.3775
405.3966,405.3042,403.9187,408.0466,409.3785,408.9633
397.5981,405.8702,402.3780,406.0099,401.5620,404.2722
452.3468,421.7890,422.3470,423.0222,422.8118,418.7987
368.8198,362.9143,361.3363,360.7737,366.4615,362.7831
423.6574,389.1612,384.9862,383.8429,381.9888,385.6672
390.8492,379.0482,378.5094,381.2894,381.6326,376.6331
341.9593,344.6119,342.8801,338.7471,344.1496,338.8197
399.1775,380.0205,379.5075,378.7670,377.7420,381.8216
370.8759,335.3715,335.2509,337.8328,334.2597,334.3835
406.5178,411.3991,413.5953,409.3129,414.2571,410.1063
384.6660,381.9757,382.6132,386.2913,385.2314,386.4308
341.9203,352.2089,357.7733,351.1114,355.3794,352.8289
376.8961,381.5780,379.4429,383.3020,380.7669,381.5660
386.4172,372.1859,374.7335,375.8755,372.3568,379.2458
382.6672,389.8061,387.2921,385.0840,387.1725,385.3785
444.0641,397.5498,402.4523,397.4552,395.3206,397.9753
385.9106,382.6907,385.9823,382.3887,385.1847,378.9513
389.6926,380.5825,386.0042,384.3180,381.9592,382.2172
406.8261,395.9967,392.0052,395.6512,395.4135,398.1103
348.2347,388.1817,390.0513,393.8068,391.5885,393.1655
344.9959,315.9242,312.4769,318.0524,315.6937,318.2723
335.9935,342.2412,341.5837,343.4069,347.7069,345.6591
417.0582,395.9387,394.6341,396.3824,397.8876,395.2161
439.2402,434.2569,429.4600,429.5596,430.9327,434.0893
409.5665,402.4452,399.1560,406.3571,399.0904,401.7086
375.6293,373.4791,373.0487,370.0087,369.6086,370.0405
415.0702,385.5103,385.9068,377.4398,387.8650,383.8095
362.7017,397.4244,403.2128,399.3708,403.4549,403.4275
347.5249,338.0859,343.0392,340.5924,337.6616,338.8759
366.8278,346.0379,345.4233,349.5316,347.5755,347.2863
445.5325,420.8528,418.0368,419.8153,418.1030,421.1172
404.7265,391.9005,389.7866,389.9940,389.5190,391.3900
382.7591,394.5789,398.0125,395.4652,399.9609,398.3789
358.2732,338.5204,341.5190,340.9661,343.8594,343.4376
364.2971,362.8690,361.8833,364.3093,367.2883,364.9403
367.0015,382.5321,379.9563,380.1485,383.0445,376.7250
351.6888,355.0467,356.9508,357.5959,356.9224,359.5100
372.9944,368.8119,366.8561,364.5167,369.5549,368.8061
346.0661,350.9506,350.1457,350.5957,350.2268,349.4378
406.8812,425.3911,419.7107,425.3958,414.3191,418.3021
409.0624,408.5379,406.9670,406.9065,408.6587,406.8450
362.6234,360.3377,361.3835,359.7637,358.6097,359.3095
420.9360,401.6342,405.9444,398.3664,399.8913,402.5235
346.0428,344.9718,344.9106,345.1188,345.9493,344.8537
346.9768,377.7534,371.8419,375.9547,374.2204,375.3751
388.5659,373.2906,372.7453,370.2229,374.0255,373.7710
386.8348,384.6952,381.8014,380.9204,381.4008,379.0788
351.3013,357.7292,357.2642,358.5871,356.0717,352.9386
365.3049,375.0153,380.3244,371.8255,376.7759,374.6202
359.8166,369.0085,369.9038,368.7524,365.3250,364.6702
409.4993,404.5036,409.6475,407.5051,409.2147,408.6576
373.8365,360.3956,361.7890,363.5855,360.0691,360.2275
368.5117,355.0057,365.4331,355.9205,358.8650,357.1816
393.6119,380.0546,376.5800,380.3133,378.9317,377.8023
368.4081,376.9067,378.0256,370.4251,375.7126,377.7465
325.7841,305.8518,313.0218,311.1653,314.3398,314.7105
376.8631,391.7129,393.7898,394.3587,397.4379,398.5128
385.5976,373.8875,368.6541,369.9934,368.2141,367.7217
398.8112,393.4430,388.7894,390.0602,390.6623,391.8257
408.1053,391.5682,385.5643,384.8288,387.8898,388.4542
326.5472,333.7174,335.4517,333.0343,332.9032,333.8758
348.1256,333.6755,338.4194,333.9845,335.2418,339.0159
354.8834,378.0577,372.8423,379.5685,376.2386,373.1117
376.2719,391.6005,391.7338,391.8897,392.3299,392.6899
361.7102,390.0928,388.3724,391.5565,388.9232,393.1039
454.5593,425.2231,432.1530,430.5748,426.6815,428.3528
359.1407,379.9191,372.0019,380.3717,376.2973,371.4377
361.5575,367.1536,370.4299,364.1544,364.2890,367.0963
372.2687,387.8008,393.2657,393.0741,385.0345,388.0961
350.8551,364.1315,364.0602,363.2233,368.7080,363.1851
399.6580,398.6022,400.4750,397.9884,396.7277,399.3162
322.1763,328.7019,327.6868,330.7961,323.7736,327.5582
393.9518,390.8790,392.5005,396.5411,391.4819,389.3934
346.6352,349.7911,344.3116,347.6531,343.8649,348.8469
368.9288,364.3810,368.0864,365.6448,369.9491,364.3309
363.7607,364.7216,365.5431,365.5732,366.2932,365.1956
338.6794,337.3253,340.6669,336.2901,339.8121,339.7740
375.5712,394.3839,394.4018,396.9511,393.8481,395.1055
369.3559,369.9816,367.2916,368.8558,371.2811,368.3878
338.0971,353.2636,350.6959,353.5909,354.7924,356.1978
348.2012,349.4720,349.2589,349.7708,348.0187,344.9927
424.1903,412.7953,420.0218,418.3487,417.5460,412.6554
376.8390,396.6972,400.9359,399.4287,398.2983,400.4723
399.9856,387.7683,384.8784,388.3957,385.2961,391.5434
363.2286,352.6816,345.8358,349.6384,345.2839,349.5450
341.8489,330.1150,329.8896,330.1101,328.4692,333.8938
347.0988,373.8762,370.1798,374.8163,367.1217,366.9173
428.4992,402.5248,404.9140,402.3923,401.8395,401.1738
442.4280,415.9170,410.7054,415.1666,411.0377,416.7725
390.9590,372.7588,371.6378,369.3001,366.7134,373.9222
378.6525,379.7547,376.2210,382.2345,379.0431,377.9182
370.4661,366.9912,373.7258,368.4772,368.9209,370.3903
340.7944,356.2498,355.2821,355.4216,356.3706,358.9996
383.3762,378.9093,379.7383,382.5780,377.0850,378.5179
334.9752,350.2852,346.5328,356.4668,352.1844,354.9697
361.9135,401.5590,405.9532,404.4555,404.0855,405.2660
392.5949,381.1131,376.2556,384.4831,378.3876,374.0976
341.8390,366.1349,364.6394,361.4801,363.6712,365.7376
392.2327,390.7432,386.7583,387.4940,388.8473,391.9258
359.3600,372.4362,375.8505,372.0943,375.9168,380.1487
399.7080,379.7181,382.6500,379.6268,383.6511,381.5544
399.2041,398.5830,398.8361,398.7394,398.1677,399.2111
350.7068,359.6184,359.0963,357.7739,356.0905,350.3724
415.8977,421.5116,420.1978,422.6108,422.7968,429.0779
376.1487,387.3723,389.3964,391.1341,389.6090,386.8455
382.1525,361.3283,355.6159,358.7255,359.7677,361.0001
409.3721,374.6920,380.2760,379.1246,380.4171,385.9571
361.2283,364.8302,362.9843,366.0365,356.0586,358.4471
417.9668,404.5246,411.8046,406.0097,406.5929,406.1863
394.9504,381.6692,378.2858,380.4130,382.5727,382.3051
395.6225,385.0181,388.4027,387.9630,386.0718,388.9099
369.0938,355.3680,356.2873,353.0823,358.9633,355.5554
331.3340,352.3063,358.6355,356.4304,353.2584,359.0972
364.0959,371.7968,367.7483,368.0233,368.0309,370.9250
333.7089,366.0435,362.7247,368.6009,367.0281,370.3691
370.5301,378.1381,378.9031,372.0872,376.1559,376.8742
392.0918,411.2559,405.8531,410.7514,407.8917,400.5701
313.0561,325.5135,326.9969,324.5216,324.5079,325.8348
356.1170,353.4186,352.8678,356.0074,357.2522,352.9301
394.5428,391.5940,389.4299,391.4900,390.1308,393.1350
388.8035,373.1376,375.1773,366.7011,375.5451,373.2362
362.9695,379.1684,378.1541,377.3398,378.7337,377.8548
337.6411,371.9026,370.3876,367.9165,370.8069,368.1317
365.1862,369.4225,369.8332,370.2770,369.4138,366.9296
408.9071,406.8254,404.5582,407.5719,405.5011,401.4240
382.1131,377.0797,372.8803,379.4068,375.7011,371.3605
364.4072,345.4809,347.5182,339.4298,345.9242,346.2883
348.0411,361.6736,365.6867,364.3820,363.0078,368.7642
366.7114,364.1327,359.7719,360.5718,362.0734,360.4064
371.6198,386.6827,381.5248,387.3717,381.4511,383.2876
352.6716,344.1299,348.1756,341.3029,345.3484,341.6762
375.6361,377.5742,377.2004,373.8316,377.2014,375.7767
339.2495,336.6700,336.3001,343.2069,339.2885,337.5872
355.8145,356.9779,356.0606,353.0517,354.3232,353.0463
365.3032,359.1601,359.9800,358.4502,363.0305,356.7504
414.3315,395.0784,396.4107,388.2389,395.3186,388.0015
379.2786,363.4758,364.7489,361.7734,360.3756,364.3211
330.8902,324.6125,319.5739,320.9439,324.3354,322.6369
387.6966,386.0858,384.7857,387.4904,383.4578,386.5648
391.2959,394.6744,390.7144,394.7591,390.9117,395.5741
380.8087,365.8063,368.7212,366.1575,362.4546,366.2960
415.7699,393.1590,392.0314,392.7602,395.5385,394.6859
375.8341,390.3466,387.8236,388.2947,385.5742,383.9971
368.1038,390.2554,384.0792,386.1964,381.4448,379.1279
333.5947,358.5337,356.3121,359.0301,362.5298,361.6327
399.3059,395.7878,393.0420,394.1656,393.9567,394.3367
374.0856,373.7623,375.7104,370.7973,372.3704,369.8883
407.4931,388.0565,388.3311,394.5179,390.4469,393.5578
404.1956,381.4849,380.0180,378.4733,379.1057,381.4807
403.6906,415.6486,416.9270,420.5478,417.7167,416.9905
422.8833,408.4274,407.4999,406.5736,413.5328,405.3607
407.0562,400.6632,401.3181,406.0544,407.6265,404.5570
393.6302,384.0079,387.1604,385.7629,383.8949,383.6237
408.8385,399.3979,400.8135,399.5139,399.1128,394.0537
330.3940,320.6888,324.5807,322.3810,324.5631,322.9203
395.8841,373.3348,379.1535,381.6502,379.3045,376.3993
404.8918,401.6312,397.1249,395.0110,398.7602,398.9443
360.0556,385.0299,386.9823,382.2585,382.3137,386.5370
454.8328,432.0059,439.1972,428.9607,429.5451,439.7340
445.8825,455.8358,457.5496,461.2520,454.0385,454.2156
429.4426,403.3801,407.1853,406.3449,406.2163,406.1417
320.4800,342.0063,341.2362,342.1642,340.6691,340.6813
384.3941,378.4098,379.9859,383.2781,378.4180,379.8060
380.0182,356.2613,356.7889,356.5019,360.4441,357.6076
444.1242,407.1546,406.0710,404.6581,410.5534,406.3782
395.6961,403.9136,403.4989,407.9345,399.1575,400.8347
387.7772,403.5184,398.7843,399.5055,400.4660,397.5309
397.4501,389.2843,386.0289,386.5131,378.9464,383.6268
351.7733,321.6152,322.0309,320.2713,324.9700,322.0452
417.3079,410.0424,408.2217,407.5492,406.7732,404.9789
402.5836,389.0612,390.9468,388.2736,391.4975,390.0240
388.0438,367.2840,370.7637,366.3409,369.0786,369.4629
362.2053,347.3959,349.0082,347.1106,342.5345,350.3268
362.3628,377.9666,382.1108,387.2084,380.9970,380.7077
350.0055,338.8721,337.6066,339.4981,336.3222,335.8375
346.0058,363.9785,359.7558,352.7933,358.2782,360.6394
385.1232,382.8577,384.4070,382.1437,376.7726,379.2956
317.4642,313.7849,318.3059,317.8053,314.3809,317.2029
350.6834,347.4134,347.6792,350.7315,350.3408,351.5728
364.4221,376.3555,374.6310,379.0022,376.2386,373.3281
343.8852,362.9913,363.6089,361.6764,363.1659,359.5060
411.8817,408.2498,407.6312,407.1369,409.8820,405.2138
360.9593,386.2414,386.9572,383.0023,389.3693,386.2083
380.1935,395.3429,387.8241,391.2591,388.8689,390.4900
370.4482,409.9164,406.7342,405.0517,405.7671,407.4283
413.3569,416.8930,413.7813,416.2131,416.1770,414.8868
396.8178,391.0015,385.8368,392.1299,391.2342,385.9034
358.4522,362.8028,363.7592,358.2790,365.0401,365.9661
359.0183,372.5033,373.9478,373.4263,374.7857,377.4215
404.0075,404.4920,406.0299,403.1383,401.3148,405.8844
415.9542,418.1439,417.1511,421.6313,423.8397,417.8568
372.0262,394.5980,395.2670,397.4658,396.3180,395.7084
375.9264,371.1602,373.1869,375.4556,371.8644,375.9787
345.8801,327.7253,328.0778,329.6143,327.3685,328.0667
366.0204,355.8062,359.4857,360.5408,358.7969,356.7681
348.7287,359.7741,363.2556,356.6438,360.1794,356.0908
367.2767,352.6062,354.9903,354.7954,351.2567,353.0101
353.2359,360.4560,355.4893,355.3771,359.3686,356.1873
348.6875,364.1086,360.7621,369.6529,360.6643,365.2787
383.2333,371.7222,372.8288,368.7678,367.0721,370.3399
392.0255,379.8374,378.6899,384.6483,378.9661,377.5548
464.8315,409.2781,413.2119,414.8316,409.6686,414.7302
338.0895,356.7217,357.4832,358.6870,357.8925,356.7914
361.2665,363.2237,368.5164,364.5729,360.8598,362.4453
388.2661,407.7484,403.9198,399.8047,402.9345,407.0111
391.6921,386.0331,390.5174,385.7306,389.9396,389.4203
348.7061,360.2119,361.3290,354.0368,355.8635,353.3110
422.9252,417.0738,414.7033,414.0852,412.8295,412.6471
407.4822,419.5042,423.6800,419.7334,420.3856,417.2461
369.5254,375.6249,373.1683,371.1368,372.6218,374.4322
405.2362,390.1345,391.8209,385.0320,388.3707,383.7361
412.3038,419.8769,419.0627,418.3071,409.2199,418.6469
401.2952,395.4913,394.0983,395.1742,391.6418,392.5608
381.8391,373.3520,373.4973,375.7699,378.3564,375.8130
364.5512,371.3365,374.1561,373.9239,369.1763,373.1415
296.6503,338.2242,343.7793,339.8657,339.0313,339.9072
382.1555,383.3077,384.6244,381.0551,378.1099,375.3721
397.6809,379.1245,381.8622,388.4473,384.1711,384.1671
332.5664,330.1219,335.6115,331.8312,333.0224,328.9412
399.7493,382.5341,380.5505,381.7132,377.7238,383.3985
398.6381,383.9059,384.1676,385.6389,380.5594,382.8171
403.7752,390.8034,391.7032,386.3581,388.9607,391.4537
374.0317,389.8640,390.4684,394.5490,391.0460,394.3693
367.6874,348.8072,347.8398,348.7014,342.2964,345.8855
404.2295,413.7598,408.3771,409.2020,411.8316,408.5823
392.7091,392.7819,391.3509,391.3672,394.1138,391.8941
364.4344,367.7022,367.2905,366.5909,371.1597,368.4393
390.7545,369.0876,372.5863,369.4892,369.2757,364.6110
460.5247,422.3549,419.4823,413.3002,417.8132,417.9972
307.5269,334.1535,339.7118,337.8737,337.2610,336.2526
355.1172,363.7617,367.8787,370.0280,367.9706,367.0060
373.3210,379.4362,383.0192,378.7509,377.6114,379.2290
348.9029,392.7585,392.2046,389.6848,390.8036,392.6734
393.6877,397.0850,400.6775,399.2266,395.8407,398.0619
354.5742,350.1180,360.1102,353.8443,352.4647,351.1343
385.4751,364.2981,368.0542,361.2762,364.5671,362.7663
337.6108,324.1729,325.2903,329.2007,323.4911,327.4634
405.8789,390.4236,390.4237,390.9592,392.6074,392.3390
373.8749,390.8041,389.0309,387.7348,389.9219,390.1652
381.8611,382.7030,384.1778,381.9456,383.5552,378.7412
373.4845,388.3611,386.9928,385.1775,388.6079,387.8892
335.3165,368.2022,369.0335,368.5470,372.7715,373.1567
366.3022,366.0650,372.1629,370.1687,374.8667,360.2331
417.5107,421.9920,424.4098,419.4877,423.7773,417.8164
381.9722,392.8498,397.0328,394.8589,393.5784,391.3295
390.2446,384.6478,387.0122,381.6110,387.2926,385.0423
365.0479,385.2612,388.7909,391.3702,386.7214,382.0427
381.2875,395.2922,402.8931,391.6560,397.8889,393.2243
422.5253,396.0726,397.4764,390.9767,390.7707,395.6422
293.2433,306.1093,305.3881,309.2543,304.4155,306.5065
403.5358,402.1524,403.3395,400.7024,405.4118,404.3199
393.4115,393.4656,389.8183,385.9823,390.0472,386.2181
409.5409,398.7044,398.0217,398.8288,403.6967,403.0826
354.4179,339.7768,338.7263,336.9557,337.5478,339.7699
388.2392,377.4163,374.4924,379.8729,379.2197,379.7536
427.6814,423.9389,422.7077,423.4767,423.2690,426.1417
391.0328,408.1436,413.3913,419.5242,411.8793,415.9495
411.3433,379.5143,379.3388,381.8938,376.6527,379.8550
382.2860,390.4795,390.4778,393.3573,383.3919,393.7075
376.7176,373.0635,364.8246,364.7039,363.7059,368.3608
405.4306,388.9986,392.5050,397.0030,387.3137,389.8716
382.3940,384.8691,390.9010,390.5059,386.8471,390.7227
356.2417,348.5109,357.3459,353.6611,352.8017,351.7703
379.4056,369.5501,370.1723,371.4142,372.2248,377.4379
378.3956,359.9556,369.9437,365.7145,361.1772,362.5099
348.4916,379.7422,383.8958,381.7101,377.7437,380.7865
378.8610,378.0909,383.9213,388.5475,382.5099,384.2093
414.6166,396.9980,395.6164,396.5489,396.8607,394.0836
312.2821,325.5641,320.9208,323.6163,322.0893,327.1366
416.0663,416.0471,421.3386,419.3216,421.6896,421.3736
400.2976,367.3611,371.7053,368.1422,368.6551,371.4412
344.7808,346.4827,347.3209,349.0880,345.6579,351.1177
384.5720,397.1036,399.5423,396.8215,399.4129,397.0744
386.8736,396.4419,397.7552,392.5998,397.2359,396.9803
423.0630,400.0321,401.7989,402.2025,403.5518,401.9750
452.0702,416.1550,425.4346,422.4388,415.7659,425.6141
344.1848,354.5244,349.7835,354.9057,348.9559,347.6484
367.7311,368.1640,371.6263,376.4702,371.1613,376.6980
354.2261,371.3415,374.4656,376.6518,369.6022,372.5852
423.9480,407.2716,406.2020,410.0962,406.2628,409.4072
300.4747,309.1704,308.9603,307.5083,305.2423,309.5262
354.6825,334.7867,335.2188,342.2369,328.3533,328.3605
375.9459,389.2713,384.7852,384.6982,387.9450,384.0566
316.0678,301.7291,300.7964,302.7428,302.5017,302.3423
323.6078,336.2732,333.0395,335.0456,336.0988,333.0818
341.3852,346.9471,341.5955,346.1985,353.8061,345.3382
443.0497,413.1176,420.9484,415.9605,419.0034,413.3823
388.9924,394.7449,396.4099,392.8069,395.6490,396.5255
336.4189,332.8317,330.6973,334.9059,328.7220,331.4456
344.0917,350.8428,345.9599,346.0398,346.6994,349.8915
328.2657,320.9312,325.0895,324.6089,321.0154,325.8728
368.8277,375.3426,377.1275,374.0108,377.1505,373.8429
346.1715,339.1331,337.0418,339.0916,341.4715,342.1820
350.1971,362.0081,358.6767,358.3703,359.7887,361.1821
338.2911,334.8505,328.5711,326.6407,332.8402,327.6667
346.5342,353.0710,357.5930,357.8373,354.8937,359.1144
395.7013,384.1253,381.6014,386.8065,383.3385,387.1285
356.0429,370.3750,369.9679,371.0561,368.9523,372.8083
358.5336,366.8696,360.4746,364.5106,360.5658,362.8648
349.6022,333.1207,326.7866,330.6128,327.5120,328.0154
386.6095,391.6328,381.7755,386.0553,384.4285,388.1131
393.6702,356.1587,356.6820,360.1225,363.8059,359.1918
355.6940,368.4178,370.3388,371.5176,367.4095,371.8978
363.8671,390.2437,388.5077,386.6736,383.5371,384.3155
348.5328,354.9068,353.0518,353.9146,354.8185,355.2452
327.2126,319.5529,323.5635,319.1368,315.9137,323.0496
336.8899,332.5974,335.9382,335.1280,334.8534,333.1307
363.4984,364.2472,368.0168,368.7493,366.9471,367.4729
345.2885,374.3720,374.3811,375.5381,375.4610,375.2096
424.8382,384.1233,383.1453,379.4642,383.1867,379.8298
307.4553,329.6094,325.6512,326.2798,326.9913,328.2282
312.4300,337.2617,332.5918,331.8571,337.2316,335.3852
395.7419,402.0837,402.0556,400.5558,401.9184,403.9105
380.1940,373.5094,376.5478,372.9223,372.4287,378.1627
389.9466,378.1903,376.8953,378.6888,374.0571,373.1349
373.7508,384.3279,390.4582,386.2873,388.9549,382.7951
345.0801,329.0181,330.6372,326.3841,329.7365,328.1587
327.9590,338.1426,335.7242,337.7719,336.0344,336.1421
330.2850,319.1845,320.0396,322.3976,319.6030,311.9553
422.7913,405.2068,407.7960,403.6979,403.6530,407.7927
350.0594,342.4467,344.5020,345.6687,342.6714,344.5758
379.2593,369.2456,368.3017,368.8184,370.3945,365.4189
335.2869,354.4955,353.6864,358.8211,352.4959,358.1576
352.8227,370.0194,368.7339,370.5501,369.8071,366.8693
394.0377,392.2389,392.1812,397.1592,395.5417,396.5994
388.0896,379.6821,374.7731,377.6279,373.4115,373.3382
330.6471,351.3112,346.0228,353.9374,344.0586,350.9803
336.5494,343.7869,346.3194,341.1023,344.5067,340.0761
355.7704,377.4265,374.6993,377.1493,379.1213,380.7315
392.9117,399.0027,402.5979,399.2123,399.6452,399.2603
433.6623,418.4401,420.2862,416.3468,416.4138,414.7092
425.9914,426.0977,421.3052,423.0384,422.0868,418.9262
369.1479,362.7821,360.2874,361.1904,366.6152,364.8585
427.5030,417.6070,420.5215,419.6704,419.6804,422.9003
376.9220,366.7446,366.8020,364.9147,365.7500,362.8799
313.7597,340.6035,345.7997,342.9928,338.2819,345.5708
349.0613,339.4738,339.7079,337.7414,340.4667,340.3435
395.5835,383.4344,381.5890,380.4666,385.6726,385.2739
455.5726,419.3992,425.9424,422.8192,428.2001,423.0756
376.4079,357.8011,360.2202,359.7148,359.8525,364.8783
432.2122,411.3288,415.1868,410.6044,417.6871,415.3334
334.6865,340.1785,341.3467,341.0913,340.9837,340.4048
361.8611,371.2519,372.2411,369.0975,373.1753,375.9267
415.8745,399.0197,400.4813,402.1656,397.3824,396.8985
361.8976,367.5527,366.8271,366.7513,365.2111,368.2990
416.9635,433.7504,433.4580,435.9967,437.9799,429.5825
338.0294,339.9767,337.7375,338.4031,339.6839,337.8615
328.9852,343.4350,345.8559,345.7613,347.7807,348.5766
341.5286,343.6556,345.4287,335.4363,346.5865,340.7510
388.3634,376.3268,379.0296,377.7566,375.4737,382.3237
450.0836,407.4896,410.8935,415.3078,409.6080,418.7928
390.8924,375.1106,378.6185,379.3613,379.2783,379.6606
337.6767,332.2452,330.8605,330.4255,332.2263,329.8177
377.8447,396.5824,397.2610,396.4181,394.1537,397.1199
407.8655,366.7163,367.8579,372.5870,369.3200,370.8805
349.9134,370.1045,368.9231,372.1429,371.1375,368.6861
368.1610,367.0797,370.6078,366.7473,368.7974,373.8091
384.7677,419.9049,416.0608,413.5702,421.3138,416.9796
371.6265,377.6111,375.1072,373.5137,375.1380,373.3621
353.2908,372.0004,380.5644,382.4163,379.9338,378.3506
395.0113,379.8310,382.4702,382.5237,382.6305,376.5900
376.9489,385.7242,391.7518,391.0141,387.9586,394.0811
326.2170,339.4564,332.8206,333.9311,334.3029,338.5780
319.9042,358.9457,356.1028,356.9245,355.4970,358.1187
438.3542,409.0989,418.5060,415.5735,415.3563,410.8283
376.1241,366.8209,376.5009,376.8018,382.4674,378.3418
323.5554,336.3507,327.9217,332.2203,330.3222,325.1230
305.2793,315.8752,313.6908,316.6854,314.5227,313.3925
352.2193,335.8662,331.7559,336.1257,335.3682,338.1001
319.5375,337.1470,335.0386,336.2101,336.4921,339.2891
358.8725,340.5700,339.1391,338.3414,343.2901,335.8077
367.5320,379.3618,379.5517,381.9906,380.3681,380.5024
384.6978,353.5893,350.5084,354.2692,352.8861,357.9250
376.6133,365.7355,366.9930,365.7808,366.3281,368.0644
349.9747,333.2597,329.1082,331.6444,334.9605,333.6906
364.5101,353.6885,347.7198,352.5361,351.6360,349.3489
389.7736,397.2185,396.3679,395.3867,399.9340,398.0055
375.1814,351.0946,343.8974,349.7748,350.0643,350.8156
362.0346,358.5812,360.3819,356.4088,357.8812,359.3978
317.2392,337.2253,341.3059,338.4580,341.3499,339.5400
429.6747,420.7354,419.8820,428.7111,427.0007,422.4087
349.3424,363.6709,369.3139,366.9993,366.5892,365.9740
312.7180,320.5225,318.2842,323.4376,322.1043,320.9409
351.2155,356.0805,364.5240,357.2923,356.4558,359.4377
385.6129,397.5773,395.0146,389.6651,399.5219,396.2357
410.7876,394.6471,394.7508,397.3110,403.9423,399.2479
328.1606,342.6336,347.0307,343.2810,341.1843,344.5137
369.9743,358.7589,354.2354,357.3187,358.2184,359.2859
451.2671,412.1268,412.6478,413.3526,411.5545,406.5691
322.2496,328.8618,330.6294,333.2053,327.5214,327.2682
424.5953,407.0104,405.3434,403.9508,409.3540,407.4005
348.6329,341.4815,343.1464,342.9981,344.7596,341.2533
347.2693,364.4149,364.2124,360.4019,362.4595,363.7752
397.6276,380.6604,378.9559,376.3249,376.5670,373.8969
325.8671,359.1786,362.7116,358.7609,356.9231,358.7633
458.4580,422.5970,426.4565,423.3424,421.7048,426.9038
400.7295,374.0721,375.3870,375.3183,371.7696,373.8815
354.1630,375.7166,375.1204,374.6026,376.2813,374.1927
377.9537,386.9880,380.8487,382.9497,376.7458,376.1441
408.1982,393.6868,397.1178,394.8701,399.1469,393.4783
387.4024,390.5467,397.9600,398.7750,392.5745,396.7560
361.7773,351.9976,351.6893,353.4829,348.5867,352.4961
409.1274,370.8285,372.2292,373.0075,370.6446,366.2353
369.8841,390.4618,385.7529,388.1957,385.6165,390.7498
380.3548,388.1745,387.4841,388.1635,389.4278,392.7620
396.7321,393.7883,395.1391,396.3857,395.6039,398.4677
385.8462,369.7611,374.5308,371.8749,375.3087,376.2610
355.9995,381.8763,382.6615,379.9508,380.5020,380.5470
351.6659,338.0657,341.2748,341.6287,341.5853,343.4989
328.7313,344.6656,347.0683,352.5855,350.0653,347.9979
388.6880,397.7415,396.4821,403.6455,396.6446,397.8455
352.1768,349.6928,347.9759,347.8425,350.5817,352.7906
321.4880,330.8244,328.0503,331.3751,330.2349,329.6939
345.3854,344.5927,346.1394,347.7796,349.4204,345.0818
439.9698,428.7472,435.6777,441.6787,438.3406,433.7376
370.3512,384.5434,380.7684,382.6609,386.4383,384.0926
351.3090,354.9872,355.8020,354.0647,356.4620,350.8080
419.2632,389.3552,387.3120,387.8783,385.2121,388.7610
369.6378,347.3038,333.1495,342.7660,337.3021,338.5338
354.0836,365.0419,363.9841,366.7020,362.6698,365.5984
375.2319,381.2642,379.5719,382.7159,380.7466,379.4714
342.1743,328.7774,332.4021,335.1477,331.7368,330.3820
409.8254,402.8845,400.6518,401.8376,402.0487,405.6868
382.1905,403.6495,398.9222,395.9224,395.4926,400.1146
400.1464,387.1697,382.6651,386.2521,378.5612,382.4820
358.7086,362.4013,361.2753,362.5332,361.1336,358.0984
417.5394,407.4129,408.6491,412.0405,409.6991,408.5080
370.6486,367.6489,366.1562,366.6039,363.6303,369.8663
375.1031,383.3768,386.1812,383.1197,383.2702,385.2140
346.5014,369.2192,370.5849,368.5372,367.8351,368.1548
425.9951,433.1507,427.6971,429.9091,429.0161,426.9355
401.4551,396.8678,398.5435,402.2588,401.1959,401.6483
394.4825,380.2997,377.5206,375.3033,374.5179,380.3581
363.9611,352.4645,354.0167,358.0309,351.1248,360.8184
372.1108,364.4466,362.6791,366.7911,366.9242,368.1885
343.0085,357.2591,361.7068,364.1487,358.3997,361.6139
381.3823,372.6491,373.7190,374.1666,374.2273,374.1432
398.5884,378.8453,380.4998,383.1698,381.3811,377.1564
331.1430,358.5829,357.5219,359.2914,363.0484,361.4625
356.6099,386.4713,384.4020,383.8891,389.4384,389.4876
353.5606,403.8454,402.2566,407.2609,401.8007,400.6953
368.5578,381.6577,381.1288,380.9228,384.7394,388.3173
349.3765,338.6291,341.5140,341.4668,341.7751,338.5015
346.6797,352.4320,351.0924,348.3088,350.6978,347.0795
390.0347,390.7285,390.0108,389.9937,385.6727,389.8879
347.9348,366.4512,368.3071,370.2759,365.0529,368.0432
377.0748,365.9559,367.8265,362.7835,368.4040,365.8530
393.0699,382.8446,381.9903,382.7549,385.9185,385.2637
370.6218,371.4462,365.7608,368.9846,363.4739,366.9626
356.2668,338.3909,342.6813,335.7497,336.2071,336.8807
364.0729,360.8686,358.6603,361.6792,366.2581,366.0366
430.5183,419.1795,421.8089,418.7949,417.7830,421.8006
371.6904,355.3361,359.1704,352.5322,356.2719,355.2942
403.9928,408.2177,411.5259,405.6853,414.0475,402.4443
397.9207,411.3243,407.5149,409.4990,416.4783,410.7302
369.5668,380.2498,383.8273,375.8484,377.1689,379.0904
357.6971,391.7802,381.0525,390.2902,387.7982,387.8557
400.7616,407.0880,407.1553,408.2865,404.2133,407.5306
382.5606,419.9966,420.6116,416.5849,419.4670,413.9452
414.1059,388.8597,388.1460,385.4600,385.0128,385.2498
401.0049,382.5743,384.9253,386.8148,384.3225,385.7715
416.0391,412.8354,413.1526,414.6849,413.7555,410.4679
330.0968,313.2853,309.4701,314.8811,306.6064,312.3640
302.6085,302.2262,303.7362,299.6892,300.3669,296.2907
381.7703,371.5503,370.7275,370.9735,369.7811,373.0785
416.9465,413.9397,413.8529,414.4110,410.9598,414.4601
362.7546,367.1119,372.3972,367.9239,370.2019,371.6046
361.5794,359.6567,362.1527,355.3580,360.7323,358.1300
364.7595,350.0126,356.0027,354.1999,351.4279,350.7993
408.5467,395.6403,392.4238,397.1608,392.1226,393.1060
356.1417,361.2307,356.5016,356.1365,361.5299,356.2824
383.2662,401.3458,405.2602,402.2062,399.4342,402.2202
335.5098,342.1901,346.0411,337.6656,342.6031,340.7531
349.4221,315.6665,317.3663,318.1004,319.9125,320.4383
341.0216,354.2812,358.3809,357.4608,357.6722,358.3914
374.3490,359.8348,360.6248,359.2907,357.9424,358.8295
367.8904,348.8397,348.9479,351.8745,347.0002,346.1210
441.8220,428.0417,441.7129,428.4895,429.7737,440.7367
348.0794,374.0483,376.4691,370.6242,371.7135,373.4269
397.6377,398.1379,393.7169,396.0280,392.6262,393.3072
402.1228,393.5634,391.6545,391.3702,395.8728,397.2617
330.3257,314.7160,317.3248,316.7656,316.3405,318.0730
439.0482,417.9685,420.2334,410.9913,418.0877,420.3380
368.6789,354.3836,356.8355,356.0997,354.5129,356.6646
352.1747,369.7208,372.3994,371.7702,366.5007,367.9090
391.0942,396.8848,389.9142,388.3897,386.9248,391.2564
400.8726,382.8394,384.7533,376.3961,379.8759,380.1286
381.4496,368.0777,367.0743,367.2936,370.5118,370.2775
386.0433,374.0840,378.2578,381.2987,380.5130,381.8053
364.8823,371.3523,373.8019,372.4141,367.9496,374.0668
385.1497,350.6637,358.5935,359.1008,359.1438,359.1020
323.5838,332.9225,342.1755,336.6242,339.0549,341.2109
414.4329,407.2082,400.4649,406.2856,404.8441,399.7387
414.6812,407.6853,405.0196,399.5488,404.2985,398.3076
445.5603,406.1782,406.1226,407.1954,409.5787,403.1090
419.3139,391.9861,391.7014,386.8007,388.8557,387.9045
415.5726,400.3414,401.2353,402.3004,400.7520,401.0377
344.6028,350.4150,353.8943,356.9368,353.8894,355.9629
418.8057,395.0773,404.0946,403.0932,397.9345,402.9039
417.3104,404.0513,403.8845,404.8402,406.1866,405.5174
417.0309,430.8725,435.2486,434.8121,432.8866,435.3996
368.6494,346.3958,343.4151,343.4373,347.7401,341.9197
319.4526,341.2813,347.9296,345.0723,346.5782,344.5606
329.3836,361.1830,364.3966,360.4008,361.9751,358.8984
405.3678,398.4040,407.5664,403.2083,406.0390,403.7212
379.3981,371.8452,373.0204,374.0850,369.6449,371.5325
372.1625,366.2131,372.4672,366.4156,371.8953,369.1893
358.5932,358.6930,363.0945,357.6742,354.4056,356.4805
421.5785,400.4605,401.6363,402.2532,402.4944,407.9080
357.1965,374.9853,377.3386,372.6408,380.2567,378.0587
360.9394,386.3247,388.6942,384.2895,387.1500,385.5102
366.9256,373.6369,361.6337,362.0870,366.9248,365.1368
414.5635,412.1364,415.5737,415.7801,413.9215,417.7714
330.3536,334.1726,338.1651,340.7256,338.4909,337.9749
358.3448,364.5314,363.6586,365.3484,360.0237,361.1000
425.5809,384.6722,386.8349,382.2595,388.9079,387.8395
336.1066,345.8237,350.6964,349.2653,347.6798,345.7188
389.5320,417.5111,421.5422,414.9497,418.2467,416.8476
374.7240,371.2024,375.7968,369.9496,374.2994,374.3563
410.8164,372.9742,372.1747,375.2351,376.1231,370.0416
415.3490,388.5393,389.7944,390.0163,396.8863,392.6163
362.1718,357.8280,361.5938,358.3625,360.4047,356.4818
419.8855,407.4461,408.6048,412.2754,413.1851,410.8642
327.4847,340.8475,334.6677,341.1711,340.3008,338.8997
395.5327,357.3493,361.0456,356.9842,359.4777,354.6928
366.3296,360.0583,357.0879,360.0348,356.4640,356.1589
422.7920,389.2314,397.5022,395.7785,392.7596,401.0890
418.8101,428.3508,431.8995,433.2705,432.7312,435.5433
342.8511,354.8554,355.0845,352.4751,350.8572,354.7925
326.6705,335.7723,337.5892,331.6363,334.3621,336.9016
407.2908,431.4993,428.7541,427.5149,431.3179,428.8435
370.2731,364.4469,372.1779,367.2880,372.1132,368.8721
364.2463,391.1055,388.8567,387.8501,391.5197,392.5853
377.0737,381.2523,390.3618,385.7439,386.7199,386.3789
407.1403,389.5024,389.9685,390.1727,391.8035,387.4627
373.8257,376.7359,377.2150,368.7186,376.3986,377.4910
318.2760,322.5997,325.4595,320.2591,320.9052,323.9277
388.6344,407.3472,406.6251,416.6100,406.9737,411.2871
392.7634,380.9360,382.6296,379.1669,382.4871,380.4518
356.8327,368.2463,366.7586,368.5269,368.9037,371.2992
405.2113,395.6100,396.8407,397.9617,395.8074,397.2531
442.9603,411.3144,409.4460,413.1688,410.8655,414.1684
401.3277,399.1665,400.6423,403.3279,401.9575,400.4453
368.5741,370.3853,364.6261,365.5236,369.5900,366.3904
311.2651,318.0820,319.0937,325.7644,316.8181,319.1302
376.2561,395.9939,400.3376,394.2141,399.8935,397.2994
288.4106,292.2723,293.7344,292.6040,300.6275,301.5389
342.4107,383.3676,382.9257,386.4725,385.8944,386.6264
416.5739,420.6061,429.0153,423.0186,427.5948,423.8132
453.2805,407.6639,411.6078,409.1353,408.8651,409.0353
393.7869,405.8352,405.2861,402.1751,403.4473,405.6313
359.9006,367.9238,363.1522,366.6716,362.3217,360.1934
330.9772,359.8451,357.1415,357.7923,355.7502,354.9606
384.8565,382.2299,384.6793,385.7182,384.3670,385.7944
410.9410,402.7315,400.1308,403.6067,400.7457,403.2869
363.2453,354.1573,359.4068,355.3582,357.7706,354.2826
331.3905,333.7602,335.7364,337.5828,334.3683,336.1643
427.9904,388.3080,383.3015,390.5747,390.8654,390.4245
334.3889,340.8599,340.9400,343.9798,339.6405,339.7792
415.0464,391.6957,392.8623,389.3939,381.8373,394.6672
467.0007,410.6059,412.0490,410.7890,412.8205,414.7377
382.1695,373.8788,374.3509,372.7805,378.5753,375.9649
383.5483,397.3968,392.4148,397.2775,396.2251,393.8016
354.6595,349.0040,347.8964,348.3623,348.8433,351.8993
382.0247,399.7041,397.1142,397.4004,402.5988,400.9087
341.7607,332.8171,336.7349,335.7123,333.2196,335.8563
353.4161,350.2513,351.8678,352.9115,351.6692,352.4520
340.9685,324.9746,321.6711,315.6695,323.2465,322.5259
402.9082,393.0811,400.9604,404.6737,399.8482,403.1482
396.2703,407.5378,403.3630,407.3702,404.0985,402.8427
413.2312,417.8810,418.8265,417.8093,421.1160,420.3035
