train_loss1,val_loss1,train_loss2,val_loss2,train_loss3,val_loss3,train_loss4,val_loss4,train_loss5,val_loss5
0.3955,0.3254,0.3859,0.3020,0.4083,0.2996,0.3778,0.3211,0.4110,0.3466
0.3149,0.2936,0.3184,0.2867,0.3200,0.2759,0.3202,0.3632,0.3055,0.3071
0.2972,0.3231,0.3030,0.2641,0.2986,0.3219,0.3043,0.3314,0.3007,0.3451
0.2912,0.2946,0.2878,0.2883,0.2894,0.3149,0.2928,0.2984,0.2868,0.2898
0.2817,0.2748,0.2827,0.2627,0.2832,0.2648,0.2862,0.2777,0.2853,0.2968
0.2869,0.2957,0.2765,0.2828,0.2869,0.2911,0.2780,0.2776,0.2762,0.2956
0.2825,0.3038,0.2764,0.2492,0.2740,0.2630,0.2830,0.3046,0.2734,0.2832
0.2699,0.3168,0.2805,0.2704,0.2741,0.2624,0.2723,0.2966,0.2771,0.2919
0.2780,0.2609,0.2768,0.2708,0.2785,0.2824,0.2748,0.2829,0.2667,0.3423
0.2721,0.2674,0.2714,0.2693,0.2654,0.2711,0.2675,0.2626,0.2701,0.3140
0.2661,0.2841,0.2768,0.2478,0.2657,0.2967,0.2708,0.2890,0.2624,0.3087
0.2725,0.2734,0.2615,0.2623,0.2618,0.2458,0.2739,0.2596,0.2502,0.3169
0.2597,0.2676,0.2703,0.2487,0.2605,0.2657,0.2604,0.2880,0.2589,0.2827
0.2654,0.2599,0.2646,0.2573,0.2605,0.2561,0.2614,0.2850,0.2585,0.2828
0.2619,0.3381,0.2594,0.2380,0.2663,0.2798,0.2577,0.2661,0.2648,0.2669
0.2607,0.3022,0.2623,0.2578,0.2533,0.2920,0.2562,0.2616,0.2599,0.2905
0.2672,0.2575,0.2631,0.2773,0.2617,0.2750,0.2521,0.2469,0.2543,0.3340
0.2573,0.3398,0.2578,0.2933,0.2654,0.2729,0.2629,0.3765,0.2529,0.2741
0.2508,0.2617,0.2665,0.2571,0.2568,0.2591,0.2574,0.3006,0.2612,0.3912
0.2598,0.2685,0.2554,0.2554,0.2492,0.2704,0.2512,0.2492,0.2546,0.2817
0.2566,0.2779,0.2574,0.2491,0.2520,0.2509,0.2608,0.3053,0.2538,0.2888
0.2581,0.3005,0.2535,0.2590,0.2527,0.2643,0.2543,0.2455,0.2518,0.2673
0.2518,0.4423,0.2520,0.2586,0.2486,0.2617,0.2586,0.2429,0.2500,0.2657
0.2518,0.3048,0.2554,0.2644,0.2488,0.2719,0.2547,0.2551,0.2498,0.2748
0.2472,0.2737,0.2538,0.3171,0.2458,0.2388,0.2502,0.3432,0.2425,0.2880
0.2485,0.2775,0.2530,0.3427,0.2488,0.2532,0.2566,0.2626,0.2494,0.3060
0.2524,0.2677,0.2522,0.2691,0.2482,0.3649,0.2512,0.3036,0.2541,0.3066
0.2535,0.2662,0.2449,0.3088,0.2430,0.2549,0.2485,0.3047,0.2422,0.2737
0.2487,0.2838,0.2527,0.2900,0.2473,0.2587,0.2469,0.4070,0.2438,0.2973
0.2463,0.2595,0.2536,0.3211,0.2459,0.2436,0.2495,0.2589,0.2374,0.3333
0.2392,0.2683,0.2575,0.2604,0.2474,0.2399,0.2539,0.2468,0.2410,0.2806
0.2477,0.3109,0.2450,0.2780,0.2475,0.2601,0.2512,0.3589,0.2467,0.3057
0.2508,0.2624,0.2555,0.2597,0.2439,0.2549,0.2430,0.2534,0.2400,0.2881
0.2572,0.3212,0.2480,0.2516,0.2417,0.2425,0.2428,0.2763,0.2508,0.3075
0.2476,0.2908,0.2497,0.2759,0.2375,0.2521,0.2466,0.2480,0.2409,0.2689
0.2460,0.2490,0.2469,0.3503,0.2455,0.2517,0.2414,0.3279,0.2497,0.2845
0.2478,0.2696,0.2515,0.3019,0.2442,0.2503,0.2442,0.3473,0.2415,0.2673
0.2469,0.3255,0.2426,0.2749,0.2379,0.2500,0.2378,0.2410,0.2400,0.2764
0.2421,0.2677,0.2434,0.2393,0.2399,0.2529,0.2330,0.3072,0.2422,0.2677
0.2419,0.3137,0.2468,0.2629,0.2338,0.2600,0.2440,0.2434,0.2382,0.2665
0.2411,0.2576,0.2356,0.2539,0.2377,0.2688,0.2444,0.2765,0.2406,0.3402
0.2345,0.2623,0.2449,0.2600,0.2381,0.2865,0.2362,0.2470,0.2419,0.2888
0.2376,0.2700,0.2412,0.3691,0.2376,0.2523,0.2415,0.2521,0.2361,0.2628
0.2488,0.2520,0.2446,0.3028,0.2394,0.2749,0.2441,0.2411,0.2421,0.2838
0.2363,0.3707,0.2474,0.2419,0.2426,0.2789,0.2387,0.2725,0.2345,0.2882
0.2438,0.2773,0.2377,0.2684,0.2378,0.2608,0.2374,0.2381,0.2347,0.3727
0.2336,0.3061,0.2459,0.2485,0.2407,0.2981,0.2385,0.2481,0.2397,0.2771
0.2351,0.3054,0.2391,0.2474,0.2371,0.2738,0.2386,0.2696,0.2336,0.2803
0.2451,0.2600,0.2405,0.2791,0.2309,0.2557,0.2411,0.2497,0.2365,0.2952
0.2355,0.2763,0.2389,0.2680,0.2392,0.2510,0.2379,0.2987,0.2346,0.2952
0.2355,0.2619,0.2358,0.2810,0.2349,0.2679,0.2320,0.2776,0.2347,0.3241
0.2431,0.2651,0.2370,0.2543,0.2315,0.2560,0.2319,0.2447,0.2353,0.2652
0.2363,0.2671,0.2320,0.2618,0.2369,0.2479,0.2275,0.2576,0.2316,0.2669
0.2366,0.2482,0.2490,0.2423,0.2413,0.3095,0.2290,0.2673,0.2376,0.2745
0.2322,0.2662,0.2330,0.2696,0.2375,0.2839,0.2283,0.2939,0.2344,0.3291
0.2297,0.3004,0.2439,0.2942,0.2300,0.2776,0.2295,0.2757,0.2303,0.2629
0.2376,0.2528,0.2346,0.2756,0.2356,0.2540,0.2335,0.2493,0.2360,0.2879
0.2320,0.2580,0.2413,0.3443,0.2351,0.2509,0.2338,0.2517,0.2348,0.3426
0.2269,0.2639,0.2360,0.2559,0.2303,0.2485,0.2330,0.3476,0.2296,0.2643
0.2359,0.3268,0.2376,0.2522,0.2290,0.2807,0.2328,0.3367,0.2343,0.3287
0.2331,0.2624,0.2310,0.2699,0.2319,0.2958,0.2289,0.2790,0.2357,0.2619
0.2315,0.2730,0.2332,0.2646,0.2360,0.2652,0.2321,0.2989,0.2285,0.2659
0.2319,0.2757,0.2386,0.2620,0.2308,0.2686,0.2332,0.3706,0.2266,0.2820
0.2332,0.2639,0.2328,0.2802,0.2306,0.2628,0.2268,0.3199,0.2345,0.2645
0.2334,0.2575,0.2281,0.2819,0.2350,0.2729,0.2260,0.2526,0.2259,0.3546
0.2247,0.2577,0.2287,0.2641,0.2250,0.2595,0.2292,0.2555,0.2270,0.2731
0.2254,0.3026,0.2323,0.2587,0.2306,0.2582,0.2184,0.2496,0.2217,0.2923
0.2301,0.2626,0.2355,0.2424,0.2276,0.3302,0.2256,0.2511,0.2251,0.2643
0.2397,0.3161,0.2308,0.2567,0.2248,0.2893,0.2345,0.2521,0.2216,0.2682
0.2255,0.2525,0.2305,0.2759,0.2269,0.2891,0.2256,0.2899,0.2287,0.2803
0.2286,0.2818,0.2279,0.2684,0.2228,0.2750,0.2294,0.2836,0.2279,0.2550
0.2229,0.2655,0.2279,0.3078,0.2351,0.2493,0.2251,0.2445,0.2274,0.2895
0.2335,0.2504,0.2266,0.2542,0.2250,0.2482,0.2247,0.3549,0.2203,0.2739
0.2291,0.2850,0.2226,0.2590,0.2231,0.2591,0.2310,0.2432,0.2242,0.2641
0.2278,0.2906,0.2295,0.2519,0.2236,0.2554,0.2263,0.2499,0.2249,0.2699
0.2269,0.2595,0.2336,0.3053,0.2220,0.2626,0.2210,0.2952,0.2228,0.2580
0.2234,0.2693,0.2262,0.2564,0.2323,0.2891,0.2236,0.2497,0.2296,0.2716
0.2307,0.2611,0.2186,0.2573,0.2215,0.2660,0.2149,0.2855,0.2220,0.2679
0.2307,0.2652,0.2270,0.2505,0.2250,0.2520,0.2238,0.3211,0.2211,0.2685
0.2246,0.2600,0.2214,0.2454,0.2214,0.3075,0.2202,0.3006,0.2210,0.2736
0.2258,0.2677,0.2234,0.2941,0.2272,0.2758,0.2179,0.2794,0.2175,0.2594
0.2261,0.2538,0.2307,0.3055,0.2191,0.2629,0.2218,0.2533,0.2287,0.2655
0.2233,0.4837,0.2392,0.2549,0.2211,0.2602,0.2227,0.2591,0.2235,0.3058
0.2248,0.2735,0.2221,0.2530,0.2210,0.2833,0.2185,0.2628,0.2180,0.2944
0.2189,0.2722,0.2175,0.2583,0.2262,0.2578,0.2212,0.2618,0.2200,0.2608
0.2150,0.2778,0.2244,0.2654,0.2211,0.2721,0.2140,0.2821,0.2143,0.2792
0.2223,0.2624,0.2200,0.2807,0.2190,0.2644,0.2270,0.2488,0.2167,0.2768
0.2212,0.2700,0.2197,0.3816,0.2215,0.2783,0.2194,0.2626,0.2182,0.2580
0.2175,0.2798,0.2245,0.2902,0.2229,0.2555,0.2183,0.3230,0.2247,0.2590
0.2189,0.2796,0.2219,0.2608,0.2180,0.2587,0.2199,0.2430,0.2101,0.2861
0.2161,0.2548,0.2272,0.2613,0.2248,0.2486,0.2198,0.2964,0.2137,0.2659
0.2146,0.2674,0.2200,0.2727,0.2237,0.2465,0.2221,0.2748,0.2184,0.2822
0.2203,0.2624,0.2169,0.2850,0.2277,0.2523,0.2184,0.2589,0.2180,0.2790
0.2151,0.2590,0.2262,0.2593,0.2204,0.2660,0.2172,0.2695,0.2135,0.2759
0.2192,0.3174,0.2248,0.2602,0.2171,0.4342,0.2151,0.2644,0.2163,0.2813
0.2213,0.2859,0.2198,0.2697,0.2192,0.2633,0.2177,0.2712,0.2154,0.2665
0.2142,0.2730,0.2140,0.2557,0.2178,0.2397,0.2162,0.2614,0.2080,0.2654
0.2131,0.2510,0.2222,0.2545,0.2224,0.3187,0.2204,0.2809,0.2238,0.2566
0.2180,0.2701,0.2210,0.2502,0.2149,0.2595,0.2198,0.2902,0.2134,0.2987
0.2098,0.2711,0.2163,0.3034,0.2210,0.2670,0.2169,0.2740,0.2111,0.3048
