true,pred1,pred2,pred3,pred4,pred5
365.8869,376.3820,389.4796,377.5727,382.9258,381.1718
304.9546,318.5444,312.1011,324.7880,318.2939,324.8577
361.4368,351.8912,351.8676,354.0005,363.9182,360.8258
360.1403,380.0852,374.7638,380.6072,377.9359,375.7507
334.8007,350.8317,353.1814,349.6557,355.6732,354.9091
440.2627,411.3110,410.2412,402.4147,423.4290,424.3094
328.3493,336.4540,332.8214,327.9193,337.6529,336.4115
366.2561,361.1157,373.8781,361.2592,374.2136,365.6703
357.4685,397.9805,392.9135,395.5683,386.5979,382.6309
353.0170,362.3912,366.3191,375.6404,373.7051,364.9385
381.8796,375.9596,384.6647,385.0948,379.6490,384.9093
359.5296,363.9143,359.0536,364.6746,359.3561,365.8784
355.4878,354.6213,344.8342,358.2017,353.4798,356.4460
374.8454,358.0736,348.2482,355.0312,352.4682,352.5145
365.0687,367.6033,369.0200,368.5805,374.3857,369.6723
363.4244,355.3085,353.5578,363.4441,352.6398,351.8736
347.2417,335.6644,341.3328,332.9882,337.0877,345.5012
355.1904,374.5013,372.4404,375.5665,376.2456,373.7590
368.0445,369.9357,371.2943,365.4371,366.7179,365.2599
375.3332,391.2365,395.5983,391.4323,398.0451,387.7018
396.7330,397.5028,388.7206,390.7004,391.5788,391.6264
363.8777,340.7002,343.8509,349.2061,348.6630,352.1884
374.4044,381.4190,379.1332,386.8877,384.4675,385.9319
389.3313,390.9542,385.6244,396.0067,397.1825,387.5844
349.9657,366.1149,373.3261,371.8682,374.0571,375.3889
424.3187,406.8436,413.7908,405.6784,397.1284,404.8484
315.8220,347.7303,353.8186,346.2710,354.5716,353.8654
412.7356,409.3607,396.0854,401.0093,396.2975,408.0475
388.4928,363.4438,370.1044,377.7053,369.8385,367.4302
352.4738,370.1480,370.2088,372.9481,378.7067,371.2950
413.2829,379.3625,372.8065,372.7221,382.1093,376.5536
397.2378,364.6604,369.5437,370.1832,366.1577,361.2861
400.5688,402.5824,407.1740,406.2831,413.2138,403.2056
355.3838,357.6260,366.8140,353.1283,363.8602,369.0217
405.8914,403.5233,408.7488,416.2257,407.6973,411.7398
403.2814,379.7899,386.1474,388.3986,379.6578,385.0825
399.4342,419.5833,408.5838,412.5197,415.5807,407.6160
387.8970,389.5770,385.7172,393.2712,384.5120,391.7532
390.1959,393.3314,395.0980,397.7509,389.0689,397.0047
361.7298,377.0884,380.7990,381.7452,378.3073,388.6936
343.0489,350.5959,334.3301,346.9019,340.9206,349.2786
353.5444,348.3289,335.1895,335.2889,340.6608,343.0473
320.6480,311.8460,331.4280,324.5242,327.1786,311.9306
420.4463,415.1146,428.9994,436.4917,426.6716,429.8991
399.9127,410.6046,424.5278,416.1619,415.2295,411.5129
398.1201,378.3764,372.7799,391.5377,372.2541,367.6454
377.7695,411.9396,409.8976,415.2825,417.8801,404.9430
375.2797,356.8246,352.6387,355.0880,360.5751,349.8493
385.9886,369.6161,370.3343,376.7483,372.0441,377.8702
395.2118,393.5462,390.1175,400.7102,392.6960,389.2870
362.2159,372.6508,372.8783,391.5590,384.5701,374.8652
378.6614,416.8732,405.2930,404.0406,403.6114,400.1737
403.7501,406.2123,399.6470,405.5648,398.6384,397.6972
374.8107,354.8376,366.1559,370.2083,367.4819,365.3277
346.5289,347.1523,351.0236,356.8385,351.5226,357.4144
382.5116,379.6058,378.1281,378.3821,377.5468,378.3271
464.9492,419.6567,413.0456,413.1574,414.9523,408.4048
366.4073,368.7976,374.4905,374.2303,369.8510,377.1174
347.0274,338.2387,341.2263,346.2353,344.1153,342.1086
303.9433,338.1397,327.3633,332.0400,328.9579,326.9283
304.1231,324.0698,327.0817,314.7505,321.1634,331.8374
355.8657,345.1103,354.1077,342.0473,355.5526,351.4063
380.3600,371.3473,366.6302,375.1199,363.2984,376.2384
385.2401,391.7313,385.2641,380.2327,377.7650,383.1382
345.8794,359.1476,364.3896,366.4767,358.9853,370.8213
389.3929,372.0510,369.9715,370.5280,370.5816,373.2823
367.4385,380.1378,377.9061,388.7178,380.3117,384.3775
348.1308,348.9637,356.2609,355.7269,351.3724,359.8228
457.0824,440.6863,456.5683,454.0356,454.2380,454.7650
384.0455,382.5590,386.6976,377.1089,391.9113,377.4006
376.7895,359.2090,365.6403,369.0990,360.8922,366.4352
429.2498,420.5618,428.7129,428.8425,439.5350,435.4101
424.9001,404.4184,406.7595,401.2514,408.0536,404.0845
361.0049,352.4852,351.1818,346.6522,347.5885,353.3796
349.5228,343.5902,357.4313,351.3025,343.7603,346.3847
354.5451,354.7332,360.5970,349.4334,366.7891,354.4203
407.0773,410.0193,415.0041,425.8386,418.1381,411.2074
412.2755,388.1238,392.4830,376.0573,387.7776,380.4548
318.1252,315.3492,312.7991,314.1803,319.2249,323.5213
401.4236,391.0577,384.4745,393.0609,391.2468,390.9384
375.6948,376.4252,375.8708,370.9780,374.6258,370.3459
361.4283,372.3989,373.3605,360.7984,367.2097,361.4898
378.8628,384.6880,387.2240,393.0528,397.0958,394.1419
328.7551,327.3350,339.9550,324.9555,335.4604,335.8100
370.7069,363.1523,372.0341,372.2487,366.7328,369.8849
369.0240,359.0675,355.8561,365.2318,354.1351,360.2723
418.0223,400.1239,411.5988,411.8920,417.9964,408.5742
364.7038,350.6107,357.6973,352.3421,345.9367,358.3990
284.6487,272.8151,272.7906,278.6311,277.2099,289.3236
373.2122,362.7815,368.0513,366.8654,369.1892,375.1822
372.8172,365.7385,387.1408,376.5169,380.3273,365.7245
339.0893,336.9135,335.8366,339.9550,336.4722,348.1168
314.0930,324.4837,327.3523,326.1262,322.0668,322.4623
404.0524,424.6872,415.2193,425.4884,420.2092,422.1396
391.8366,384.6612,385.8270,385.4014,382.4955,389.0490
434.2352,409.2579,426.8912,420.8282,421.4101,402.5973
402.6675,392.4040,399.3856,399.7605,395.5846,389.9784
323.7092,310.8560,310.2348,313.3605,308.3004,325.9697
341.4188,370.3165,365.7509,368.3066,370.9506,372.0175
359.5291,350.8095,347.2527,342.9099,362.1910,352.4572
405.2156,413.4905,412.1155,416.2676,405.6537,399.8399
349.4491,346.4589,342.1339,349.4923,344.5386,358.4431
357.5126,348.1019,350.2738,347.6479,345.7009,357.0476
357.9363,354.4526,363.7489,349.8380,355.6390,346.5398
358.2825,361.6487,359.5780,352.3641,364.0010,365.1485
425.6635,415.9137,424.8852,423.8939,428.0882,426.4294
357.8849,334.9212,342.7267,335.1985,343.8770,343.0646
346.5661,351.1592,359.0524,345.7097,352.9588,351.2580
378.7821,367.5014,369.8498,373.6101,372.8646,362.6702
345.3776,365.1025,347.2428,356.6602,350.4176,353.3226
361.6039,354.0205,368.9279,361.4536,364.7057,366.9217
422.5579,402.9631,401.7313,409.4588,408.5068,406.5276
353.3279,366.1519,374.8042,353.7464,364.8955,356.0631
360.8554,354.8882,344.0482,344.2479,353.3719,358.0756
364.3870,362.2836,364.9244,365.8757,367.6807,360.7042
320.5901,316.5320,318.6750,318.6101,318.8815,327.6191
348.6086,386.9305,389.5033,379.5314,384.4049,378.7890
355.3059,369.8093,359.0253,364.9285,364.6301,375.5186
335.0648,312.2260,309.2173,308.1040,317.7964,322.7185
347.3893,350.6268,356.1782,347.3357,349.3325,350.1072
403.8575,416.4882,410.9225,421.7571,415.4715,411.8975
362.5101,352.1977,357.1093,359.7864,358.9735,349.3302
355.4041,338.8183,348.8261,345.5399,341.6195,346.1399
382.7211,394.1774,393.6508,389.5750,385.0728,393.0628
359.3783,374.5879,376.3018,367.8972,373.5898,382.4047
325.5642,338.0577,336.5763,339.5480,343.1745,349.1489
365.5638,354.8228,368.1359,359.7323,356.4725,354.9399
337.3747,354.2004,358.9443,344.1558,356.7672,347.8369
322.8951,345.0202,342.4305,346.5079,343.6098,347.2827
371.9296,372.4517,376.0528,377.3890,374.4744,367.4990
425.3818,415.6700,410.6157,418.2446,407.9095,411.9574
413.1340,398.8224,401.7051,408.0618,400.8797,400.2272
357.1761,354.0238,351.8441,359.2556,357.1764,355.7298
384.8420,410.7811,399.0026,404.3398,406.1452,403.2436
352.1765,380.8993,368.9063,367.5403,366.7821,369.9009
415.8567,400.6345,399.4163,404.1852,399.5648,406.8914
378.3047,350.6810,355.3258,372.4497,361.5966,370.9945
359.0278,372.9826,373.9299,377.7290,379.1535,366.6621
392.6890,385.4173,401.5331,393.7258,401.8371,406.2659
366.2897,392.1416,392.7074,392.5339,388.8332,393.2515
451.0723,433.3340,437.8008,442.2239,436.7910,441.0826
333.9749,321.0743,318.7233,341.4625,327.9812,343.4252
378.9802,384.0720,389.8448,381.6142,385.5462,380.5708
387.2476,397.6622,403.5839,393.7689,399.7688,407.1317
329.6472,349.5463,351.2895,356.5638,356.8183,351.2525
412.7570,380.5149,393.6508,390.2763,398.5280,384.8738
338.5426,365.2651,365.3849,365.0768,367.1077,365.5316
327.1659,346.8122,356.8933,347.0499,361.8044,345.6926
361.4134,353.4360,349.5168,361.8049,347.6244,349.9539
417.2831,403.4247,406.7045,405.3292,399.4599,400.9059
326.7397,331.0587,323.1085,332.1125,330.0208,345.6795
381.3500,399.1969,391.3426,406.5413,410.3653,402.5270
349.1378,369.3980,364.0152,363.0838,357.9020,369.2521
374.8020,353.4110,366.1761,352.3949,353.7974,352.8813
364.7476,367.8655,362.3547,368.1115,383.0116,374.9761
400.5425,392.7779,382.6735,390.8208,387.1041,391.0864
362.3399,363.4688,362.5187,362.9730,368.9379,355.3255
307.7736,328.7950,325.3615,332.9712,321.5444,329.9308
345.3514,329.4527,329.6043,343.3615,330.1428,334.7005
384.9469,367.7542,368.5433,367.2378,364.0826,367.3422
372.9104,370.5266,368.9978,378.2630,371.4355,372.5428
424.8430,417.3539,423.4673,432.4333,428.9565,417.3049
358.9048,390.6301,399.6445,390.4551,394.9174,376.5841
382.0342,366.9377,377.2427,373.1294,365.9396,358.6425
410.2156,374.5743,380.0861,378.7810,391.9857,372.3563
389.8250,385.3027,377.9534,382.3936,377.4492,383.4025
384.4678,383.3243,393.7947,386.2796,382.3649,382.4944
370.4893,384.3335,398.0347,380.1493,397.9238,389.4471
329.3868,350.3746,360.9695,351.7279,362.0320,356.3887
338.8836,361.2896,349.0575,352.2373,356.3929,349.9761
354.6228,369.5049,376.4092,373.9336,382.0145,375.8878
381.6585,370.4407,373.1600,376.9113,379.6652,371.9121
364.0704,371.6364,357.2384,362.2275,362.8033,367.1041
385.9146,400.6219,397.2243,390.9807,399.4785,395.4603
362.5056,349.9160,365.7859,365.5660,364.7459,361.6721
362.0886,359.2630,370.3848,362.2554,363.1465,361.6108
301.5669,307.1189,324.7164,307.9612,327.1135,315.9895
343.9311,349.8685,343.7247,346.8987,346.2519,354.8188
409.2632,410.8650,402.7820,405.2702,414.2376,409.9108
387.1096,383.1341,384.0808,384.3544,379.0438,387.9857
364.4320,335.8138,336.1243,338.0306,341.3724,348.8224
390.9021,383.3058,382.8236,385.1163,397.2436,380.1612
375.1960,349.5323,353.5416,350.0203,359.4873,357.2605
366.4759,376.6668,383.3961,378.7016,382.8109,369.9604
391.8535,389.4251,399.3589,399.6663,404.8621,397.7264
375.4025,378.1110,378.2225,377.3333,380.3853,377.1850
365.5553,364.2065,369.4487,372.2668,373.3905,361.3069
345.9357,329.5321,328.7661,319.7853,337.9114,327.8011
364.8823,375.3647,382.5474,386.4797,378.9459,392.9883
394.2209,440.0218,430.2004,443.7060,454.5927,446.6179
339.9549,380.2464,381.8092,374.9472,365.6089,377.7370
356.8762,355.9892,361.4304,350.9124,364.3182,357.6773
352.6619,371.9854,370.1756,363.8176,356.1882,373.4179
403.8356,400.7899,397.6245,394.5453,401.6534,395.5129
371.2714,382.7438,383.3922,386.2740,377.2888,380.9781
324.2331,345.8709,345.9662,341.0256,347.1433,340.0766
371.5664,381.5868,378.6750,380.9571,383.7724,381.5664
375.8040,392.4428,386.3640,383.2796,380.4583,385.7150
419.2188,426.6380,427.1458,430.5573,425.8934,426.5961
399.7086,393.6623,396.4126,396.7223,392.0565,386.9356
336.1636,345.5966,342.7875,347.1226,348.6525,347.9459
351.8301,345.1476,341.8821,341.0141,343.1862,340.7432
345.3129,360.1077,353.8034,363.7870,359.1842,368.9449
370.4522,377.6414,387.3773,385.8023,383.6523,382.1347
326.2016,348.4814,364.1166,353.1096,355.3985,357.4313
373.1503,386.9598,412.5240,400.3897,389.7023,396.9315
336.6978,335.1157,356.9148,348.4182,346.1871,352.4886
383.9481,361.9306,360.1802,357.5674,367.2294,355.8350
425.9159,414.9158,418.3977,408.0924,409.0744,406.7520
374.6071,392.7653,395.9239,407.4126,400.5524,400.1361
363.4223,380.2178,370.6878,380.3604,382.2245,375.3642
387.9665,414.4739,418.4982,419.1750,415.3376,427.1708
317.7579,325.0831,331.6182,330.0983,330.4122,342.5192
413.7970,422.7844,422.4002,424.6760,423.5123,411.3072
377.1683,361.6424,356.3014,370.5738,367.8401,361.2944
429.6471,384.5511,401.7057,393.6509,389.1891,384.0499
338.3951,347.4391,357.8306,348.1862,352.4398,355.3513
402.9571,386.9998,382.8741,381.1321,387.5539,382.2657
389.5283,393.3157,386.4947,383.6217,389.5839,387.0299
385.0651,358.3479,364.5235,358.5542,348.1469,360.3334
415.4007,437.8524,443.3345,438.3945,434.2980,439.2572
384.9950,372.7040,387.6623,376.2810,384.4510,374.1783
393.7680,388.2966,396.6033,391.0445,388.1292,386.5438
390.9168,379.4811,386.0860,391.1150,384.4286,379.1219
408.2911,369.5181,366.3626,368.2290,364.2768,371.2135
373.1846,396.9959,388.6377,394.5121,386.9599,388.6236
365.3988,352.0992,357.1927,348.9297,356.3219,351.1634
382.4508,385.1734,386.3487,390.0622,385.7718,381.6590
403.7451,385.3856,396.9933,398.1646,390.0353,394.0615
344.8750,341.6932,331.6628,333.0693,323.2166,345.0398
349.1747,360.9320,365.6856,361.5716,363.9452,362.2325
404.9376,382.5088,381.4959,401.1027,393.3113,392.5298
414.5835,405.4821,391.0269,397.6871,405.4771,381.6938
418.0542,401.1774,407.8972,405.6754,402.6125,400.6860
365.7415,369.6756,376.6878,381.8536,382.7403,377.7350
369.0511,380.7604,368.9954,362.6937,369.1838,369.9651
334.7041,334.7726,340.3437,332.9204,335.4280,334.5873
399.1427,393.2888,386.5796,392.4893,387.6841,401.1089
407.6526,417.6229,420.7770,425.6827,418.1520,414.7294
387.5333,378.3686,395.9746,397.8264,399.1875,383.3402
379.1042,376.6716,365.8553,372.3583,379.1519,375.0370
427.7039,394.4111,393.1408,401.1704,399.7044,395.1700
321.4124,312.9225,316.3825,318.4254,312.6691,318.5248
424.5541,428.4600,416.8741,424.9205,425.8150,414.9276
323.7962,349.5696,353.1529,352.5237,350.1482,332.3801
361.3990,368.2127,372.2915,370.9126,370.4814,355.5374
354.2566,347.3586,360.8769,356.9305,356.4427,356.7764
406.3896,402.9452,415.4128,416.9270,400.0065,407.6235
333.7121,348.4700,348.7690,344.2796,354.1348,353.5755
400.6855,410.8342,408.2133,415.7562,403.7888,413.0356
393.6313,389.8906,385.5067,384.0555,386.4204,396.8629
412.1054,394.5062,407.3970,398.8121,404.8878,393.2423
396.1976,374.7729,380.4877,381.4988,378.4836,377.7321
382.6242,399.1301,406.4204,405.4556,410.8046,403.9159
408.0822,375.7773,389.6772,385.3895,382.2264,386.0188
368.7559,359.7325,363.3977,359.0559,364.3512,361.2647
350.8588,346.5747,346.9406,342.9513,348.0802,347.0546
404.0605,374.3844,383.6592,367.1775,370.8988,369.9516
396.0917,386.1772,384.6689,386.3152,382.5833,374.5216
343.2159,364.4525,350.3492,341.6225,353.8523,349.5654
351.0901,377.8112,385.0241,379.8998,377.4723,373.3102
305.0436,295.4286,296.1816,301.1721,299.5930,303.2095
384.0977,396.6550,400.1056,389.7394,392.8315,394.6450
365.4428,357.4415,342.4031,357.3664,346.4544,349.9220
411.8357,408.4078,411.3034,413.7436,410.1405,405.7368
370.9799,327.1414,328.5648,332.3282,327.5054,326.9520
367.6002,376.1371,377.8389,390.2354,391.8904,373.3767
388.7115,369.0192,370.9909,376.2080,370.8969,367.7064
373.7783,391.1707,387.4805,380.0446,381.4619,383.1021
380.0109,385.5756,394.4616,374.1409,375.3802,375.0504
376.0379,354.8142,361.3727,356.4276,361.8661,365.2415
351.9006,346.3246,341.8232,345.5994,342.1681,352.0469
405.3966,406.2222,403.4193,405.2472,416.9521,434.1705
397.5981,405.3754,402.1740,399.8674,407.9657,394.7616
452.3468,405.1257,417.3558,417.5437,420.2593,411.5905
368.8198,370.4967,359.0430,361.9550,364.3502,367.3841
423.6574,379.1843,380.2187,373.7209,382.9517,390.4224
390.8492,375.2865,379.6393,384.2507,376.7101,379.9125
341.9593,335.0077,328.0376,337.9390,327.5718,334.4293
399.1775,396.8995,391.1340,387.7139,374.9002,383.2383
370.8759,338.7672,341.7338,339.1016,340.0105,338.7860
406.5178,408.5345,406.1179,413.4670,413.1776,405.8887
384.6660,382.3241,372.0870,368.7898,383.6704,380.3410
341.9203,348.4893,354.5549,350.8973,353.1430,356.6814
376.8961,382.6277,388.9907,385.4168,384.6203,380.9671
386.4172,370.3196,376.9328,371.6521,379.9793,380.1303
382.6672,385.3744,383.8847,379.9677,388.5187,390.5172
444.0641,416.2095,399.9893,411.6336,408.7552,413.0858
385.9106,386.2595,396.6918,387.7730,382.4663,378.4202
389.6926,398.1492,389.3593,388.6952,385.3745,407.9700
406.8261,399.8811,390.0055,399.4068,396.1556,399.4987
348.2347,398.4033,386.8379,394.4751,394.3051,393.6338
344.9959,319.5471,314.1273,322.3391,323.8646,328.8994
335.9935,338.9372,342.8068,335.7524,352.3663,345.6089
417.0582,389.1277,387.1001,401.1303,391.9465,388.8172
439.2402,435.4817,429.8764,442.4789,443.5287,432.7066
409.5665,418.3958,413.6358,412.5367,403.9369,406.4740
375.6293,382.1588,381.5711,379.0476,377.0403,375.2926
415.0702,389.0657,393.0429,372.1591,384.1315,371.3689
362.7017,407.8435,402.8191,408.3428,410.5539,411.5569
347.5249,365.4745,352.0567,355.3409,350.6760,360.8802
366.8278,354.6484,355.8810,353.3152,355.6755,355.9029
445.5325,402.8428,412.0961,417.6491,419.5517,411.9330
404.7265,389.5461,382.6287,389.4539,385.6362,387.9236
382.7591,385.9066,401.3747,394.9891,384.0761,393.3346
358.2732,346.7312,344.9711,342.4047,357.3110,341.6277
364.2971,366.3522,357.9036,363.0092,357.0428,353.4446
367.0015,381.4376,380.7474,378.2482,379.9022,385.6343
351.6888,351.2937,360.0641,348.5582,354.4134,357.5088
372.9944,357.7504,364.8774,365.5205,373.2558,365.3109
346.0661,356.4822,338.6472,359.0157,343.6617,340.8636
406.8812,420.1075,416.2533,431.4893,412.3069,411.5529
409.0624,397.4663,407.4513,408.9670,412.7147,407.7496
362.6234,366.6035,354.4769,369.0785,348.0786,358.4824
420.9360,415.3494,419.4133,425.3657,424.1467,414.6869
346.0428,356.9859,354.6123,352.5964,345.7532,351.6228
346.9768,372.6799,385.3317,377.0541,380.3148,369.5010
388.5659,372.3860,373.7783,375.5157,373.9583,379.4849
386.8348,393.3497,386.6297,388.2897,397.1688,386.8442
351.3013,362.4682,357.0128,357.0423,358.4837,341.2526
365.3049,370.4032,374.9749,367.1626,372.0812,374.2621
359.8166,373.8351,381.3336,364.0925,375.9636,371.5770
409.4993,403.2875,413.1626,417.4298,409.7394,410.4681
373.8365,362.1442,365.8024,357.1538,358.3164,364.4899
368.5117,358.6720,350.0967,359.0108,349.2652,365.0386
393.6119,368.4991,375.1594,371.6707,370.4071,371.2436
368.4081,369.2843,372.2227,377.5100,379.8675,378.8288
325.7841,312.7739,316.1408,305.6425,318.6449,313.3145
376.8631,404.0713,398.4739,402.9260,397.4824,399.9179
385.5976,371.5573,375.2685,377.1232,370.4497,375.6957
398.8112,384.3568,391.7392,386.6417,381.6141,390.2229
408.1053,387.6725,390.0693,385.5126,387.5604,391.4514
326.5472,328.8632,332.3105,328.5264,334.9817,335.5657
348.1256,337.8951,336.3995,338.1439,344.0661,334.3300
354.8834,352.1375,356.8424,366.2326,352.1062,354.4547
376.2719,396.1541,400.4872,392.8422,395.2896,395.0756
361.7102,365.9141,365.7006,366.7310,367.0507,373.9466
454.5593,446.1110,436.8304,448.6540,439.6403,444.6654
359.1407,372.5091,376.6621,382.6178,380.5455,378.8712
361.5575,350.6432,364.5118,352.9621,354.8190,352.5555
372.2687,392.0562,387.9682,389.7891,388.5576,388.2524
350.8551,351.5743,351.2609,351.4061,351.5059,352.8901
399.6580,403.8379,400.4227,400.6571,394.6389,400.5197
322.1763,314.0603,322.8546,319.5317,321.2862,321.7148
393.9518,384.0162,387.2765,388.3188,386.1752,386.5887
346.6352,343.8007,352.6683,349.3385,347.7676,330.7480
368.9288,356.5254,366.3788,366.9760,368.9398,363.1424
363.7607,361.9872,375.0868,363.2354,379.2357,377.9278
338.6794,337.4773,333.0470,338.2056,332.7006,338.9619
375.5712,398.2181,384.2288,391.9400,395.5990,392.8555
369.3559,362.0660,358.4384,363.7151,360.2540,366.8582
338.0971,341.6329,356.2886,346.6261,364.2266,351.8142
348.2012,340.6536,349.4407,342.3912,347.5875,352.8665
424.1903,409.9956,423.0100,414.1021,417.9829,416.2552
376.8390,400.6136,399.5745,399.7871,394.0538,395.6935
399.9856,396.8680,385.7919,396.0919,395.0517,400.9266
363.2286,330.6714,347.1297,340.9454,350.0581,340.8336
341.8489,330.7610,339.2339,329.4923,329.7215,348.4883
347.0988,357.9526,366.4353,364.4310,359.6707,369.4652
428.4992,406.5968,407.1193,407.3425,396.6556,401.7947
442.4280,416.4091,417.1279,410.3240,418.1123,424.0186
390.9590,381.1248,372.6786,378.4444,365.2271,371.9910
378.6525,383.3773,391.8704,387.0187,399.7673,381.3208
370.4661,355.3161,356.4510,358.5310,354.6391,372.5351
340.7944,343.6679,350.5558,344.6215,341.7003,349.2600
383.3762,389.6157,390.2922,390.6374,380.1742,376.0046
334.9752,347.8172,359.7281,345.9710,354.9479,359.3521
361.9135,376.8603,387.1758,382.8063,388.1698,377.7433
392.5949,380.9742,384.8027,376.8650,383.2963,387.8328
341.8390,365.3155,364.0334,358.4231,371.0543,361.4472
392.2327,392.7582,397.2351,392.7529,396.3509,389.9572
359.3600,367.4657,373.9396,364.1277,373.6729,380.2030
399.7080,390.8111,388.2092,391.5594,380.8046,388.8801
399.2041,388.3835,398.5602,394.8287,391.4232,394.4848
350.7068,365.3767,350.9752,358.5772,345.6457,350.0768
415.8977,423.4775,418.8290,420.7985,418.7690,424.5305
376.1487,386.0629,388.9542,385.8860,380.0209,384.2207
382.1525,356.0110,350.9260,361.7481,357.7380,361.3395
409.3721,390.1571,381.4670,392.3955,385.7421,386.6085
361.2283,366.2558,364.4099,368.7262,361.3795,369.1241
417.9668,397.3852,405.7516,399.7521,399.2590,396.0996
394.9504,391.1298,401.4569,403.6981,394.3979,393.7341
395.6225,384.3068,381.0703,400.9972,390.1784,387.5759
369.0938,369.7501,356.8648,350.2075,356.2415,362.9836
331.3340,370.4552,369.0745,362.2746,369.3091,350.7355
364.0959,373.4930,378.1309,370.6604,371.1959,374.8935
333.7089,366.5340,368.8692,368.7774,355.3300,362.9016
370.5301,388.9877,372.0113,366.8528,387.2761,377.3731
392.0918,412.8333,412.3533,414.0590,412.5074,393.0488
313.0561,320.7015,322.6198,317.4641,321.1370,327.3667
356.1170,356.2864,354.3033,344.8843,353.6162,359.5502
394.5428,390.2112,389.0369,384.6336,383.7597,388.5787
388.8035,380.6460,373.5659,372.1534,379.1617,374.4543
362.9695,378.2516,384.8006,386.0745,385.2782,375.1668
337.6411,368.0399,374.0132,367.7422,366.3159,374.5327
365.1862,355.6179,367.8206,364.8134,366.3572,371.5217
408.9071,394.4775,414.7487,413.9145,403.5143,401.3121
382.1131,361.9639,366.9560,376.5339,377.9435,374.2745
364.4072,345.2326,358.0291,355.9998,352.4952,355.0493
348.0411,362.4843,354.1308,357.8525,365.9130,352.6445
366.7114,363.7392,363.2695,363.4406,361.1668,367.5323
371.6198,386.7607,385.5493,395.4031,386.8106,379.2093
352.6716,347.2328,357.8514,351.1359,356.0071,356.6525
375.6361,373.6265,376.3134,373.1885,370.4054,381.4407
339.2495,348.1090,334.3206,351.8268,344.7431,354.5274
355.8145,352.9324,357.5560,359.6940,349.9561,358.0179
365.3032,360.5743,363.2444,363.9033,358.7214,362.2474
414.3315,401.1163,406.9005,399.4243,403.5571,391.3327
379.2786,349.4334,353.1306,356.7288,345.4109,360.2385
330.8902,325.2062,314.4346,324.0735,313.9606,337.2109
387.6966,389.8919,375.5314,392.0300,392.0341,388.2914
391.2959,399.3331,398.3477,405.2706,393.7771,406.8167
380.8087,374.5067,376.5381,370.3104,368.0438,370.6712
415.7699,392.0888,393.6020,403.8712,393.5958,403.8220
375.8341,384.9521,393.4657,390.1719,389.1253,393.8949
368.1038,375.0961,383.5835,388.7216,385.0268,378.8199
333.5947,351.9133,349.7001,352.6740,346.6890,359.9728
399.3059,373.4958,390.5533,387.1344,377.0934,382.5812
374.0856,363.6070,370.3531,366.4241,368.1946,355.2176
407.4931,397.3711,398.7057,407.9525,403.4940,415.5004
404.1956,375.8571,378.5012,375.3766,378.6636,371.0460
403.6906,394.5720,409.0106,408.0749,404.2731,396.5132
422.8833,427.8984,426.6996,427.0392,425.9786,425.4038
407.0562,410.4780,402.2940,400.8647,409.9727,401.1732
393.6302,387.6851,395.6934,389.5353,392.1264,383.1107
408.8385,414.6833,405.9870,404.8025,406.3926,408.4576
330.3940,333.7650,328.3665,327.1172,331.9670,332.8683
395.8841,391.8795,395.1594,392.6169,397.7766,395.7549
404.8918,410.5280,416.3946,414.5569,414.4159,412.3020
360.0556,386.9835,386.0643,390.6696,388.4675,389.8458
454.8328,453.4256,447.1125,454.0399,454.9663,446.4462
445.8825,437.9234,457.8970,460.4621,457.0864,458.5712
429.4426,396.2089,401.0012,404.7629,395.9002,391.8081
320.4800,352.3636,337.4187,341.2401,349.8008,340.9692
384.3941,384.2391,387.7384,391.5705,386.8562,384.7271
380.0182,366.1637,364.8190,362.5897,370.7622,372.1733
444.1242,394.6186,406.1159,412.3345,408.0992,409.5731
395.6961,403.1764,404.3251,406.8738,407.6802,410.4200
387.7772,389.6139,387.3771,394.2303,386.6788,388.1294
397.4501,383.2003,384.7306,381.1203,374.9365,377.8724
351.7733,324.9182,326.5562,329.0546,324.3629,329.5209
417.3079,399.4620,399.9700,401.2307,411.6542,407.1797
402.5836,389.2233,393.7359,397.8463,389.1859,388.3573
388.0438,359.8561,375.1189,369.6991,374.1551,369.9557
362.2053,345.8956,351.7163,347.7661,356.7157,351.3824
362.3628,388.3443,385.0944,387.0281,378.4086,382.3581
350.0055,347.9826,356.5712,347.1138,343.8619,346.3067
346.0058,351.2059,352.3907,342.8434,349.6165,351.0281
385.1232,392.9650,383.6040,397.5907,385.9099,390.8295
317.4642,308.6715,304.3013,309.3447,309.4558,315.4489
350.6834,363.3832,369.7469,365.8917,364.2824,365.7105
364.4221,381.9921,381.0277,372.3969,365.9829,369.4231
343.8852,367.2531,349.4746,365.4253,348.7066,365.8954
411.8817,396.0323,402.4319,403.7683,401.2657,390.7283
360.9593,370.1454,368.5989,371.9763,364.1490,365.0729
380.1935,389.8456,386.6546,387.7497,389.5254,387.0916
370.4482,404.7491,407.2581,400.5604,403.4317,408.8366
413.3569,400.1955,408.4459,407.3709,409.2739,404.5860
396.8178,394.4866,384.5407,393.3947,386.3453,390.2246
358.4522,360.5368,370.3663,366.2031,380.7215,363.2363
359.0183,374.1520,366.1197,371.9742,371.0602,368.0424
404.0075,410.2360,406.4482,412.7944,401.5996,413.6154
415.9542,396.2334,406.1719,410.0031,412.8343,399.1771
372.0262,387.4617,396.3457,397.3663,393.6175,387.8504
375.9264,383.3140,369.0396,375.6955,377.6824,376.1553
345.8801,333.8633,332.0879,334.6973,336.2682,334.7572
366.0204,372.7766,363.7523,352.6791,358.8874,371.4803
348.7287,351.9291,357.3817,363.4375,355.4083,358.3285
367.2767,348.1415,351.4062,338.9612,349.5699,336.2265
353.2359,345.4545,353.5807,353.2121,348.2012,350.1373
348.6875,356.0826,358.5585,358.9423,361.4916,356.0468
383.2333,356.4310,375.2440,371.0536,371.6894,375.9121
392.0255,386.5223,388.7201,390.3822,395.7532,393.8124
464.8315,432.8004,430.7190,426.1790,429.2333,427.8786
338.0895,350.1113,354.5189,345.2634,343.8579,349.8018
361.2665,357.1187,351.4781,351.4062,351.9761,349.1964
388.2661,390.6205,400.9206,393.4855,385.6021,395.5651
391.6921,386.9930,395.0222,395.1891,378.4941,376.6425
348.7061,364.3528,361.6808,361.4150,365.4944,365.5756
422.9252,407.7289,407.2914,409.4756,405.1356,398.2213
407.4822,410.3197,416.4059,410.2600,411.4265,405.0655
369.5254,365.9593,370.2918,369.5943,379.6861,381.4796
405.2362,399.3731,399.6267,395.0779,399.2676,391.0320
412.3038,421.6847,420.5919,425.3187,424.0180,420.0532
401.2952,398.3621,410.5487,412.8748,427.5712,394.3962
381.8391,370.6266,376.5016,380.3140,375.8412,364.3329
364.5512,369.1220,368.3884,379.0680,377.0566,367.3930
296.6503,314.5240,309.7403,309.3372,323.6516,305.8720
382.1555,371.3040,366.1575,369.8450,367.9078,365.9087
397.6809,388.7863,394.6068,391.0315,384.8715,369.9991
332.5664,354.1367,330.9547,338.0410,340.9563,335.8017
399.7493,374.5419,375.0047,381.2932,370.2713,381.4350
398.6381,391.2492,395.7420,399.9332,399.3831,398.5321
403.7752,388.6160,390.5944,394.0598,390.4347,391.6480
374.0317,391.9692,381.4485,385.4106,380.5421,393.6195
367.6874,346.3958,357.6633,347.4969,358.3877,353.0574
404.2295,404.6827,413.5876,411.7280,416.3291,410.7063
392.7091,387.4434,391.5794,386.1514,379.9147,393.3394
364.4344,364.5597,366.4759,373.9567,366.1710,367.1559
390.7545,361.7284,350.0776,359.6943,364.1934,356.7758
460.5247,413.1044,415.4717,416.2726,421.9221,418.5689
307.5269,336.7566,348.0054,328.0428,333.6427,323.1653
355.1172,360.8188,367.5580,378.4288,370.4680,375.1497
373.3210,375.2906,383.5959,380.0438,370.8027,381.6704
348.9029,388.0641,387.2302,379.6353,404.7161,396.6043
393.6877,406.1675,404.6808,398.3471,392.7992,392.3629
354.5742,364.5552,371.6586,373.0107,375.0186,373.1796
385.4751,379.8088,375.3093,364.6117,366.0895,360.3415
337.6108,322.9804,338.2181,326.7560,332.9661,329.8672
405.8789,393.1276,387.6679,388.1456,389.0603,392.8912
373.8749,382.7740,391.3767,389.5377,381.2940,382.9026
381.8611,376.6880,385.0649,375.8554,377.4057,380.7403
373.4845,393.9973,385.7427,394.5382,385.8708,388.4726
335.3165,368.3199,370.9211,371.6769,370.1850,371.8531
366.3022,368.8909,373.0197,380.7337,363.9810,374.9977
417.5107,411.9550,416.3203,417.7271,424.7183,423.3608
381.9722,395.6353,394.4919,394.3564,390.1131,387.3625
390.2446,397.6522,390.2207,400.4089,391.0536,400.6422
365.0479,378.2902,383.3052,369.6852,371.4635,353.8373
381.2875,388.5060,390.5954,383.8180,386.7320,389.2986
422.5253,387.4661,389.0866,387.2646,387.9518,397.5820
293.2433,289.7055,271.9779,306.4311,283.0605,302.9762
403.5358,397.4401,401.5724,403.4876,405.5124,398.2124
393.4115,392.2778,387.1102,398.1519,389.9961,397.2616
409.5409,405.2207,397.1544,390.8854,400.2714,390.1858
354.4179,341.4471,352.4238,344.0984,352.2251,349.9981
388.2392,395.9666,388.1771,392.5235,395.9194,395.7267
427.6814,420.8216,418.9655,407.2994,410.8248,419.3268
391.0328,389.8756,402.4089,400.2870,396.0977,388.9786
411.3433,402.6476,390.0818,403.3911,391.8401,396.1883
382.2860,392.4503,396.2339,395.0309,402.3983,389.9826
376.7176,371.5368,362.3937,369.8929,358.3896,369.9770
405.4306,402.0289,391.8556,389.5346,392.1214,388.7174
382.3940,395.0177,404.7950,397.7055,405.8759,401.9709
356.2417,339.5792,347.6659,346.2234,347.8289,351.6215
379.4056,379.2818,379.3711,379.0236,373.0924,378.8788
378.3956,363.3577,365.0674,364.3745,360.7107,377.8428
348.4916,379.0728,381.1360,374.0647,369.0788,387.1937
378.8610,377.6651,382.8650,389.7870,386.3897,382.8358
414.6166,388.4456,391.3506,391.7944,392.1925,388.8355
312.2821,323.5611,331.1345,336.6794,329.4515,341.8629
416.0663,421.6105,425.2999,424.3210,428.1869,415.5702
400.2976,363.3996,366.9209,353.5630,377.2470,359.1563
344.7808,352.6328,355.6084,358.0819,356.0994,351.5661
384.5720,401.0624,394.8328,407.7602,402.0111,397.5623
386.8736,381.1745,381.3130,375.1454,380.7016,386.6208
423.0630,400.0995,406.0876,409.1485,420.6930,412.3543
452.0702,461.3715,470.9279,462.6504,468.9041,462.8826
344.1848,345.2677,346.5193,357.7266,353.4919,352.9330
367.7311,375.6688,371.0577,383.5483,371.5429,378.5253
354.2261,369.1938,357.8973,369.0635,354.3170,360.3628
423.9480,393.6678,406.3070,411.9594,408.1323,401.5519
300.4747,308.6739,308.8950,314.1514,307.5607,316.1912
354.6825,329.2615,325.4259,334.3344,331.5617,326.8343
375.9459,379.5354,375.8206,376.9644,378.5520,382.6887
316.0678,318.6497,309.5396,321.8444,316.7565,323.1982
323.6078,306.2877,315.9854,295.2731,314.6326,292.0330
341.3852,327.6084,342.1869,341.5744,342.6516,332.7463
443.0497,411.3739,427.8224,414.1074,425.8378,418.0587
388.9924,377.2276,385.4929,392.0869,394.4448,385.5324
336.4189,322.3771,328.1234,330.4534,323.1777,330.1255
344.0917,334.4056,340.1984,332.1716,335.7534,331.0327
328.2657,318.8742,331.7185,320.9732,324.9472,325.1605
368.8277,382.2574,385.6183,378.7987,381.2733,386.3129
346.1715,353.9585,347.7598,344.5440,346.8156,357.8919
350.1971,348.5523,346.7892,336.8118,362.1164,345.1332
338.2911,336.1761,335.7431,335.7119,330.4688,333.7462
346.5342,355.1750,356.9547,353.6892,348.2270,363.4416
395.7013,387.0199,381.0199,385.1909,389.9087,379.3925
356.0429,366.3558,368.6989,361.2328,372.1924,372.9827
358.5336,356.7854,363.4394,366.8943,365.3501,364.2475
349.6022,341.3185,348.2038,331.6502,331.8993,341.9240
386.6095,389.4342,391.5037,381.7822,388.4764,372.2308
393.6702,370.4306,385.4831,382.0349,379.9130,374.9185
355.6940,370.8338,374.1196,368.7606,382.1788,380.2717
363.8671,385.4375,379.4601,396.5670,386.5386,394.7629
348.5328,354.9395,357.4031,363.0085,348.2183,354.0916
327.2126,309.4434,304.8727,304.8250,306.2466,309.5663
336.8899,338.8231,341.4572,332.6263,352.0494,339.1011
363.4984,364.5074,368.5450,362.9313,367.9836,360.5978
345.2885,381.9312,379.1017,378.6545,382.6387,382.0200
424.8382,384.1526,393.8170,392.3124,394.0468,396.4884
307.4553,307.1530,320.4840,300.2673,317.6057,310.7552
312.4300,327.6638,333.9153,329.6562,339.9184,320.4777
395.7419,386.0267,380.0913,394.5466,374.7925,389.6821
380.1940,357.8722,371.0596,368.7195,364.7454,362.5190
389.9466,380.8299,374.4048,375.7742,365.3829,378.7138
373.7508,383.3630,382.7027,392.9727,386.3959,384.0104
345.0801,345.9969,340.1031,338.5754,341.0953,332.9282
327.9590,332.1643,349.5691,331.1451,342.7367,346.1762
330.2850,319.8855,323.1699,330.2708,323.0612,325.0045
422.7913,398.8662,400.1100,400.7329,405.2044,418.2343
350.0594,344.2173,344.9651,341.4504,342.9605,340.4519
379.2593,359.2496,372.9596,360.6108,370.7627,367.7149
335.2869,352.1958,354.2611,348.1621,359.9208,346.6330
352.8227,372.4019,365.4764,367.2131,366.4176,368.4055
394.0377,392.9571,383.3712,396.1540,390.7722,390.7377
388.0896,371.8053,362.2274,366.8638,367.6400,370.1938
330.6471,341.7134,348.2437,345.8228,355.9224,342.1877
336.5494,344.4654,349.4418,343.1258,340.1008,341.0592
355.7704,357.7753,379.5589,371.5506,382.3072,369.0161
392.9117,397.4307,399.9507,403.7423,394.9939,398.6361
433.6623,436.4272,424.5520,435.5576,421.0611,423.3958
425.9914,410.8508,409.7287,416.0936,416.9250,422.1670
369.1479,352.4291,357.7003,354.9184,361.0453,356.6306
427.5030,408.6739,421.8061,414.1962,404.6596,404.0934
376.9220,360.0237,368.2764,358.8361,361.2949,363.5299
313.7597,327.9293,333.3859,336.7343,330.3644,336.5735
349.0613,343.8786,351.3680,345.6035,341.6676,350.2763
395.5835,397.1430,385.9344,390.5182,388.1574,389.2494
455.5726,428.5596,428.1479,434.7554,426.6833,433.2671
376.4079,355.8114,358.4924,364.1906,357.7535,371.0911
432.2122,418.6207,418.2394,428.1239,419.9891,424.0410
334.6865,335.8502,338.7775,337.8069,336.8457,345.5875
361.8611,372.1063,370.7147,361.7000,376.8999,364.6657
415.8745,402.1432,397.8778,397.7954,396.5952,399.3844
361.8976,365.0183,370.8080,363.6887,367.5085,360.4128
416.9635,417.3519,418.9836,421.6748,426.3837,414.5277
338.0294,342.9361,329.5832,340.7466,331.4697,344.8955
328.9852,333.8878,334.0253,328.8948,333.3583,347.9137
341.5286,340.5180,331.5230,330.6981,350.2137,333.9368
388.3634,380.0772,376.9393,374.6985,376.5388,377.6169
450.0836,420.2840,433.9112,428.9566,421.8466,419.1801
390.8924,393.4080,388.0814,397.3578,384.8210,381.9652
337.6767,338.0619,339.5350,328.6683,342.9005,340.3601
377.8447,384.1417,397.6604,393.8253,390.4426,393.0760
407.8655,369.0953,355.8638,366.6286,374.7527,364.8844
349.9134,352.3781,363.2447,359.8023,358.1690,364.5936
368.1610,359.7723,355.6141,355.8671,348.8557,358.6120
384.7677,418.6385,417.8058,421.8537,413.4277,409.2230
371.6265,379.3687,362.6506,363.3354,360.3616,376.9355
353.2908,371.1960,374.1144,367.7109,371.7407,373.5279
395.0113,407.1876,387.0677,397.7037,400.6222,386.4526
376.9489,380.8306,385.2732,387.8072,381.5824,390.3744
326.2170,328.5132,339.6942,331.6109,337.1225,327.9102
319.9042,333.3206,340.1342,340.1659,335.7013,326.0455
438.3542,406.7781,406.3403,416.0436,415.3595,415.1383
376.1241,362.4791,362.0913,364.3036,372.2495,375.3298
323.5554,337.7891,336.5207,335.5384,326.8812,332.0830
305.2793,320.3647,315.2719,329.8942,322.1800,317.9255
352.2193,321.1472,327.9626,341.3415,336.0974,333.4910
319.5375,324.1315,332.2872,323.1409,324.2892,326.5749
358.8725,345.6696,335.4478,347.1122,341.3194,343.7380
367.5320,375.8099,361.8717,371.9770,374.4788,373.0910
384.6978,367.3041,381.2229,364.3940,372.0200,371.3877
376.6133,345.3352,347.5769,361.2090,361.4959,354.8055
349.9747,332.5999,332.2219,326.8325,330.3885,332.4927
364.5101,359.6163,354.7992,359.6905,355.7406,354.0039
389.7736,382.9274,372.6050,378.3624,373.3323,381.8308
375.1814,354.8012,353.3331,357.5662,349.0646,365.6113
362.0346,359.2092,364.3294,358.1100,367.4239,362.8099
317.2392,344.9217,346.5950,343.2598,355.1418,337.9699
429.6747,444.4823,449.4079,454.7857,446.7520,451.4641
349.3424,359.6917,368.7391,375.6375,375.1259,365.4716
312.7180,318.1110,328.3101,325.0073,321.9866,323.5912
351.2155,359.6023,359.4173,362.1649,361.1176,365.5465
385.6129,374.2090,380.8345,378.6647,385.2136,380.2727
410.7876,398.5703,390.4964,401.3764,417.2896,393.7533
328.1606,338.6274,346.7903,337.4708,339.0912,354.5970
369.9743,351.8209,361.7463,351.5464,348.6436,351.3635
451.2671,420.4549,426.0208,432.4232,414.0465,413.9055
322.2496,293.2722,278.4823,306.1037,288.0012,314.5609
424.5953,423.4687,410.9294,405.0610,420.7120,418.3310
348.6329,336.4034,340.9092,340.1087,324.4413,335.9046
347.2693,339.6352,348.0551,350.9438,345.3680,353.2640
397.6276,380.0197,365.5393,376.0248,367.3295,361.8196
325.8671,359.2462,365.1134,361.3721,359.8372,363.1773
458.4580,436.0109,429.6323,446.0128,435.1122,440.5150
400.7295,372.3773,378.2862,382.2389,388.6057,377.0519
354.1630,378.4153,379.3277,380.8582,376.3456,376.7221
377.9537,378.1365,386.5886,390.7881,387.5112,387.5850
408.1982,391.2173,399.2574,381.1736,402.0616,389.1728
387.4024,396.6611,394.3340,394.4818,393.7393,394.3332
361.7773,355.1518,353.2974,353.0356,349.4019,358.3020
409.1274,371.8593,372.8918,383.0034,375.3474,377.8941
369.8841,386.4163,379.2262,393.6093,387.1843,382.3918
380.3548,385.1373,393.9963,389.9537,391.1741,383.4059
396.7321,392.6154,399.5303,394.0432,392.6541,388.3591
385.8462,393.7238,384.0165,380.6136,374.2145,393.6076
355.9995,389.2712,390.0486,385.8630,384.3858,387.2131
351.6659,330.7066,337.1816,332.0403,336.6779,325.0137
328.7313,357.9259,351.4358,348.6364,350.1970,357.7201
388.6880,401.9494,399.7346,409.0317,409.2412,408.5789
352.1768,370.6456,363.6584,362.7741,376.0100,366.1704
321.4880,319.8167,329.5714,313.4671,331.0934,329.8626
345.3854,363.8860,354.1779,356.6347,361.4587,357.1678
439.9698,431.0646,438.2141,438.4990,432.5862,438.6993
370.3512,388.9507,387.3821,386.9178,386.5281,393.0040
351.3090,355.6183,360.6540,362.5240,359.3778,367.8699
419.2632,392.5198,392.0292,395.7324,392.7395,395.1445
369.6378,346.7412,339.1767,361.4642,343.7046,343.3167
354.0836,356.2485,361.4637,363.7369,349.2058,357.8035
375.2319,378.3757,374.5845,369.5469,373.5258,375.1384
342.1743,330.2230,324.1530,328.4646,330.0116,338.2318
409.8254,406.0818,413.4598,415.6425,408.1775,420.4479
382.1905,391.9373,393.1607,391.1195,388.6559,394.6218
400.1464,379.8195,385.1226,384.6140,378.0020,381.7986
358.7086,368.6904,350.1664,355.9530,356.4059,364.6940
417.5394,400.5153,414.1318,400.5085,398.4737,403.0598
370.6486,372.3846,369.3891,366.0102,377.0786,369.9811
375.1031,386.4799,385.7895,388.2141,374.5388,382.9574
346.5014,361.7838,358.0240,374.7079,367.7586,369.6993
425.9951,417.7873,424.1027,424.9968,425.9948,424.6937
401.4551,398.5612,393.7586,401.8746,401.8878,397.3334
394.4825,389.3663,389.1797,389.6213,402.6196,387.4452
363.9611,360.2713,354.7330,349.5709,346.5283,355.7938
372.1108,359.2611,366.2611,371.8798,363.3357,371.6640
343.0085,367.6510,363.6348,370.8391,362.2863,378.6190
381.3823,368.7108,377.7715,376.8113,382.5990,373.0265
398.5884,393.5830,385.6021,389.9032,394.8724,378.4093
331.1430,362.9736,363.4958,355.6303,367.7825,365.8366
356.6099,386.1085,388.3473,387.1702,392.0895,380.8113
353.5606,401.3192,397.4722,406.2047,398.0182,407.3185
368.5578,383.7006,391.4279,383.4306,385.5206,382.6732
349.3765,346.6910,353.0531,342.6190,343.7553,351.6161
346.6797,354.0587,362.6349,363.2234,354.0250,361.4388
390.0347,393.2718,406.5267,400.7350,405.6154,397.0313
347.9348,369.4477,360.3730,376.8804,362.6971,364.8669
377.0748,369.2080,368.1682,357.2462,360.1169,360.9529
393.0699,400.6108,383.6583,402.3696,407.6437,405.1292
370.6218,370.8647,365.2676,372.4674,365.7625,364.7918
356.2668,359.9412,350.6281,349.5965,356.1219,347.3712
364.0729,380.0595,368.9725,373.9297,374.0918,372.6874
430.5183,426.4353,423.6388,414.2510,412.0533,421.3582
371.6904,367.9968,365.4397,357.4828,364.7083,360.1035
403.9928,402.3347,410.0323,393.2105,401.4414,402.4032
397.9207,394.5294,413.9570,406.0077,413.7489,412.6658
369.5668,381.2147,375.2249,375.7751,367.1366,372.9862
357.6971,376.1748,369.9707,373.9613,370.4619,366.6906
400.7616,421.6826,411.2509,407.1873,403.8928,405.2247
382.5606,415.5797,411.3712,416.2390,410.9816,416.4388
414.1059,409.6827,414.5627,405.3451,407.0475,409.7459
401.0049,387.7779,383.0496,390.4817,392.0421,389.8763
416.0391,399.0250,408.0190,408.9095,411.7071,406.1611
330.0968,295.6803,296.3732,297.8232,294.5522,301.1854
302.6085,291.9289,287.1595,297.8124,296.7609,293.3256
381.7703,363.9726,368.5072,372.0557,368.6154,371.6451
416.9465,393.8708,399.5863,408.2342,387.5209,390.6372
362.7546,375.6319,365.7482,371.6533,371.8351,377.2030
361.5794,352.7989,359.0510,365.5320,358.0856,362.7517
364.7595,349.6558,352.9486,352.9893,353.7596,355.7349
408.5467,402.7130,398.5175,394.3122,392.2613,388.9508
356.1417,350.9160,356.5502,354.0243,360.4664,357.5797
383.2662,392.5311,390.5609,392.0073,393.1801,387.3674
335.5098,348.9495,356.0206,343.3894,344.5259,340.5728
349.4221,327.8564,328.3378,330.4004,338.6056,330.1976
341.0216,345.6827,352.0887,347.1791,356.3361,355.7628
374.3490,379.1805,373.6599,367.6684,370.1242,371.7030
367.8904,351.7153,347.4893,348.1118,348.8411,360.6724
441.8220,463.4956,454.5646,456.2006,461.7882,451.7011
348.0794,361.5387,364.7435,373.3662,372.4547,361.4023
397.6377,398.4075,399.1427,398.5392,393.7598,400.2109
402.1228,389.4466,391.7155,398.4369,397.8382,392.6427
330.3257,334.3047,331.8999,330.2250,325.4187,336.8858
439.0482,416.8739,420.9465,400.6641,391.2186,410.2086
368.6789,371.5666,361.0527,372.4238,365.1735,365.5390
352.1747,360.5017,371.1896,366.7667,378.5446,371.3714
391.0942,392.1765,396.3636,394.6639,402.4334,397.6669
400.8726,386.7189,381.8806,384.7820,386.3253,384.2353
381.4496,374.1594,366.9598,374.1542,373.6673,363.9578
386.0433,366.9968,369.4655,387.0781,370.9201,382.5164
364.8823,370.7318,365.7861,368.2831,370.5948,362.7792
385.1497,366.3614,358.4597,370.9306,356.6927,367.2991
323.5838,347.0673,328.3337,328.2300,334.6318,325.3099
414.4329,392.3644,402.2103,395.9659,396.4727,386.9956
414.6812,403.3818,404.6882,403.3914,403.6977,398.4313
445.5603,423.4633,417.0551,429.3977,416.5083,421.0612
419.3139,391.3593,396.9316,399.0259,398.1400,405.4847
415.5726,413.5840,415.4427,416.0904,413.9681,413.1837
344.6028,353.8221,352.6743,351.8025,355.9858,350.5035
418.8057,391.6475,397.7655,385.9407,385.3820,387.5187
417.3104,400.0109,411.0038,409.2626,404.1743,410.7578
417.0309,403.0241,420.3178,416.2194,412.3401,420.4536
368.6494,344.3794,346.0251,349.7799,341.0271,340.7197
319.4526,337.6968,343.2908,333.8691,336.2181,334.2833
329.3836,346.6316,354.2201,361.1605,352.5420,358.6020
405.3678,377.8158,392.4738,387.3316,395.0932,391.9284
379.3981,374.8828,381.0592,384.1059,385.8801,378.2026
372.1625,369.9279,369.1226,364.8587,372.1882,363.5351
358.5932,357.0741,360.8942,362.7599,363.1988,362.2891
421.5785,395.3630,406.8727,399.8032,405.8304,405.1483
357.1965,368.3155,389.4000,382.6012,380.4845,368.8741
360.9394,370.8250,377.5016,377.6416,382.6533,377.3302
366.9256,367.4806,372.3246,366.4407,374.8500,367.1135
414.5635,416.8014,416.8492,418.9623,419.9886,426.4305
330.3536,353.9948,348.9444,343.1143,345.5903,343.3781
358.3448,362.3424,350.9903,363.3951,350.5021,357.0327
425.5809,409.6212,405.4727,398.4250,412.2802,409.3748
336.1066,336.2697,342.0857,331.3583,347.2200,340.1876
389.5320,423.2269,430.1657,421.3243,416.4590,429.8284
374.7240,364.8335,377.1367,369.4119,373.1977,369.8784
410.8164,382.4005,376.1940,390.7182,385.1714,388.7935
415.3490,422.7803,411.6176,417.7076,420.1139,433.0199
362.1718,354.5517,360.5887,356.8256,364.9820,360.4897
419.8855,403.6179,401.8026,415.2481,405.1278,412.2273
327.4847,337.6699,341.3643,341.8278,343.5625,333.5966
395.5327,390.6789,376.6031,384.5864,382.1485,379.4658
366.3296,381.5562,375.8578,368.3186,381.9071,372.7295
422.7920,409.8969,410.0610,411.5600,422.0024,418.0784
418.8101,416.2074,413.6445,423.3776,422.0411,424.5557
342.8511,350.7749,359.0932,350.9939,351.2144,349.7299
326.6705,325.8952,329.0003,317.1845,332.8357,329.4980
407.2908,424.4950,416.2543,415.3026,418.6692,428.4838
370.2731,362.7977,365.7492,359.5812,360.4528,366.4560
364.2463,380.4238,387.0929,380.6965,395.3787,391.5948
377.0737,373.2260,387.6128,387.4261,378.3375,373.8703
407.1403,376.9553,395.0731,383.4067,385.7845,380.4083
373.8257,387.0459,383.6939,390.8051,391.4169,394.0526
318.2760,325.6104,325.1457,317.1966,328.7755,331.9082
388.6344,403.8845,393.4113,398.9577,391.1788,389.9499
392.7634,374.0145,387.0828,380.8560,381.9010,377.9575
356.8327,373.7674,362.3604,365.7476,381.2540,370.1437
405.2113,392.1422,402.0653,395.0235,398.4518,390.8600
442.9603,435.2727,437.9914,445.4951,436.9842,449.4410
401.3277,408.6484,398.4063,396.5812,396.5222,401.8100
368.5741,372.6923,370.4755,369.4429,369.0273,367.3752
311.2651,298.4647,304.2181,291.6812,300.4827,294.9442
376.2561,392.2844,392.9329,395.8156,396.2441,392.8407
288.4106,292.8996,289.0894,294.4734,293.3340,288.8141
342.4107,404.7825,406.1647,401.1053,402.6037,405.1233
416.5739,417.3089,422.7745,416.9322,425.4998,416.3368
453.2805,406.7191,425.0182,416.6393,412.2529,405.6461
393.7869,398.0010,408.6533,408.4324,405.7943,398.5391
359.9006,361.5859,355.1841,363.3625,353.1618,352.1381
330.9772,352.8782,356.8930,356.6147,347.2015,351.7113
384.8565,378.0054,383.7840,382.1767,370.0784,382.3417
410.9410,424.5374,410.9250,411.7688,415.2968,424.0927
363.2453,354.4414,364.5403,355.1744,354.1038,359.2602
331.3905,340.4458,345.1557,337.9306,345.3883,340.2477
427.9904,403.4957,411.9523,405.9178,403.1435,403.2799
334.3889,332.1857,349.4760,341.6742,344.2372,347.6721
415.0464,408.3604,405.6294,401.3611,399.2697,406.3184
467.0007,435.0155,423.4124,431.8356,422.0771,419.6551
382.1695,372.1169,366.0591,366.3711,371.2470,366.1415
383.5483,379.5868,389.8026,391.3269,388.7767,387.4894
354.6595,347.3407,352.8051,341.6749,350.2318,335.6447
382.0247,405.5619,400.1170,402.0944,401.0374,410.5614
341.7607,319.7895,321.8940,329.9371,319.6478,330.3831
353.4161,351.4001,344.8177,363.6801,343.2113,365.7863
340.9685,322.4077,322.7594,330.0328,323.1361,330.5107
402.9082,398.4464,395.0642,398.0178,391.7578,392.8182
396.2703,406.4529,429.4945,418.9218,410.9997,412.4948
413.2312,419.8812,421.9402,420.7559,419.3552,417.1921
