true,pred1,pred2,pred3,pred4,pred5
365.8869,398.6493,396.8448,397.0440,398.2880,397.6457
304.9546,312.6724,308.9122,308.1326,303.5426,314.9227
361.4368,381.8994,378.3265,380.5164,377.6873,379.7704
360.1403,367.4955,368.9383,369.6999,369.9893,368.5416
334.8007,346.9217,350.0857,349.6200,347.0426,348.6029
440.2627,414.7896,413.8725,409.3852,410.5048,418.5653
328.3493,327.4601,329.1000,326.9813,325.9444,325.6975
366.2561,374.8603,377.2850,376.8328,373.8019,376.6099
357.4685,390.7414,394.0962,390.7150,389.0332,392.0596
353.0170,353.1572,354.2954,356.7077,356.3895,355.3771
381.8796,363.3757,369.2762,368.3347,365.6137,370.0193
359.5296,365.4954,369.3243,365.9146,364.5187,366.1086
355.4878,366.8512,365.0320,364.3770,362.5795,361.7154
374.8454,359.3591,358.5152,358.5267,354.1813,363.0846
365.0687,380.4922,381.8739,381.0012,379.6752,379.5678
363.4244,347.6360,346.5714,341.5764,344.7424,345.5031
347.2417,349.9538,352.0321,352.6739,350.9982,350.0923
355.1904,374.8878,372.7644,373.5420,373.4553,377.0394
368.0445,366.4636,364.3370,365.7703,363.5744,367.3271
375.3332,392.1372,395.4869,394.6036,391.9200,394.8887
396.7330,392.8242,393.7292,394.0364,388.9963,390.1172
363.8777,358.4204,360.1777,364.9296,360.7309,363.0817
374.4044,382.4143,383.4257,383.7901,381.9982,382.8309
389.3313,378.0915,375.3900,379.5888,374.5121,379.0411
349.9657,377.7499,378.8426,378.3170,377.0509,379.5029
424.3187,392.1209,393.4190,389.7639,391.7482,389.5321
315.8220,355.2037,358.9986,360.5313,358.3403,355.9684
412.7356,394.1702,397.6677,394.3481,392.4711,393.6164
388.4928,369.0916,370.7573,369.1510,371.4950,369.6605
352.4738,381.6520,385.9823,383.9126,383.2272,381.4607
413.2829,390.9590,387.4750,385.0157,390.3736,386.4432
397.2378,364.3254,364.5254,366.0250,364.9218,366.8122
400.5688,408.1168,408.3996,406.5237,403.9531,407.1717
355.3838,371.7089,371.8376,369.9452,372.6185,370.2542
405.8914,403.1683,403.1722,402.4979,402.8476,398.0442
403.2814,376.5402,379.1312,375.5225,378.5193,376.3002
399.4342,407.1998,408.4241,410.5986,408.7146,408.3024
387.8970,377.2798,377.2698,378.0513,377.1135,374.1256
390.1959,406.5125,406.0261,408.3424,410.4619,406.2311
361.7298,376.1705,372.4392,376.2660,370.6990,375.3393
343.0489,341.9207,337.4745,341.5716,341.3888,339.3545
353.5444,355.2996,357.4199,358.6305,358.6591,360.3829
320.6480,330.1563,330.6913,327.6044,333.8243,330.3207
420.4463,412.4666,412.5520,412.2431,411.8913,412.1903
399.9127,409.5908,402.3165,406.3937,412.1887,404.2201
398.1201,381.4158,384.2060,381.4584,379.4402,380.3096
377.7695,397.7860,395.8224,392.5423,394.7168,399.3215
375.2797,360.0287,356.5416,355.3896,354.8862,357.0592
385.9886,360.2176,359.2319,360.5389,359.7653,362.9523
395.2118,397.9687,395.2610,398.2637,397.3654,397.8174
362.2159,367.1884,363.8366,363.2679,366.1064,368.5353
378.6614,404.2508,404.7896,400.6318,401.3499,399.6243
403.7501,397.0581,396.3761,399.1511,394.3267,396.3599
374.8107,370.2424,370.4216,372.6444,367.6044,369.0137
346.5289,346.0514,343.3070,344.0276,343.5763,342.1734
382.5116,387.4457,388.7830,387.7475,389.0496,389.3869
464.9492,398.4217,399.2100,397.5127,397.7135,396.3443
366.4073,374.2351,372.9549,374.9423,374.3959,374.4945
347.0274,356.3237,360.4610,358.2769,361.5962,359.6592
303.9433,345.3529,346.0853,344.2761,341.4601,343.8413
304.1231,330.6199,326.9741,335.2957,331.9495,326.9933
355.8657,348.5632,348.5056,352.3086,346.7547,344.4094
380.3600,377.9456,378.7323,377.6431,378.0391,380.6719
385.2401,393.1274,397.2555,394.7612,392.5752,393.3102
345.8794,374.4729,373.3530,375.2655,379.0528,376.4091
389.3929,379.9850,376.9260,377.5599,375.3625,379.7284
367.4385,377.4681,379.2232,380.7683,378.3657,379.4665
348.1308,364.1090,361.1481,362.1859,361.6127,362.7393
457.0824,438.0291,435.1558,432.8857,440.3818,429.8319
384.0455,387.2484,386.1057,385.4936,389.3583,387.8619
376.7895,365.5835,363.2275,364.4326,363.6791,363.4909
429.2498,444.6147,444.5771,443.6933,444.1170,435.1814
424.9001,403.5455,405.4623,401.6874,405.8427,407.4455
361.0049,352.2478,351.1397,350.9692,350.0793,350.5611
349.5228,337.4393,338.9424,337.8452,336.8608,337.7320
354.5451,357.2850,359.3240,354.6583,358.3712,358.2776
407.0773,414.9987,412.1917,415.2967,416.3616,415.3297
412.2755,382.7491,383.6919,378.9077,380.9506,377.4479
318.1252,334.6554,336.5602,335.0081,336.9482,333.9924
401.4236,384.3473,380.5236,381.4821,380.4071,385.2619
375.6948,372.0404,374.1097,373.6675,369.6680,373.4512
361.4283,359.2942,362.8692,366.9938,364.7630,363.1978
378.8628,400.4930,398.2915,395.0396,396.4937,403.0242
328.7551,331.7881,333.3597,335.8401,334.3689,330.9658
370.7069,358.8688,361.0565,358.8028,356.7790,358.1370
369.0240,363.5388,363.2775,364.1199,360.7854,358.4523
418.0223,388.4036,388.1804,387.3319,389.6615,390.3116
364.7038,363.4305,365.0415,362.9101,364.2078,365.1690
284.6487,299.0952,295.0591,294.1277,299.3291,293.7647
373.2122,362.0762,361.4295,363.1976,362.2958,362.3098
372.8172,376.1590,376.4156,373.3345,375.0334,372.7997
339.0893,330.1476,329.6323,331.6558,331.4396,330.0645
314.0930,324.5471,327.1067,326.8336,323.4602,327.0461
404.0524,399.3615,404.2438,401.9224,400.4625,402.1686
391.8366,379.8261,381.1652,376.2590,377.9472,377.5713
434.2352,419.0125,415.3250,422.1585,418.3131,419.0312
402.6675,395.4222,394.7285,399.1021,397.6043,398.4414
323.7092,317.8865,321.9741,320.9643,320.5884,322.1474
341.4188,364.4515,363.6681,363.4050,363.9591,361.3769
359.5291,377.8148,382.8828,380.9132,380.4058,379.9201
405.2156,407.7313,409.6385,409.2661,410.1020,409.4084
349.4491,346.9513,348.9312,346.9219,348.6534,344.7236
357.5126,349.9495,351.1468,352.7570,354.3054,351.8195
357.9363,349.5879,344.9760,348.1206,346.5758,345.9671
358.2825,365.5327,369.0322,366.6083,365.6695,371.2588
425.6635,403.1116,406.6184,409.2459,405.9476,407.9762
357.8849,345.6708,348.5483,346.3889,344.6128,345.7666
346.5661,362.1850,366.5364,365.6447,365.6534,364.3064
378.7821,366.0483,364.1819,365.3995,367.1574,366.9109
345.3776,352.5891,353.8698,354.2099,351.0775,352.3339
361.6039,358.2422,359.0176,357.5650,360.8812,357.6029
422.5579,408.8651,405.5618,405.9626,406.2866,402.0660
353.3279,373.9217,371.6415,371.0598,374.0022,371.3484
360.8554,359.6257,363.3364,358.9616,361.0562,362.6167
364.3870,356.8438,352.9889,356.1530,355.8436,356.1469
320.5901,323.0729,317.8331,320.9589,321.1137,322.7850
348.6086,377.3748,375.7306,377.6783,373.9521,374.3506
355.3059,356.6082,351.9415,354.6398,353.4543,353.2552
335.0648,312.1995,313.2562,313.5018,312.6548,316.3294
347.3893,361.5595,361.8804,362.7632,361.7325,363.7338
403.8575,401.0372,406.1898,401.5079,409.4449,404.4526
362.5101,356.6348,361.4353,362.3877,359.3760,362.0553
355.4041,354.9252,355.6289,353.8849,359.5431,354.7889
382.7211,381.7714,383.1842,380.5519,383.7233,382.1891
359.3783,370.6012,368.7486,367.8824,367.6541,371.4015
325.5642,340.5647,341.2554,342.8454,340.1505,343.3215
365.5638,365.8204,367.6853,368.1970,365.7846,367.7987
337.3747,334.0751,336.0475,336.0421,330.9511,333.0713
322.8951,352.6324,353.2818,355.6705,350.4699,353.7428
371.9296,370.5781,366.9509,371.5543,368.1438,370.9652
425.3818,405.2172,405.6935,405.4343,408.6349,404.3338
413.1340,401.6972,398.3719,401.3561,399.6743,398.2213
357.1761,343.8392,347.7952,347.8495,345.6965,346.7301
384.8420,385.6550,386.1006,385.1290,389.3173,384.2587
352.1765,362.5266,359.6195,364.8814,359.9646,362.2555
415.8567,405.9301,407.0296,407.1900,407.6241,407.0432
378.3047,368.7718,364.7883,368.5576,364.2148,364.6030
359.0278,370.2542,371.6712,373.2632,372.7881,374.8414
392.6890,397.5967,400.2001,396.3327,397.6601,398.0182
366.2897,398.1896,399.5336,396.2669,393.7060,393.4031
451.0723,431.1817,433.0654,434.7392,435.3335,437.6210
333.9749,332.4475,334.6829,340.6156,334.5269,332.4356
378.9802,388.7579,386.4722,386.3198,384.5968,382.7385
387.2476,400.1965,402.9313,399.2862,401.7432,398.7817
329.6472,351.9323,348.4245,350.8217,349.1314,346.0903
412.7570,387.9912,392.8677,388.8452,391.0177,390.6147
338.5426,368.6366,369.8752,368.7879,367.5036,363.9869
327.1659,364.8746,368.0658,364.4529,364.3274,371.8078
361.4134,352.7786,350.4662,351.4236,350.6274,353.2919
417.2831,387.7800,392.3691,387.9160,388.2869,388.4959
326.7397,333.4480,333.1186,335.0365,334.2764,334.8335
381.3500,393.7879,394.8068,391.9948,394.3382,391.1966
349.1378,365.1957,366.3684,366.0139,369.0274,370.4513
374.8020,356.9735,354.7916,351.5621,349.8880,351.0576
364.7476,372.7214,366.8127,369.6907,368.5105,368.8839
400.5425,388.4585,392.2616,388.1101,389.8359,389.1120
362.3399,363.7148,364.7160,358.9899,359.8482,357.4860
307.7736,320.1959,324.7847,321.5098,321.9230,320.6561
345.3514,346.6529,348.7393,352.0932,347.2464,350.4719
384.9469,367.5736,369.6931,371.5227,367.6991,368.8328
372.9104,364.0491,366.3097,366.8518,366.8542,366.0344
424.8430,400.6024,401.5503,401.5231,398.6451,397.6724
358.9048,395.8836,393.6568,393.5946,393.9516,394.8659
382.0342,368.8884,365.6910,367.4084,369.8138,367.8335
410.2156,373.3946,370.4823,375.5409,374.6767,376.2091
389.8250,384.7909,387.6987,388.3767,387.0206,387.8129
384.4678,389.2355,390.3592,388.2002,388.9546,388.8789
370.4893,380.2286,386.1802,383.0440,378.2978,382.1295
329.3868,353.8100,351.9124,352.3585,352.6188,352.4900
338.8836,358.0569,361.5177,360.3451,363.1686,363.2754
354.6228,365.2593,365.5445,363.8200,364.8087,367.1160
381.6585,363.1486,360.4956,363.8074,359.9710,360.9926
364.0704,368.1774,363.5325,364.0990,361.8878,367.0891
385.9146,390.4679,390.1860,389.3134,393.4331,392.5369
362.5056,359.8149,358.9145,361.3718,360.9832,362.1058
362.0886,353.2200,356.4390,354.3423,354.0074,356.0999
301.5669,328.3549,330.1575,332.2882,333.0318,329.8184
343.9311,336.4280,334.1490,336.3777,333.4418,336.0512
409.2632,384.9520,387.5114,384.5309,382.0939,385.4431
387.1096,382.8944,378.9465,382.1596,378.6767,381.3542
364.4320,354.9409,351.1114,352.7167,353.8665,358.5009
390.9021,370.4595,370.7833,372.3180,371.0282,372.4228
375.1960,364.7955,366.5883,367.3075,366.6947,370.0792
366.4759,377.0927,375.8272,372.6650,373.7691,375.9636
391.8535,396.9227,395.9869,397.4617,395.5970,395.6685
375.4025,375.6018,375.5541,375.6554,374.5561,377.9596
365.5553,381.3816,380.2857,384.2637,382.3334,383.5949
345.9357,341.0092,343.5786,342.2696,338.5514,341.6167
364.8823,374.5344,377.5224,373.6393,377.0868,375.7120
394.2209,411.6943,419.3851,416.9656,416.0552,414.8692
339.9549,364.6685,367.6010,366.3360,365.9895,370.3281
356.8762,365.7501,367.0632,367.2229,369.8635,367.5108
352.6619,367.5956,367.5489,368.3920,370.3198,369.7572
403.8356,378.2152,383.0478,379.6392,377.5511,379.9066
371.2714,373.0771,370.3446,367.8378,370.7262,371.2421
324.2331,351.5633,356.7216,355.2269,352.8628,355.6008
371.5664,370.5489,370.0124,371.7517,369.9710,370.4817
375.8040,384.8845,385.3510,383.3349,382.4063,381.0760
419.2188,416.0000,416.8247,418.6693,417.9151,414.0623
399.7086,390.1620,389.0242,389.6063,390.0846,387.2754
336.1636,341.4724,350.2495,345.1293,343.3430,344.1338
351.8301,347.4774,344.9902,346.1341,344.7432,341.9913
345.3129,352.0393,355.6472,349.4876,356.6238,349.7376
370.4522,379.6777,383.0359,380.5780,381.1383,381.4700
326.2016,354.9390,354.6960,353.9556,355.4749,354.3667
373.1503,386.4555,387.4685,387.5741,389.9600,387.9933
336.6978,363.4057,363.8735,359.3366,360.9692,367.2909
383.9481,358.2807,359.4506,355.8963,354.6449,356.7297
425.9159,417.0476,420.2006,416.8234,414.3979,411.0550
374.6071,401.9957,402.5528,404.2750,402.3520,407.0540
363.4223,372.9741,374.2767,375.9266,374.7136,376.3497
387.9665,413.2517,413.6330,414.9551,413.9488,414.0380
317.7579,341.3277,342.5176,346.8288,345.0020,343.2359
413.7970,416.9380,415.8518,415.1655,412.6455,411.6617
377.1683,371.5637,366.2063,372.3083,371.4980,371.0406
429.6471,396.3825,394.8491,398.1192,397.1497,393.6917
338.3951,354.1227,349.5206,353.3060,353.0094,354.3906
402.9571,400.1155,399.2344,398.0889,398.0927,400.8192
389.5283,378.0141,378.5396,375.9897,378.0829,377.9298
385.0651,359.3486,364.6691,361.4627,359.6763,359.3539
415.4007,428.8102,427.7469,427.0375,427.7363,421.9008
384.9950,379.3718,380.0930,380.2008,377.4928,378.8562
393.7680,391.2723,399.0380,391.0167,393.1884,394.9636
390.9168,405.5736,405.6336,405.6526,404.0689,402.1566
408.2911,367.2055,366.5451,365.1038,366.3640,366.6770
373.1846,385.6990,387.9764,386.0157,384.7484,387.5793
365.3988,351.6395,348.5327,347.6100,347.1007,349.9946
382.4508,393.9188,393.0085,396.7772,392.7084,392.6089
403.7451,386.0876,387.7909,384.8911,385.1114,390.8262
344.8750,349.1594,346.4100,346.8022,347.5159,345.6175
349.1747,380.0170,379.6631,376.7601,374.8358,378.9054
404.9376,386.6762,385.2678,382.4550,384.2401,381.2195
414.5835,388.6405,392.2125,390.3801,390.8910,386.9473
418.0542,395.5595,394.5131,394.7536,394.7252,394.7474
365.7415,389.0957,389.6492,388.5909,387.8916,385.4763
369.0511,375.1164,372.6246,374.8925,373.8596,376.0558
334.7041,343.2297,341.2958,344.4395,340.9788,340.2664
399.1427,396.9907,393.6743,395.1292,396.2821,397.3446
407.6526,424.8102,425.6286,429.0689,429.8613,425.1328
387.5333,380.0049,377.6184,382.5796,379.1599,379.2589
379.1042,378.5473,378.0293,380.2322,379.6939,381.5730
427.7039,389.0948,385.9272,390.3238,388.3514,392.1558
321.4124,328.6036,330.7682,328.8576,325.9701,326.3933
424.5541,413.8955,413.3083,412.1822,416.3490,413.6533
323.7962,352.4473,352.9172,355.3397,354.1776,355.9256
361.3990,374.1868,380.3204,375.6516,376.7623,375.1290
354.2566,366.6473,363.8767,365.2239,364.9559,366.6356
406.3896,404.5996,403.0172,402.0140,402.9793,401.7326
333.7121,348.0168,347.7813,350.3509,353.0551,351.4656
400.6855,405.4286,400.8815,403.6577,401.5973,398.7682
393.6313,397.8860,402.5601,401.4331,398.6767,401.3084
412.1054,398.6359,399.1284,399.1099,393.8202,400.5463
396.1976,380.5498,380.5853,381.0237,382.0790,380.7850
382.6242,408.1370,408.4486,407.0931,404.4979,405.6736
408.0822,374.1812,379.0234,377.4590,376.2901,375.3042
368.7559,360.9267,361.2779,362.0898,361.5372,361.4217
350.8588,360.5554,361.2547,359.7871,361.6156,365.4845
404.0605,389.7586,388.8165,388.6434,389.7201,390.2324
396.0917,386.1445,381.9313,385.3415,388.3719,385.7429
343.2159,363.3037,365.2788,365.3016,363.0852,366.4512
351.0901,371.8512,368.0955,370.1388,371.2144,369.4517
305.0436,315.0247,315.8849,317.8768,314.1267,316.2056
384.0977,366.9571,366.6575,366.5481,367.6183,365.1943
365.4428,353.1140,352.6005,354.9265,356.2538,353.6348
411.8357,403.5328,400.3003,399.9708,398.6410,401.1394
370.9799,330.0228,335.8829,335.1728,332.8628,333.4565
367.6002,383.2052,379.9404,379.2374,377.0458,382.6996
388.7115,373.3036,374.4659,374.3516,373.5497,371.0180
373.7783,380.0982,382.7383,378.4989,379.4857,379.7098
380.0109,377.7905,379.3325,376.9300,378.3619,379.0446
376.0379,368.9735,372.2377,373.2547,370.9229,371.6903
351.9006,350.0631,347.5939,349.5134,345.2823,347.8508
405.3966,393.1186,390.4919,395.1880,393.0435,393.1642
397.5981,400.4698,404.2367,406.3108,399.6653,400.3986
452.3468,401.6725,403.6533,404.9129,405.1616,403.8843
368.8198,372.2917,369.2190,369.1123,368.3371,370.0299
423.6574,390.8158,394.9567,388.4763,387.8986,390.6627
390.8492,392.1861,391.8915,389.6909,392.0498,391.5980
341.9593,338.0727,340.7198,340.2157,337.5343,338.0811
399.1775,380.9283,384.4325,382.6268,381.3314,385.7455
370.8759,342.9036,347.6358,346.7164,347.6120,344.9370
406.5178,406.0285,405.9882,404.7003,407.9000,404.7134
384.6660,357.0522,364.5905,359.3386,361.2058,364.0153
341.9203,364.4098,362.7346,361.5394,362.4492,363.1636
376.8961,386.4229,387.9690,388.1715,385.1796,385.0064
386.4172,374.4311,368.0293,369.8678,366.6402,371.3146
382.6672,382.7643,386.8603,384.1292,383.3180,384.7300
444.0641,392.1191,392.3850,392.0221,391.5327,389.9041
385.9106,379.2060,378.9004,375.2007,375.2110,376.6389
389.6926,388.6942,389.2788,389.4097,385.3882,395.9267
406.8261,387.0116,382.3257,381.5340,380.3052,380.1729
348.2347,390.1707,389.8529,390.6318,388.8045,392.7972
344.9959,323.2737,326.7802,325.2231,325.0508,328.7183
335.9935,360.6877,362.5424,362.8260,358.1962,360.2463
417.0582,389.7551,387.8643,394.0195,388.9950,386.1017
439.2402,421.7098,416.2496,423.4453,421.3341,420.7300
409.5665,389.8753,391.7047,394.6202,395.8410,390.1351
375.6293,371.7298,371.9388,370.5362,370.3868,370.5123
415.0702,382.6174,383.8157,385.5096,383.4411,384.4925
362.7017,395.6946,398.1809,392.0085,397.4043,399.9779
347.5249,339.4559,339.3436,340.3773,338.8114,338.1885
366.8278,356.7915,355.2013,355.1809,353.5924,355.7085
445.5325,418.2099,408.5075,416.4029,417.9580,411.8010
404.7265,392.2501,393.2710,391.4531,392.1169,390.2206
382.7591,391.7705,389.2206,389.6834,391.1816,393.4768
358.2732,350.4353,350.0440,349.4453,349.4103,353.9310
364.2971,361.3210,362.9816,362.7438,362.6191,363.2040
367.0015,380.2109,385.1337,385.0648,384.2699,384.3948
351.6888,358.9042,358.0294,359.0320,359.3212,359.3648
372.9944,366.0693,364.7605,367.1213,366.4829,366.4990
346.0661,348.5558,349.1481,345.8952,346.0288,348.5192
406.8812,418.9180,418.1282,418.1041,418.5879,420.7868
409.0624,396.6851,395.4936,398.3726,390.5112,392.9043
362.6234,360.2536,358.5080,357.9995,360.8942,359.7507
420.9360,398.3800,399.2027,401.6854,401.3631,400.8158
346.0428,345.2497,347.9669,346.3188,341.9263,344.2687
346.9768,384.0367,383.2427,379.4313,379.0377,380.7449
388.5659,363.8723,362.4062,365.7699,366.7613,364.0449
386.8348,387.5258,388.7795,386.1805,391.2735,384.7441
351.3013,372.4107,370.8767,373.0344,375.0541,371.1528
365.3049,374.0286,376.0173,371.7031,370.4588,372.2260
359.8166,363.8477,364.2678,365.7771,365.0109,366.7057
409.4993,398.3947,398.9356,400.1554,400.4909,400.5305
373.8365,361.5223,361.4510,363.1921,363.2430,357.5468
368.5117,357.7630,357.4960,358.7392,357.5755,357.6665
393.6119,377.9577,380.4895,378.9635,378.6350,375.5732
368.4081,375.7373,372.5318,374.7425,373.0648,374.4184
325.7841,324.5582,323.4218,320.7614,324.8527,323.8175
376.8631,394.4191,395.4166,397.1476,397.7296,395.7922
385.5976,375.7590,371.8178,374.2314,374.4855,376.7152
398.8112,390.7740,394.0632,390.5407,392.8132,388.5799
408.1053,391.7883,392.7637,393.9568,395.7053,392.1078
326.5472,339.1492,336.9178,338.7321,339.8982,341.1258
348.1256,337.8664,342.5455,338.8659,336.8044,339.1899
354.8834,378.7266,374.6170,377.2066,375.4216,377.4329
376.2719,389.1189,391.5571,388.1751,388.4339,390.4049
361.7102,388.7243,381.6759,387.4791,386.1908,390.1711
454.5593,419.0547,422.5732,429.0465,426.4863,428.1749
359.1407,380.7863,379.5198,379.8658,379.8745,380.5241
361.5575,361.2053,364.4291,363.4546,365.8142,364.2595
372.2687,395.3468,391.4044,398.3075,393.3791,391.2395
350.8551,364.1247,365.7478,368.9018,366.1406,363.7293
399.6580,395.4573,396.8315,396.2344,391.5896,396.4380
322.1763,336.4085,335.6428,336.7587,335.5869,336.7063
393.9518,387.6761,393.4963,392.3955,389.8670,390.9450
346.6352,364.3991,371.4506,367.6785,371.3047,365.4963
368.9288,363.7085,360.7954,367.8777,361.1954,363.3732
363.7607,369.6371,366.7291,366.0230,370.3206,366.3496
338.6794,333.1311,334.6425,333.1136,332.3072,334.9109
375.5712,393.2130,392.7704,392.2279,396.8611,392.9132
369.3559,372.0495,372.2930,375.5406,371.4246,368.2813
338.0971,340.8850,342.5447,344.7430,344.1792,342.3290
348.2012,349.1192,351.6348,351.6404,349.5838,349.9249
424.1903,408.9991,409.3317,410.0226,409.3819,407.6149
376.8390,391.6794,386.0673,390.9671,390.9772,390.1687
399.9856,388.7408,387.1979,387.1065,385.4182,392.1289
363.2286,351.0243,351.5255,353.2240,351.2268,349.6334
341.8489,327.3320,329.0532,330.2037,326.4417,329.3187
347.0988,366.6467,366.7841,366.7465,366.9383,367.5917
428.4992,399.4141,397.3535,396.0481,397.5768,394.0902
442.4280,411.2455,406.2015,407.0270,407.4549,405.6246
390.9590,371.4899,373.6520,374.7459,372.8784,373.6370
378.6525,384.8303,386.1364,384.4717,383.2819,387.7112
370.4661,363.6983,369.3083,363.9960,365.7179,364.7346
340.7944,359.4881,360.0636,360.1513,360.6609,362.9688
383.3762,392.2450,394.3685,391.0368,390.7981,389.3135
334.9752,361.3624,360.9593,362.2723,357.7275,360.4798
361.9135,401.1782,404.8745,398.6408,400.9921,397.6558
392.5949,362.4125,362.5258,360.1455,359.6768,362.8511
341.8390,348.8847,347.7088,349.3784,349.5260,349.4801
392.2327,389.5519,390.7135,388.1196,389.2252,388.1298
359.3600,360.6530,362.2607,362.3194,362.1051,364.0057
399.7080,388.0136,385.5830,389.2265,391.1584,388.7891
399.2041,396.6383,394.2405,393.7307,396.5750,397.8116
350.7068,351.1547,352.6509,351.3032,353.1896,354.5590
415.8977,411.1653,412.0900,407.6247,405.1848,411.3909
376.1487,383.0033,382.2485,380.7464,383.9668,385.0316
382.1525,370.2755,366.3877,368.7859,372.4526,369.4622
409.3721,380.7293,384.0155,383.2309,384.3303,385.6012
361.2283,364.6367,367.3453,368.7712,367.1926,363.9346
417.9668,394.7780,392.9476,393.0111,395.7757,395.5483
394.9504,396.3509,401.9316,401.8523,398.1268,404.5308
395.6225,405.3412,404.5930,403.2234,408.9131,406.8019
369.0938,359.5546,359.1654,356.7485,355.5451,356.4760
331.3340,365.6923,362.1669,363.6352,364.6927,362.1972
364.0959,374.7553,371.3398,372.0402,373.2837,375.4879
333.7089,369.5201,371.3733,369.8150,369.7169,371.5987
370.5301,382.7115,385.1472,385.4321,385.6876,388.4557
392.0918,402.7496,410.2180,409.3869,407.1007,405.0902
313.0561,334.1257,338.8711,336.4465,332.9414,334.6625
356.1170,357.9501,360.9664,358.4889,361.0549,358.3578
394.5428,376.9770,376.2409,378.3027,379.5004,379.5437
388.8035,370.5878,369.2128,373.5977,370.5496,370.6439
362.9695,376.4062,379.5558,379.0363,379.3835,381.4062
337.6411,365.2001,369.4649,370.2154,368.3131,366.3225
365.1862,367.8472,366.3724,366.7457,365.7998,365.4731
408.9071,402.1714,405.9615,402.1854,405.5631,404.8846
382.1131,372.1984,374.1200,377.8002,378.6854,377.1073
364.4072,335.6521,340.8650,338.3862,340.1804,336.9951
348.0411,369.6831,371.2095,370.4645,369.6213,371.5678
366.7114,348.1229,350.3342,351.8670,346.2671,350.6287
371.6198,392.2422,390.2259,390.9411,389.6942,391.2344
352.6716,357.3236,356.9003,356.2560,357.4404,356.8445
375.6361,380.1449,381.7768,375.9195,384.5070,380.0509
339.2495,334.1112,330.0821,334.3154,335.6592,333.4357
355.8145,350.9461,345.5450,347.7469,351.9835,346.6599
365.3032,350.9869,349.6662,353.3693,351.8216,349.6801
414.3315,400.9161,397.4486,400.3552,401.9300,394.7082
379.2786,361.3196,362.0535,362.1812,360.0211,359.7511
330.8902,325.2479,328.6128,329.4045,326.2927,328.9532
387.6966,384.1042,387.4575,389.6446,387.1644,386.0658
391.2959,409.2766,408.3105,416.5106,407.7238,412.5958
380.8087,371.6239,370.1268,369.8659,373.1620,369.6740
415.7699,392.9641,393.4161,391.0885,390.8748,391.0569
375.8341,382.7285,381.4759,382.0755,385.3674,381.6094
368.1038,378.5995,379.6632,379.4252,381.2816,381.4245
333.5947,355.3332,355.8977,351.6116,355.8271,356.7564
399.3059,400.4547,405.9218,402.1446,402.6657,404.2821
374.0856,371.3608,369.6030,368.9105,370.8037,371.4298
407.4931,383.5125,391.2109,385.6193,386.1738,391.3034
404.1956,372.5806,369.4653,371.4077,373.9883,371.5469
403.6906,410.2668,413.7225,408.9907,410.0727,408.6604
422.8833,408.5245,407.9651,408.1170,410.5170,410.7549
407.0562,397.7905,399.9994,394.6780,397.9232,393.7096
393.6302,379.3554,378.1264,379.9756,379.5144,382.8366
408.8385,407.2460,409.1484,411.5245,408.6064,408.0396
330.3940,328.2795,327.0474,326.2343,325.7701,326.9098
395.8841,382.0306,384.9275,383.2241,380.9168,382.8955
404.8918,409.8963,409.1873,406.9861,409.9627,402.6598
360.0556,376.9152,375.0948,377.0353,376.8580,374.4699
454.8328,429.9688,436.9027,430.5887,432.4543,432.5225
445.8825,434.3744,436.9192,437.2010,438.3905,438.5194
429.4426,397.0895,403.5856,401.8890,402.9327,399.0884
320.4800,338.0575,341.7768,341.6003,340.4630,340.4407
384.3941,385.7680,389.0776,389.7173,386.0175,385.6695
380.0182,360.6687,362.5947,365.1667,363.4820,361.6023
444.1242,398.2052,397.6253,401.3803,398.9860,402.7993
395.6961,412.2784,411.0998,406.5081,409.4442,408.0561
387.7772,390.3511,391.7759,386.5355,388.8723,390.0700
397.4501,379.4904,381.1631,381.6498,380.5270,379.2827
351.7733,333.7301,334.0489,334.8851,336.6347,330.0004
417.3079,390.3700,394.0305,392.2498,394.0628,391.8899
402.5836,389.1002,392.2386,390.0920,385.9921,389.2365
388.0438,370.6846,370.9551,370.7806,369.9451,370.1803
362.2053,356.7524,355.4208,355.7065,353.2428,357.8321
362.3628,389.4344,392.1501,393.0397,394.2191,390.0981
350.0055,345.2983,343.1678,342.3334,342.8613,343.8575
346.0058,368.1123,363.0430,370.5404,366.1819,365.4193
385.1232,385.4801,385.4920,385.0636,384.2362,376.5328
317.4642,326.4774,327.4691,327.0913,327.3934,325.0432
350.6834,364.5104,367.5441,362.9041,360.7021,364.8205
364.4221,371.2778,367.5687,368.8835,368.2087,368.3379
343.8852,359.0144,358.7843,358.2108,356.0611,356.7235
411.8817,396.6971,397.1449,394.1131,395.9635,396.0558
360.9593,386.9705,386.9309,381.7241,384.6417,388.1569
380.1935,389.9006,390.0350,393.7437,390.5685,392.2084
370.4482,400.0570,401.9147,399.4388,400.1787,399.8910
413.3569,402.1125,400.3171,403.0120,401.8279,403.2653
396.8178,385.3176,384.5950,382.0726,382.1505,383.9949
358.4522,363.0978,362.4377,365.3666,361.8137,365.0930
359.0183,369.2249,366.9111,367.4491,367.2703,368.9224
404.0075,405.0864,407.9189,405.2531,408.2626,405.9468
415.9542,404.0001,404.4880,401.6107,403.9918,404.3502
372.0262,384.5146,387.6694,381.5681,383.5409,386.7518
375.9264,369.3204,370.1441,365.8556,368.3113,369.4418
345.8801,344.8221,341.7377,340.1853,340.8344,343.0450
366.0204,370.8364,371.5540,367.7975,370.9991,371.0866
348.7287,366.7102,361.8320,364.1782,365.2908,362.8809
367.2767,350.8174,352.1630,358.8255,355.9941,352.7858
353.2359,346.6551,345.6790,348.2428,347.3353,346.9887
348.6875,377.0463,375.4965,377.6661,374.0285,376.1916
383.2333,357.4369,356.6475,356.9911,354.3333,358.2792
392.0255,383.4316,382.8013,383.9607,384.3003,380.3663
464.8315,422.5735,428.7145,428.1059,425.0084,427.0841
338.0895,360.5315,359.9903,362.5061,360.1425,357.6588
361.2665,357.2017,356.8158,357.1364,357.6153,356.0933
388.2661,391.6985,396.5069,394.6331,392.0322,391.3599
391.6921,378.4945,379.8512,375.4626,376.0038,377.6871
348.7061,355.6095,355.3403,356.7923,355.6371,359.6100
422.9252,401.2555,403.9909,402.8841,403.0636,403.5455
407.4822,404.8491,406.2453,408.3378,407.3141,404.4406
369.5254,367.1891,362.0623,366.8693,363.7824,369.7004
405.2362,395.1680,391.1939,389.0247,389.2143,392.4350
412.3038,408.1665,406.3768,404.0390,407.9459,405.6483
401.2952,382.1672,382.7895,379.7163,380.6518,378.7927
381.8391,374.3836,379.5727,379.6796,374.7744,375.5343
364.5512,370.0174,370.0410,371.2304,372.1509,365.7642
296.6503,333.0845,331.5058,334.0365,335.2549,330.9993
382.1555,378.0555,379.4695,378.4860,380.9652,378.0899
397.6809,399.1612,398.6570,398.5796,398.8331,395.6434
332.5664,345.8773,348.0027,347.0880,349.0903,349.6964
399.7493,374.0114,375.1038,377.0919,374.5799,376.2539
398.6381,396.4287,395.2678,391.7438,393.5049,391.1811
403.7752,389.0191,391.5661,387.9482,385.4572,389.3796
374.0317,377.8211,375.1471,378.9422,372.3042,376.7177
367.6874,353.7776,350.8779,355.3941,351.7373,351.9342
404.2295,408.2307,408.1790,405.3589,407.3464,403.8827
392.7091,373.4452,373.8811,370.3099,372.6518,374.9058
364.4344,357.8346,363.4326,358.2402,358.2684,360.2040
390.7545,365.9776,367.4453,368.3040,363.6289,366.9656
460.5247,403.5003,404.1379,402.2760,403.3984,405.7894
307.5269,349.2469,349.2782,353.7682,348.6658,351.3820
355.1172,357.9432,359.0375,359.6065,359.8862,358.7703
373.3210,382.4536,382.2271,381.2820,382.4412,383.0055
348.9029,386.7402,389.2718,387.2316,388.6342,387.3241
393.6877,393.4902,395.1472,391.6826,393.5628,393.3326
354.5742,354.6036,351.8435,357.5408,353.3806,358.1950
385.4751,379.2287,377.6112,376.0668,375.6920,376.9168
337.6108,330.1176,334.3199,336.7012,338.9745,330.8359
405.8789,385.6992,385.9507,387.3904,386.5395,382.4837
373.8749,380.4369,381.7387,382.9452,381.8524,383.0337
381.8611,379.4124,381.9611,378.1098,381.6839,383.2487
373.4845,386.2473,388.2659,389.0962,388.3347,388.7272
335.3165,378.0132,378.8677,380.0965,379.7789,382.0858
366.3022,375.5648,379.0569,379.6324,376.8230,374.2849
417.5107,412.1469,415.4541,412.5914,413.7573,410.0804
381.9722,388.9521,387.3987,391.9389,386.4170,389.4560
390.2446,387.2717,390.4345,387.0839,389.1714,387.6450
365.0479,391.7089,390.1458,386.5252,399.0575,390.9050
381.2875,387.6120,387.8859,383.1698,391.5446,383.9651
422.5253,380.6924,383.8208,381.9120,384.8368,381.1187
293.2433,298.2782,300.2922,299.2304,297.8847,296.4235
403.5358,412.0594,413.4202,412.5265,413.8954,416.4495
393.4115,389.5691,388.0751,388.4373,389.0300,387.1988
409.5409,403.1554,406.7354,406.8005,407.7653,406.4230
354.4179,344.5860,344.9014,343.1014,345.0188,344.5781
388.2392,364.1364,361.4402,362.2594,367.2036,366.9254
427.6814,400.9695,406.8529,406.5536,413.2988,408.1513
391.0328,406.8896,406.4008,408.9799,407.9647,407.2596
411.3433,386.7960,390.0067,388.8548,386.4129,390.2032
382.2860,402.4070,402.5556,398.0179,400.2302,398.8151
376.7176,371.8688,371.8112,368.9375,368.5944,368.9084
405.4306,390.3499,392.7792,385.9504,389.0868,389.3569
382.3940,397.2634,393.6824,396.0225,397.3486,395.3357
356.2417,358.1273,360.2600,359.1237,358.9745,357.3805
379.4056,374.3651,378.5276,375.6803,373.1194,373.3486
378.3956,366.4942,363.1027,365.0557,360.2458,365.9693
348.4916,374.3328,374.9411,376.1466,374.2851,372.7053
378.8610,383.6208,390.0736,392.6727,387.7372,389.3581
414.6166,396.5320,398.4596,396.0399,392.4630,395.1210
312.2821,326.2206,318.2497,320.9600,321.1181,320.3021
416.0663,408.8195,408.3568,410.4357,412.1483,407.9600
400.2976,377.2764,370.1526,374.2207,372.4591,375.7547
344.7808,362.3446,366.2703,362.1950,361.4804,365.2508
384.5720,395.0846,394.7576,391.4664,389.2943,394.1785
386.8736,391.1882,394.2407,388.0805,389.2218,393.9405
423.0630,396.9191,396.3793,392.1247,397.6071,395.7760
452.0702,428.6201,426.8740,430.4782,433.7105,435.3487
344.1848,355.8532,354.7139,355.2936,354.0782,354.5209
367.7311,393.5317,390.1034,388.9832,388.0183,389.0508
354.2261,371.4523,371.3051,374.1996,373.5553,371.9444
423.9480,394.0866,386.7601,388.0209,389.6289,393.0580
300.4747,334.9454,336.2317,334.7776,335.8952,336.7544
354.6825,326.6710,327.9014,332.2857,327.8838,325.8748
375.9459,380.6666,384.6169,384.6226,381.4168,378.5598
316.0678,309.7971,316.3756,313.2095,310.6649,308.3421
323.6078,326.3748,323.5439,324.2592,323.5799,329.8869
341.3852,344.3104,343.9634,346.9227,351.0338,350.3587
443.0497,402.6963,406.2269,402.1025,405.0443,401.7894
388.9924,394.3055,395.2017,396.5608,394.7752,393.7777
336.4189,340.1090,338.6058,341.9925,343.7160,337.1539
344.0917,359.2916,352.4955,356.7291,352.4447,354.6322
328.2657,324.0188,321.7554,325.0148,321.0183,322.9693
368.8277,388.2833,388.7705,386.2069,387.8596,382.4702
346.1715,345.2696,345.9404,343.7009,343.8452,343.6870
350.1971,366.4473,367.8993,366.2481,367.1798,366.7935
338.2911,334.4392,331.0465,330.5551,331.4722,327.5640
346.5342,357.3029,360.0710,359.0425,357.2281,361.2973
395.7013,387.1897,386.7924,384.5846,384.8464,386.4548
356.0429,349.2657,354.0209,353.2930,352.8085,354.9139
358.5336,370.2118,366.7835,368.4370,367.5817,368.5700
349.6022,347.0282,340.9814,345.1429,343.9510,347.1645
386.6095,386.6383,388.5006,389.8783,386.7180,389.8383
393.6702,356.0256,352.9435,355.1136,353.4225,359.7157
355.6940,368.2588,368.8425,368.9619,367.7157,369.5568
363.8671,387.3409,390.9183,389.1662,390.1045,387.7718
348.5328,370.1204,372.1194,370.5597,370.6541,371.2047
327.2126,321.4570,320.8619,320.7546,319.8888,323.8685
336.8899,342.2192,344.1829,341.3576,340.3948,341.3389
363.4984,373.3228,378.3541,374.8939,377.9213,376.7977
345.2885,380.1309,378.0196,380.1911,378.6413,376.7315
424.8382,392.4317,393.3844,395.1272,392.6166,394.8300
307.4553,315.1698,314.5812,316.6223,316.8920,325.0836
312.4300,344.3003,351.0740,351.7338,351.8504,348.2296
395.7419,403.3580,402.5902,407.1140,405.4106,408.7178
380.1940,372.1906,370.8919,373.5918,370.9862,369.6368
389.9466,376.9286,376.0821,376.9767,379.5594,380.3779
373.7508,378.0928,379.0868,380.1924,378.9451,378.3584
345.0801,349.2776,348.9788,344.8303,348.1160,346.5991
327.9590,356.2636,350.9615,351.4807,350.6930,355.2663
330.2850,315.2485,321.8265,317.6295,316.5814,317.4788
422.7913,398.7501,397.2004,393.2043,395.5001,394.5656
350.0594,353.8213,348.0587,351.5071,350.9413,355.5215
379.2593,377.6144,375.4219,375.1575,379.5858,377.4427
335.2869,368.1051,370.0257,372.7654,374.8612,369.6094
352.8227,379.9837,379.9626,380.6327,383.6298,382.4958
394.0377,376.2069,375.6473,378.9121,376.4121,378.5128
388.0896,353.5138,352.1784,354.3025,349.7068,352.2979
330.6471,353.9453,356.6173,356.8735,352.9515,358.2880
336.5494,347.1113,347.6638,346.2013,349.7104,346.3406
355.7704,378.0575,381.3516,379.9483,380.0588,382.3503
392.9117,389.8534,391.8334,391.7767,390.7686,390.6126
433.6623,413.8530,413.3954,411.4520,412.2062,410.2965
425.9914,404.4025,407.8126,407.6954,406.8517,403.0289
369.1479,371.1442,365.3669,372.5542,370.5666,366.4616
427.5030,409.2152,408.1340,411.7555,407.2121,409.2839
376.9220,372.3011,370.2922,372.9491,370.1515,368.9755
313.7597,357.7762,353.0233,354.4868,351.0115,354.1237
349.0613,338.9431,335.9833,339.2054,338.3093,334.9979
395.5835,366.3348,367.3185,369.4840,366.5554,368.3712
455.5726,414.0052,413.4254,414.2865,412.5723,414.6977
376.4079,352.0463,350.8912,348.8268,351.1436,354.4241
432.2122,414.9975,412.0651,413.6064,411.6175,413.3742
334.6865,341.4224,341.6437,339.8653,339.5406,340.9329
361.8611,372.3651,376.8014,375.2962,376.9704,377.0368
415.8745,393.2256,394.8169,393.0018,390.6388,393.5696
361.8976,367.8504,372.6291,374.6996,371.6688,373.0876
416.9635,423.4782,424.7254,427.8740,427.4311,422.1115
338.0294,340.9346,337.7502,337.5073,337.7213,339.0229
328.9852,348.6262,352.7197,352.8337,354.4803,353.1662
341.5286,338.6308,337.7444,341.9325,339.4648,335.9630
388.3634,375.1401,375.2273,373.0382,368.9579,374.6157
450.0836,420.7170,418.6108,419.3930,419.0245,421.2771
390.8924,398.9500,397.7672,401.0562,401.2129,400.5803
337.6767,338.6202,336.0626,338.4051,336.6789,338.2380
377.8447,380.6905,379.9973,382.9160,381.6624,382.0627
407.8655,350.8367,356.0104,352.0348,351.8025,354.9020
349.9134,359.5571,366.2745,362.8532,358.5803,362.4809
368.1610,366.3471,364.1226,366.6002,364.1562,365.5749
384.7677,420.8167,417.7119,422.5201,423.4277,418.0735
371.6265,361.2714,359.5135,360.4373,363.9537,357.6115
353.2908,382.4177,386.4711,385.0012,385.3922,384.4454
395.0113,384.8315,381.8531,385.6479,385.0892,384.3628
376.9489,389.2395,387.5119,387.2616,386.3992,388.8277
326.2170,331.1775,333.3244,334.0045,331.1275,333.6668
319.9042,346.0325,350.1443,349.7050,350.2990,350.1918
438.3542,403.6839,402.7426,394.7467,404.2237,400.3389
376.1241,368.2403,370.0170,371.7970,374.1484,374.3811
323.5554,341.1235,338.4462,340.6169,339.3869,338.5671
305.2793,314.9108,312.9498,312.5321,315.5515,309.3297
352.2193,329.8458,329.2929,329.7849,330.5495,328.6440
319.5375,347.0839,347.4900,348.2692,349.2147,347.3453
358.8725,348.4715,344.8079,350.0703,345.3946,348.1466
367.5320,375.5991,372.7132,375.8374,375.2717,381.9740
384.6978,371.8877,372.9088,373.1322,371.3863,373.2777
376.6133,365.8629,370.5864,371.9070,371.3436,370.0367
349.9747,341.1563,341.1261,339.9840,340.6174,338.9854
364.5101,367.4401,368.0042,367.9449,366.4212,370.3084
389.7736,389.9744,391.0750,387.2542,390.5298,386.9694
375.1814,349.3494,349.1530,348.4160,349.9385,347.2710
362.0346,353.2875,350.4571,352.4902,355.7974,353.2979
317.2392,336.4117,339.7803,338.9419,334.7739,338.3296
429.6747,432.7654,429.3233,429.9980,435.3393,432.6057
349.3424,371.7574,370.3976,375.4348,372.1365,374.5490
312.7180,335.5167,331.6952,328.4895,326.5119,333.3999
351.2155,358.4773,363.7788,363.5997,358.7467,363.5006
385.6129,385.3634,384.1866,382.8039,385.5240,382.2871
410.7876,389.5350,387.8572,390.0380,390.9604,387.4771
328.1606,342.7733,344.1161,348.7332,343.5915,343.7143
369.9743,353.8911,357.0659,355.5760,356.1543,355.6955
451.2671,420.1893,418.1948,418.1325,417.4674,418.7808
322.2496,309.8664,309.4855,310.4616,309.5916,306.6730
424.5953,410.9380,411.6258,405.6665,416.1512,410.2117
348.6329,341.7760,348.8330,345.2441,344.8104,348.5676
347.2693,370.2985,369.9962,369.0301,369.8550,369.1138
397.6276,373.0628,378.4156,373.8924,376.3710,378.5364
325.8671,356.8218,357.9631,357.7004,356.0085,361.1067
458.4580,414.5299,415.6770,419.1162,414.9085,411.8437
400.7295,393.0961,391.5783,389.9190,387.8909,386.3717
354.1630,372.3495,370.3093,371.7800,370.8962,370.7791
377.9537,390.5148,387.2533,389.3825,386.5037,387.1795
408.1982,396.5994,394.0296,393.5837,395.5886,398.9697
387.4024,389.8110,393.2678,390.2215,386.0710,391.4182
361.7773,351.8549,348.2520,348.9330,349.3232,350.8795
409.1274,375.1196,375.9288,380.2010,376.0802,373.8081
369.8841,380.3300,375.7898,381.2860,377.0051,379.5871
380.3548,384.4906,386.6114,388.7828,388.8015,388.2968
396.7321,398.0256,401.3233,396.9299,398.1876,396.8756
385.8462,373.7139,375.3491,372.7506,377.1011,378.7371
355.9995,378.4590,378.2338,376.8631,380.4273,376.1111
351.6659,341.9105,341.8229,344.2077,340.5236,340.9843
328.7313,328.2316,330.3614,328.8529,329.3203,328.3514
388.6880,399.9435,402.9044,407.0071,403.6127,402.7334
352.1768,363.2974,363.3907,364.8565,359.7394,360.5706
321.4880,337.4859,338.2241,338.4604,336.2793,340.8734
345.3854,340.7702,343.1682,338.7414,337.5633,340.7117
439.9698,425.3557,427.1098,426.8334,428.5030,424.7284
370.3512,401.0443,400.6894,403.0274,401.9598,402.2101
351.3090,376.8514,379.4071,375.4880,379.2159,377.8267
419.2632,387.0508,387.4748,386.1829,388.7687,384.2976
369.6378,352.2654,351.1713,355.0124,348.6442,349.9143
354.0836,365.6864,366.3324,365.6862,366.8490,366.9112
375.2319,373.4663,377.3485,374.4429,373.6075,373.8880
342.1743,324.8944,328.8626,330.4696,329.4422,329.3383
409.8254,398.2723,401.0196,402.0619,401.9771,399.0383
382.1905,394.1323,393.7933,393.0273,393.3955,391.0483
400.1464,385.7162,386.0171,387.2921,381.3091,389.4906
358.7086,344.8221,343.4912,344.1392,341.9156,343.2005
417.5394,406.2329,408.3463,410.3085,409.3899,409.5481
370.6486,378.8102,374.0701,376.2641,379.5912,375.9838
375.1031,398.1910,395.5014,396.4124,398.7506,396.9609
346.5014,369.2984,369.7891,370.4602,371.8575,369.1539
425.9951,422.0242,419.6512,423.5746,423.0031,421.7483
401.4551,402.3246,400.7193,402.3168,399.4544,402.8363
394.4825,389.2879,392.9234,389.7888,389.8449,393.3298
363.9611,369.3527,372.2164,370.7621,369.3082,367.7892
372.1108,355.1721,357.3284,358.4189,358.3328,358.2005
343.0085,365.9856,366.1540,363.3257,363.2771,363.6656
381.3823,372.2484,373.2427,376.8555,374.1087,376.0382
398.5884,383.1487,380.7424,378.2188,381.5542,384.6786
331.1430,363.3697,364.4600,363.4318,365.7263,365.3350
356.6099,372.7156,378.6425,375.0702,376.5341,373.2788
353.5606,392.4632,394.0829,392.4917,391.1982,393.5103
368.5578,386.2355,388.7144,386.9772,393.7286,388.1050
349.3765,352.4749,354.8775,357.5379,354.7480,350.0963
346.6797,342.5543,342.8817,342.7010,344.1586,345.2695
390.0347,393.9021,397.0374,393.0830,396.1121,396.5789
347.9348,357.2852,357.5440,356.4613,359.7924,358.0173
377.0748,372.5715,369.8334,368.4119,373.9856,370.6721
393.0699,394.5738,396.6954,395.0100,397.0144,399.7065
370.6218,349.6107,349.6415,349.4526,348.4404,348.2100
356.2668,334.4705,341.9323,334.4793,333.3306,338.8346
364.0729,371.5797,367.5378,365.7626,364.3458,367.1438
430.5183,420.7545,416.3108,418.7210,418.1641,417.3946
371.6904,370.0753,370.1652,370.4855,369.2452,368.6665
403.9928,414.6784,416.5562,415.7711,411.9015,408.9076
397.9207,403.3931,402.1170,400.8168,400.1192,402.1616
369.5668,377.9610,378.5299,376.6228,377.3393,380.5389
357.6971,387.9323,384.6715,383.8050,386.6058,387.0555
400.7616,399.9383,399.9923,399.0295,399.6089,401.5012
382.5606,403.8516,405.4665,405.1329,407.7196,405.0189
414.1059,396.6956,398.6656,403.5640,402.5160,397.6373
401.0049,378.8834,382.4921,381.8499,381.2290,381.9528
416.0391,404.7880,408.8474,406.6540,408.4487,406.2054
330.0968,318.8785,319.6441,318.7156,318.2432,317.8254
302.6085,306.4592,304.0900,306.4468,304.8555,300.7549
381.7703,369.5397,365.4900,367.9825,366.0841,368.1169
416.9465,411.8804,410.5995,406.7456,409.8314,412.6348
362.7546,369.5409,369.3989,370.6013,370.0151,368.4272
361.5794,347.1592,351.7006,349.7307,349.6764,343.0849
364.7595,354.1147,350.1921,350.2378,351.8046,353.5000
408.5467,377.9584,378.8674,377.8426,377.8675,379.4779
356.1417,366.3535,368.2385,369.3613,369.7000,370.2179
383.2662,387.2871,386.3602,390.6254,387.6310,388.0356
335.5098,351.8590,352.2173,353.6004,351.7577,353.3211
349.4221,335.9294,333.2601,332.5360,329.5328,330.3767
341.0216,351.0265,354.4002,355.8060,352.2651,356.5389
374.3490,371.4076,372.8000,367.4860,367.5664,369.7496
367.8904,338.5971,340.9841,340.6308,339.5125,340.2023
441.8220,433.0414,435.2734,441.0124,444.4732,444.4982
348.0794,357.6130,359.1829,357.3439,357.3979,360.6182
397.6377,394.1657,395.6648,398.1127,394.3764,399.1043
402.1228,391.5211,396.6382,396.7649,396.8532,395.6756
330.3257,342.9929,344.4147,343.6009,344.4959,343.3622
439.0482,408.3621,410.1784,409.1332,406.9224,412.1619
368.6789,359.6442,358.1619,362.7390,357.4054,355.7547
352.1747,364.6077,365.7333,363.4075,364.9338,363.0991
391.0942,385.0537,386.2007,385.3276,387.8740,388.9559
400.8726,383.1346,386.6583,380.7956,382.0536,384.4145
381.4496,372.6747,370.6206,369.4198,367.4798,372.5525
386.0433,380.2504,381.1049,380.8135,383.3914,383.1557
364.8823,362.4900,362.0275,361.0893,360.0900,362.5816
385.1497,361.9239,363.3369,361.8880,364.3997,363.2252
323.5838,330.5482,335.9357,337.7530,336.7781,338.3992
414.4329,398.7030,402.1447,398.7901,400.5592,397.9865
414.6812,396.6991,398.3847,395.8454,394.7920,395.6981
445.5603,401.4712,402.6325,404.1784,404.2568,402.1767
419.3139,398.3611,397.9123,398.0756,400.1519,399.0474
415.5726,400.8888,400.5052,398.1850,400.1137,398.2245
344.6028,351.7716,351.2914,353.0619,350.6028,353.1352
418.8057,398.4526,403.1783,402.3766,405.5013,401.0277
417.3104,402.3821,401.0123,404.5813,403.3602,400.5306
417.0309,421.3999,426.7366,421.6906,423.2824,423.5864
368.6494,353.5307,349.7619,351.5811,351.7426,349.5858
319.4526,360.6714,357.3105,362.7953,359.4737,360.8638
329.3836,353.5528,354.7083,355.5009,357.8905,354.2734
405.3678,388.1818,391.2210,390.4107,385.5437,383.9176
379.3981,374.9224,373.9154,376.3293,376.7379,377.5698
372.1625,356.7837,356.3872,355.7232,355.6585,353.5502
358.5932,360.4305,360.7496,359.3856,357.8661,359.4052
421.5785,404.1468,402.4226,402.5429,401.1676,398.7627
357.1965,373.4564,377.3409,371.3662,376.0784,379.7597
360.9394,369.5019,370.9082,370.2104,368.2201,370.5829
366.9256,379.0985,378.0913,375.5409,376.0177,376.0400
414.5635,410.8010,413.3178,407.5549,414.4444,410.4189
330.3536,343.0474,346.9263,346.4811,342.6338,343.0219
358.3448,370.2429,373.6161,369.6871,368.0743,367.9297
425.5809,402.6905,404.4432,402.5686,404.0455,408.9261
336.1066,360.5931,361.2503,363.3652,360.6046,361.9456
389.5320,426.3614,423.8470,426.1423,427.7408,421.8405
374.7240,361.8887,359.7004,359.6555,361.9392,361.3841
410.8164,392.8352,396.0892,391.0810,392.0787,391.9571
415.3490,426.6749,425.6273,424.6214,425.5203,427.5304
362.1718,353.0122,356.8007,355.1414,355.9863,352.3548
419.8855,404.5929,402.9494,404.7034,407.4265,406.7680
327.4847,333.4209,331.0030,333.6402,329.7559,329.7567
395.5327,356.1020,356.4475,354.2795,355.1795,352.3600
366.3296,362.6253,357.7388,362.2887,360.5299,360.9893
422.7920,378.9531,391.1654,383.0226,380.1046,384.1103
418.8101,416.1273,413.2128,416.8192,416.1123,416.2115
342.8511,355.1016,356.6794,354.2821,354.8033,356.2360
326.6705,335.7631,335.6289,334.3604,330.7362,336.9522
407.2908,403.4086,404.2249,402.0064,401.3662,402.8581
370.2731,376.5055,375.1188,376.8877,381.0411,378.3837
364.2463,387.2721,386.8446,388.3420,384.7317,391.2726
377.0737,392.3166,393.6683,393.0898,390.8724,392.2749
407.1403,390.7081,393.0221,391.8339,390.9556,393.3343
373.8257,381.1142,382.6826,382.2255,381.6410,381.6030
318.2760,331.8854,330.3049,327.6153,328.1626,330.3071
388.6344,395.8557,395.6525,398.3468,397.7316,397.0195
392.7634,372.1536,370.0578,372.0594,370.3513,370.6109
356.8327,366.4100,369.9251,369.7359,369.2499,366.0514
405.2113,393.4495,395.2545,393.2444,397.2678,391.9498
442.9603,426.9159,429.4803,431.3516,429.1794,431.2229
401.3277,392.2738,396.8702,397.0546,394.4776,395.7071
368.5741,347.6747,350.1726,352.6716,351.8702,348.7839
311.2651,328.3178,325.2223,329.3551,328.2995,328.1524
376.2561,394.3312,399.0779,395.2750,393.6372,395.2995
288.4106,319.8435,312.8141,322.4197,316.6562,314.8845
342.4107,388.2984,391.6822,393.5518,388.2950,392.4549
416.5739,400.6357,402.8181,396.6582,394.5794,398.0878
453.2805,403.7125,404.7232,403.4873,402.6342,406.1561
393.7869,411.2707,409.7523,406.2611,408.2989,412.3259
359.9006,344.7078,342.1526,347.9422,343.9996,346.1056
330.9772,354.1408,355.8759,357.0322,353.2457,349.4536
384.8565,383.3477,382.0482,377.8799,380.7034,383.1317
410.9410,399.1729,398.5200,399.7340,397.1820,399.6787
363.2453,365.6792,366.1911,369.1699,365.7844,368.2437
331.3905,337.6395,334.0229,331.3074,335.3931,334.7212
427.9904,404.4121,404.7859,406.2982,409.3455,407.2655
334.3889,340.9101,340.4953,342.2624,342.4228,342.3558
415.0464,403.5333,398.5257,404.4597,404.3867,404.2561
467.0007,416.1837,415.7295,417.9751,414.9261,415.1710
382.1695,365.8181,361.6476,363.6064,363.2602,361.8884
383.5483,384.4967,387.2595,385.7136,385.3661,382.5566
354.6595,363.8295,366.3901,365.9062,362.0256,363.6180
382.0247,406.2309,404.1099,405.3971,403.7312,398.6073
341.7607,343.4167,344.5256,347.3584,344.8983,341.8804
353.4161,347.3660,345.5712,345.7762,345.8845,345.8700
340.9685,328.3155,326.5501,326.3648,327.8564,328.6875
402.9082,393.1238,396.1676,393.9879,391.5005,392.2758
396.2703,418.3700,413.4530,412.6113,413.6094,414.4251
413.2312,417.9282,415.8738,417.9568,421.4948,414.0403
