true,pred1,pred2,pred3,pred4,pred5
365.8869,390.7231,395.1511,394.3376,391.9257,392.5140
304.9546,311.3043,305.9927,306.4440,308.9424,310.8996
361.4368,374.7769,370.1324,373.3082,371.8485,376.6390
360.1403,372.7625,368.0687,365.5478,369.4271,365.7499
334.8007,341.1295,339.4807,335.1848,340.7266,344.2716
440.2627,417.5825,420.2442,412.7909,417.5780,421.8365
328.3493,340.7339,342.3000,340.5850,340.0460,341.8343
366.2561,363.5166,364.7730,365.8291,367.6210,364.4296
357.4685,388.1240,391.4459,393.7241,396.9500,396.2109
353.0170,354.4668,357.6959,351.2151,356.5931,356.2378
381.8796,370.5376,370.2015,370.3511,370.2834,369.5749
359.5296,355.3212,355.6026,354.8710,356.4572,351.6022
355.4878,350.6562,351.8517,352.7924,354.6057,349.2581
374.8454,350.7259,353.4964,351.5850,349.8585,349.7628
365.0687,377.8927,379.2979,381.5068,377.1407,383.0097
363.4244,354.0764,357.5226,354.0664,352.3769,352.8370
347.2417,341.3929,341.0445,342.1126,343.6510,336.6064
355.1904,369.8195,368.7024,370.7035,372.3256,373.3437
368.0445,361.2999,359.1090,355.9547,357.3767,360.5303
375.3332,390.5104,393.4792,395.9165,392.5858,390.0776
396.7330,391.4547,392.9671,394.5688,392.2842,395.3099
363.8777,342.6219,339.8774,339.8305,338.4780,341.1884
374.4044,382.9474,381.0486,385.6084,382.9222,386.5312
389.3313,392.0043,392.5492,388.7158,391.8190,389.9368
349.9657,379.7410,379.4409,383.4146,379.9292,379.0009
424.3187,411.8511,410.1430,409.1395,414.0493,412.8500
315.8220,349.8608,351.1569,348.0884,350.9129,349.9548
412.7356,399.7754,399.0277,398.5235,397.6838,397.7549
388.4928,367.5343,367.2309,367.2822,368.1901,370.2455
352.4738,371.7637,374.9861,375.9586,374.9474,373.9895
413.2829,388.9005,383.5882,389.0175,388.8276,389.6341
397.2378,363.6938,361.2028,359.7545,361.3931,361.3036
400.5688,395.9922,403.1302,403.0637,404.1725,402.1682
355.3838,364.9542,367.6512,365.7774,366.7296,367.3527
405.8914,405.1241,401.5863,406.3451,404.8702,408.7916
403.2814,379.4689,373.2014,377.4484,375.1229,379.4187
399.4342,398.1198,399.0472,400.3606,404.3106,401.4610
387.8970,388.2470,386.2224,386.1714,386.4935,383.7614
390.1959,398.0862,394.1778,395.8346,394.0623,396.8795
361.7298,374.4096,378.0808,376.6198,376.1513,376.4276
343.0489,342.5639,339.0799,339.0123,339.2097,338.8941
353.5444,358.7093,360.4806,362.1969,360.7159,351.2389
320.6480,320.6699,320.4466,317.0143,318.8417,319.1884
420.4463,420.7249,420.3939,423.3173,422.7823,423.2776
399.9127,405.1146,405.6157,403.1046,408.4454,405.3999
398.1201,368.5226,370.6287,370.5887,369.5477,366.0471
377.7695,398.5295,399.8515,399.6783,399.2322,398.5967
375.2797,354.6976,356.0700,354.3609,357.9265,355.1501
385.9886,375.9351,375.5293,375.0407,374.4216,373.0117
395.2118,392.0563,396.3743,398.2301,399.3337,397.2394
362.2159,370.5867,366.1872,371.2832,370.3229,366.8929
378.6614,400.4937,399.8962,404.3911,403.9022,407.2585
403.7501,397.9160,397.0387,401.0208,399.3237,403.0278
374.8107,372.7072,370.9529,374.3642,372.4162,373.1475
346.5289,348.9529,350.8278,346.0287,348.0972,346.3571
382.5116,385.1103,383.9907,389.1545,385.4440,387.5591
464.9492,408.1359,407.4191,408.9836,401.6729,404.2187
366.4073,369.5017,372.2316,373.3818,373.9467,369.4952
347.0274,349.4082,346.1588,349.4026,348.6748,349.6368
303.9433,337.2396,338.2750,335.6211,337.6601,333.3926
304.1231,329.2766,323.8994,323.2528,328.3038,325.2656
355.8657,356.7836,353.2560,354.6882,353.0294,352.8616
380.3600,374.8009,371.1188,373.0378,374.7710,373.3236
385.2401,383.7892,377.3359,380.5182,377.6036,392.2769
345.8794,367.8204,366.0428,371.3680,369.0825,366.1196
389.3929,374.4255,369.4502,368.4808,371.9679,368.6348
367.4385,378.8231,377.5230,379.0555,376.4575,374.9027
348.1308,353.5466,354.1223,350.9914,353.3780,356.0470
457.0824,452.1084,446.4669,450.7094,451.2099,450.2179
384.0455,384.3959,388.3558,391.0209,393.9991,390.6835
376.7895,373.8933,374.7743,369.6976,372.4932,369.0198
429.2498,427.0430,428.2761,428.8550,430.1669,429.8727
424.9001,411.3670,411.3704,407.2708,404.2147,407.6380
361.0049,348.6302,349.0864,343.3940,348.9014,345.7776
349.5228,347.7592,343.1762,340.9139,343.4628,343.3121
354.5451,361.2833,361.4025,358.8904,361.6905,355.4745
407.0773,413.5367,412.8988,418.5973,418.6457,415.6755
412.2755,383.2710,380.5622,380.1367,383.0491,384.4943
318.1252,316.4709,312.1014,315.1822,317.9053,318.8386
401.4236,385.2464,384.6967,386.8855,382.4116,390.4557
375.6948,374.2130,375.9462,374.5632,374.9069,374.7758
361.4283,372.9362,367.7572,366.1085,371.4959,377.7386
378.8628,395.6674,396.3349,399.6387,395.5094,392.9596
328.7551,326.7749,327.6326,322.2764,328.1928,323.4166
370.7069,367.4279,361.7420,359.8666,364.2954,368.2929
369.0240,356.4811,359.2130,356.5913,356.5494,351.2388
418.0223,401.7994,402.6851,403.3682,402.1020,399.3159
364.7038,357.6514,351.4836,352.8213,354.7426,353.8241
284.6487,283.2260,279.9745,273.1099,279.2188,278.5771
373.2122,369.8288,365.4743,370.4839,367.9574,373.4552
372.8172,379.3925,380.8167,374.1225,375.8113,379.3723
339.0893,336.4164,337.9290,333.0081,335.4369,335.0278
314.0930,334.9684,334.0884,324.7559,333.0405,327.3432
404.0524,403.6236,401.3031,402.0735,403.1504,401.4456
391.8366,382.7029,382.3463,383.2944,383.0972,386.0869
434.2352,420.5912,417.5572,421.4930,425.2498,419.6602
402.6675,400.2607,397.8800,398.8947,396.6078,399.0376
323.7092,317.7275,316.3662,313.3287,316.7804,314.8147
341.4188,366.2072,364.0041,364.9455,363.7166,367.5318
359.5291,349.0286,337.4472,347.5014,347.6678,339.3420
405.2156,403.1198,410.8434,411.2616,408.2805,412.2176
349.4491,341.1555,344.9714,339.7630,343.4501,343.2077
357.5126,344.0807,342.5531,341.0232,343.7651,343.6805
357.9363,343.0204,346.1620,341.1109,344.6861,341.6769
358.2825,361.2367,361.7457,361.1082,363.6542,365.4178
425.6635,426.6511,425.1861,423.5585,427.7929,428.7866
357.8849,344.5594,346.3595,344.4034,344.3776,345.9622
346.5661,350.4442,351.7366,354.7490,353.7239,351.0058
378.7821,355.2010,345.8864,350.6065,351.2827,355.4035
345.3776,356.8697,355.7528,354.6602,356.2184,361.4200
361.6039,351.5078,354.6473,351.9026,354.4190,352.5087
422.5579,406.6442,407.4149,407.8080,410.3395,409.0668
353.3279,365.0955,366.9812,366.4621,368.4026,366.8886
360.8554,357.5143,360.3684,357.5783,358.9537,362.2266
364.3870,350.3493,345.6596,347.0057,350.9516,357.2283
320.5901,320.6353,319.4837,317.0446,317.9280,317.6278
348.6086,373.2757,372.4998,371.9248,370.1214,373.0104
355.3059,354.3919,354.8377,351.1151,355.7938,348.9175
335.0648,312.0307,310.7558,306.5875,311.0399,310.1835
347.3893,355.9164,356.3563,351.3945,356.7571,355.5151
403.8575,413.8575,409.9393,416.8078,414.4131,415.5542
362.5101,359.0455,359.2454,357.0915,359.0190,357.7425
355.4041,348.1804,344.9466,345.3024,348.4772,343.1673
382.7211,373.5349,372.5434,375.2433,374.7518,372.3389
359.3783,370.0875,367.3098,366.7381,370.2881,372.5416
325.5642,342.5431,346.7768,341.6739,345.6087,335.9682
365.5638,367.7926,369.9782,368.6967,368.9827,370.2214
337.3747,345.6046,339.8546,341.3161,343.9960,346.5905
322.8951,351.8808,352.5826,348.6859,351.5871,344.1817
371.9296,366.0526,371.0739,369.1682,368.9454,367.0439
425.3818,416.4104,413.3904,413.9112,416.5848,413.3335
413.1340,397.1073,391.9893,391.4437,393.7569,390.4872
357.1761,345.7212,346.5728,342.6064,344.6266,344.8934
384.8420,404.0659,400.2610,401.2182,402.7151,401.6058
352.1765,370.7965,373.8666,371.6911,369.7832,372.6974
415.8567,403.8585,401.3369,407.3937,408.6082,406.4690
378.3047,360.2722,360.5476,359.7513,360.2654,359.0359
359.0278,370.9386,373.2713,374.0024,372.4120,373.4078
392.6890,400.2969,400.2286,398.2834,394.9112,398.3342
366.2897,382.6992,383.5697,382.7187,390.7731,384.2404
451.0723,436.5957,438.2309,441.0654,440.6833,443.2249
333.9749,338.1550,333.9146,331.3752,334.7224,335.7126
378.9802,377.7988,375.9903,375.3836,371.8698,365.8763
387.2476,396.6160,396.5604,394.2300,397.0273,397.4253
329.6472,343.2819,340.0608,341.0482,343.7849,341.7932
412.7570,390.4502,397.8776,395.0369,395.2571,397.7535
338.5426,366.5862,367.9245,370.1503,370.0781,364.1232
327.1659,340.5097,338.7802,342.7626,346.6640,339.0111
361.4134,362.8832,361.0915,361.5440,356.8987,358.0528
417.2831,396.3672,402.7782,398.5325,397.2476,397.1290
326.7397,324.2589,327.8746,326.0832,327.7290,323.6637
381.3500,393.1628,400.4955,399.7330,398.6345,399.2903
349.1378,370.7071,366.0336,368.2880,372.7732,373.1310
374.8020,349.6793,347.3382,345.1629,350.7534,344.0305
364.7476,362.6206,368.8463,369.6123,368.8393,365.5124
400.5425,392.5476,390.1360,389.9615,391.6603,390.6512
362.3399,356.4662,358.1078,355.6552,355.3931,353.2049
307.7736,314.4519,311.9011,308.1316,311.2422,313.1169
345.3514,347.2147,343.6202,342.9526,342.9522,342.3050
384.9469,370.9767,370.3416,372.0103,371.3465,370.8874
372.9104,379.0639,380.3193,378.8148,379.5150,379.1091
424.8430,410.9758,414.4736,416.7607,413.9130,418.8412
358.9048,392.5387,394.9092,397.1111,394.1331,397.2317
382.0342,373.4564,373.4597,373.9300,374.9060,373.4271
410.2156,379.1892,371.8784,375.3301,375.7294,376.2857
389.8250,388.4232,383.0443,386.3555,386.5783,382.6921
384.4678,392.9272,389.2281,392.5738,395.0473,389.6553
370.4893,375.5977,373.1508,374.0378,375.3548,373.5070
329.3868,362.6039,365.3423,362.4438,362.1043,364.1927
338.8836,365.5376,367.5896,368.8604,368.5376,362.5070
354.6228,373.9580,374.3917,371.7943,374.8848,373.3605
381.6585,362.4858,366.5002,365.8739,365.0290,365.6552
364.0704,363.8398,363.1202,362.4792,364.6614,361.9965
385.9146,387.1254,376.4772,380.6247,377.8618,388.0524
362.5056,359.5395,360.5034,356.6714,360.7552,357.2240
362.0886,361.3518,362.5517,363.2187,363.5916,363.2831
301.5669,321.2243,311.2242,313.9510,315.1908,318.4030
343.9311,334.6689,334.1811,331.5781,335.1389,339.8503
409.2632,399.5968,400.7368,400.7162,399.4105,401.1490
387.1096,378.0266,376.7757,376.6743,375.0564,379.0431
364.4320,349.8037,344.3584,342.6388,345.9987,343.8302
390.9021,382.8597,384.4359,379.6302,379.8507,383.0252
375.1960,357.1071,358.6534,357.8206,358.9124,355.8402
366.4759,374.4832,375.4066,374.9106,376.4936,376.4052
391.8535,396.1152,398.6769,394.9084,392.3720,394.1227
375.4025,382.3951,382.9355,382.4719,378.5185,381.4680
365.5553,373.5512,374.7898,376.3029,375.8329,373.7176
345.9357,327.0756,325.7272,323.1326,327.3396,331.2177
364.8823,380.7671,381.2917,383.6350,381.1607,379.5159
394.2209,424.3412,429.4268,426.9635,426.2551,434.5923
339.9549,376.9803,373.1100,374.6237,370.8705,373.9209
356.8762,350.3418,348.3638,346.9667,350.9758,346.9617
352.6619,369.8706,373.8900,371.0306,370.9091,371.6844
403.8356,378.9180,379.1060,379.3440,382.8116,377.6845
371.2714,371.4065,371.7306,374.8749,373.5483,369.4599
324.2331,334.8625,335.1728,332.6093,334.8803,334.6205
371.5664,374.1394,374.2598,373.4875,373.7507,373.3417
375.8040,385.0382,382.0839,383.1556,381.9120,384.2523
419.2188,413.1109,421.2336,423.1557,425.2769,425.8672
399.7086,390.8854,391.7352,392.9890,388.7650,388.8633
336.1636,354.2008,345.8778,349.0836,348.0276,351.3402
351.8301,339.0446,337.2810,331.9051,336.6540,335.0567
345.3129,354.4256,357.4339,352.5170,355.7222,358.5247
370.4522,374.5065,375.2589,375.2013,377.6750,376.6422
326.2016,347.5218,344.1312,343.6932,348.8116,342.5673
373.1503,397.4345,392.9383,397.5103,399.6982,399.7030
336.6978,356.5258,358.3204,354.9240,357.2279,360.0736
383.9481,365.3671,367.7056,367.8720,366.8615,369.8706
425.9159,415.2307,420.3756,413.4725,416.1507,416.6269
374.6071,407.4767,406.1484,410.0176,405.1026,402.0478
363.4223,371.1131,372.6064,370.8813,370.5521,369.2843
387.9665,423.1562,428.4552,427.6313,426.0261,426.8307
317.7579,331.9844,331.3305,332.8470,336.5465,328.9385
413.7970,419.1745,421.6593,420.6800,422.8750,422.3120
377.1683,364.6021,362.8433,363.0328,365.8584,364.1153
429.6471,391.4182,385.3108,392.0057,390.9263,390.3683
338.3951,355.0029,356.0047,354.6877,359.2863,355.4534
402.9571,391.5924,388.9561,387.8644,391.2022,388.5246
389.5283,376.9167,377.5440,377.1894,375.7736,378.9990
385.0651,367.1432,361.6596,366.2580,365.0766,369.1586
415.4007,433.4877,432.6287,437.0128,441.7830,439.1428
384.9950,383.6549,379.5000,378.9433,379.7723,380.4336
393.7680,393.4912,397.4579,398.6032,399.1555,399.0063
390.9168,386.8827,383.4937,389.1037,390.5750,394.1313
408.2911,364.2832,362.5230,360.2209,364.5260,363.9968
373.1846,385.7644,386.4207,382.1202,383.0758,381.2355
365.3988,354.9114,352.5566,348.3261,353.1511,353.3325
382.4508,401.1591,402.7805,402.6082,398.4405,403.5743
403.7451,389.3996,387.8412,388.5128,387.8445,390.4490
344.8750,353.2463,346.0368,347.5701,348.4985,349.2402
349.1747,360.1333,358.6790,359.6805,362.0967,360.9803
404.9376,383.0248,389.0090,391.6973,387.2536,383.8713
414.5835,393.5702,395.6616,395.5710,392.7246,392.7292
418.0542,412.2687,410.9338,415.8354,412.0087,409.5921
365.7415,376.7747,375.4569,376.2671,375.3488,374.0805
369.0511,362.2510,363.1803,359.8749,363.2834,364.5105
334.7041,329.5315,327.2670,326.7046,331.1045,329.9691
399.1427,395.0914,393.3409,391.9832,395.8239,393.5780
407.6526,423.3654,420.3245,421.4365,430.3081,426.8012
387.5333,389.4383,388.4077,392.4887,390.2493,390.7138
379.1042,374.2830,377.2800,379.4180,374.3538,374.9003
427.7039,406.2463,406.8355,399.3374,403.0128,402.9588
321.4124,327.8222,324.9295,321.9730,326.0530,322.6930
424.5541,418.7875,430.6301,427.8521,435.0909,437.5758
323.7962,353.4802,350.7564,350.5552,350.9419,358.8275
361.3990,363.0522,363.7844,363.0403,365.0727,365.9171
354.2566,352.2726,354.8078,352.1586,353.8917,347.3181
406.3896,410.1231,410.1611,411.4258,413.3382,414.9795
333.7121,349.2953,347.6349,346.1445,348.6603,346.7077
400.6855,393.7537,400.5982,401.5312,403.2582,400.4037
393.6313,391.5865,393.1206,395.2537,385.6592,392.7505
412.1054,403.3386,400.3467,405.0759,402.6430,396.6384
396.1976,374.8214,381.0704,379.2132,378.6544,377.9260
382.6242,411.3995,410.6355,412.8970,409.8649,412.5484
408.0822,381.5686,380.3403,383.3548,381.2161,380.8629
368.7559,359.3795,363.1207,359.2601,364.2025,357.4675
350.8588,357.3244,357.0729,351.1806,357.1928,355.6288
404.0605,387.4255,377.3766,381.0535,382.5235,384.6312
396.0917,395.0691,395.2919,394.3680,392.5285,388.4197
343.2159,359.4920,358.0646,360.0211,360.9007,362.5036
351.0901,375.8842,371.8544,371.6064,374.7710,372.8719
305.0436,310.1546,309.0708,302.7007,308.2016,308.6741
384.0977,374.3177,375.3102,374.6916,380.2220,376.9046
365.4428,353.2372,348.1182,346.6517,348.5415,342.9615
411.8357,410.5621,410.5417,409.9435,411.5165,410.8224
370.9799,338.6955,338.3367,338.4431,340.7372,340.8063
367.6002,383.6980,377.7962,380.1073,377.6216,384.7590
388.7115,368.9655,369.4145,372.6768,368.9407,366.9663
373.7783,374.3596,375.2851,375.4051,379.3521,373.8135
380.0109,384.2357,385.1046,381.2411,386.2813,387.0002
376.0379,363.5229,361.5468,368.2423,365.9816,366.7490
351.9006,343.9236,342.3757,339.8791,343.9425,345.0582
405.3966,416.4535,415.9970,415.2914,411.2068,414.9554
397.5981,398.0605,399.1435,400.1809,401.5359,405.4464
452.3468,424.4129,420.0546,422.2826,421.1203,417.1278
368.8198,373.5580,366.4947,367.0125,368.3276,372.2794
423.6574,396.6351,397.6820,396.1630,392.6441,398.7629
390.8492,386.0943,385.9461,387.2639,387.6631,383.7747
341.9593,341.1907,339.8677,337.3325,339.6717,334.9853
399.1775,385.4518,380.4004,388.0227,386.3567,387.9911
370.8759,344.1011,341.6133,340.1467,343.7408,341.8063
406.5178,410.0279,406.7296,405.6429,405.5923,404.3298
384.6660,370.2308,375.3995,369.4897,369.1022,373.3907
341.9203,355.9835,358.4760,354.0591,357.4676,354.3190
376.8961,373.1419,373.9717,377.4492,375.0965,375.2409
386.4172,374.0269,375.1705,374.2906,374.7710,373.5147
382.6672,392.6363,396.5856,397.7392,397.2961,395.1120
444.0641,405.2421,408.5977,408.4555,407.7191,408.0476
385.9106,372.9464,373.7495,372.8912,376.4574,373.5691
389.6926,385.6810,388.7463,388.5586,386.1941,385.4833
406.8261,400.2626,399.1003,395.8438,391.4778,401.5677
348.2347,390.2533,395.4020,390.7263,390.9652,391.6501
344.9959,325.3271,327.9738,322.2295,323.9991,324.5279
335.9935,348.8045,348.7270,352.6292,352.2974,353.2812
417.0582,391.1210,390.8425,395.0999,387.0456,389.4183
439.2402,424.4409,423.5190,429.4968,428.9662,431.5109
409.5665,400.4144,397.0271,400.3986,399.7090,399.5498
375.6293,362.5491,363.4516,362.4920,360.1578,364.8848
415.0702,379.7002,377.1645,380.5048,377.7589,384.7466
362.7017,396.3562,403.5644,399.5470,402.8707,402.8777
347.5249,349.2894,352.0259,347.5374,351.9189,343.6298
366.8278,353.8262,351.8317,354.1281,355.9166,355.0528
445.5325,411.2176,410.8426,412.0385,412.2108,412.8098
404.7265,392.1515,383.4224,387.5430,382.4824,390.4834
382.7591,388.5332,383.3986,387.2466,387.6632,388.4384
358.2732,341.5562,343.1025,340.4405,344.1038,348.7211
364.2971,359.0064,356.7678,357.5547,356.5865,359.3704
367.0015,382.7215,383.4752,382.8575,383.5636,382.6451
351.6888,351.8871,355.8233,350.6138,353.0261,351.3166
372.9944,360.7281,356.3198,355.4790,357.6515,357.6235
346.0661,345.4261,341.5001,343.1432,345.1037,340.8030
406.8812,420.6030,420.9073,424.7878,421.4583,420.7990
409.0624,409.9073,403.4835,406.0945,402.5422,406.5991
362.6234,356.9492,352.3339,351.3416,353.8959,351.0092
420.9360,407.7137,412.4184,414.5907,407.9206,413.0323
346.0428,345.6239,337.9073,339.1163,343.7488,352.6388
346.9768,366.4042,365.4196,367.4123,370.3591,366.4794
388.5659,373.5199,369.2156,371.7681,373.7082,372.7820
386.8348,379.9313,381.1877,384.2019,380.5556,380.5416
351.3013,361.1144,361.0272,360.6276,360.7655,357.1663
365.3049,371.6105,370.6146,372.0637,373.0008,372.7470
359.8166,375.8684,372.4811,370.7655,374.2458,372.8538
409.4993,405.9431,405.3083,409.5509,412.3992,412.9893
373.8365,357.8713,353.8554,354.5895,357.9091,357.5373
368.5117,361.2852,359.8182,362.4006,361.1584,357.5599
393.6119,377.1979,376.5436,376.8994,378.5708,379.0688
368.4081,374.2890,370.5011,374.2893,373.3333,376.1275
325.7841,311.6038,313.4499,307.1301,310.2190,311.6036
376.8631,399.4198,395.6216,395.6416,396.7601,393.9954
385.5976,379.3067,374.1696,373.3065,375.3366,373.9569
398.8112,381.0106,378.6100,378.6573,382.0036,378.1675
408.1053,389.7432,389.2565,390.6195,390.2486,388.9289
326.5472,337.7831,332.4685,326.7923,335.6575,330.4848
348.1256,336.1770,334.4904,333.0537,338.0807,342.9028
354.8834,363.4539,358.2141,358.0923,360.0991,360.5623
376.2719,381.3838,380.5526,381.6905,385.0722,382.0005
361.7102,366.9615,366.2723,369.0818,370.6056,366.6791
454.5593,433.9196,438.6859,441.3441,440.8143,441.8674
359.1407,373.5901,381.5304,384.9842,380.8563,378.9956
361.5575,353.0654,352.5689,351.1543,353.6717,354.9058
372.2687,398.4867,402.3702,402.8575,398.3383,397.2519
350.8551,363.7667,358.2660,361.9832,364.5623,358.1022
399.6580,392.9827,396.5039,398.9333,400.9334,396.8437
322.1763,323.4681,324.9045,320.2384,324.2159,319.9326
393.9518,384.3763,381.7480,385.9543,380.4029,385.7874
346.6352,354.6137,348.1751,349.2096,355.4153,352.2003
368.9288,353.7633,357.4265,353.7630,353.1254,356.2205
363.7607,373.7359,366.9043,370.8045,371.1932,373.5261
338.6794,335.1704,331.5973,331.6946,333.0099,333.0684
375.5712,394.5465,399.9265,399.1066,397.5825,405.5295
369.3559,367.6525,368.6619,369.3930,371.4705,370.1216
338.0971,350.6110,350.8101,350.8806,351.9181,357.2310
348.2012,338.6856,334.5646,330.8869,337.4591,337.2018
424.1903,406.7144,403.5509,403.0665,405.3895,401.2899
376.8390,397.5722,388.5837,391.7009,396.4767,394.9791
399.9856,392.1139,396.5916,392.9566,392.2358,389.7418
363.2286,343.6705,345.7309,347.0545,346.6778,348.7391
341.8489,334.7639,331.2168,328.7827,332.5591,334.8602
347.0988,371.5523,373.8936,375.1166,372.2382,370.9395
428.4992,403.9942,402.8295,404.2051,406.3936,402.3521
442.4280,416.4476,416.2755,414.8086,413.9756,415.2697
390.9590,369.4234,372.6760,371.3047,370.3768,372.2201
378.6525,385.0485,377.1925,386.2441,378.9285,388.8374
370.4661,356.6498,361.0450,358.0346,359.2288,363.9589
340.7944,358.0526,355.4359,358.5576,359.8267,355.3379
383.3762,385.0284,375.6454,379.9920,379.3145,376.0740
334.9752,351.9686,350.9222,354.5627,353.4470,349.1961
361.9135,389.2910,379.9565,384.7946,383.3170,390.5570
392.5949,375.4811,372.3936,371.8543,374.7710,374.5656
341.8390,357.1763,355.2803,356.0868,357.0259,359.6790
392.2327,381.0049,380.9235,384.0808,385.3044,385.6789
359.3600,361.4709,357.9845,360.0436,362.2280,365.4369
399.7080,384.8968,385.7409,387.9516,387.9329,388.1129
399.2041,389.1776,387.8433,400.2696,390.7490,400.1109
350.7068,355.5420,352.6092,352.3294,356.7357,349.0258
415.8977,417.9077,421.8466,419.8705,422.2844,424.0204
376.1487,393.7779,390.2364,393.7828,389.8473,392.4941
382.1525,362.4334,357.5883,360.5269,361.0391,359.4695
409.3721,380.4803,380.3788,381.0440,380.2177,382.1660
361.2283,362.6220,364.1772,361.1219,362.1999,359.3846
417.9668,398.3026,399.5355,399.2187,397.0250,393.5616
394.9504,391.4422,388.3691,399.8083,402.2320,398.8371
395.6225,395.4276,393.9890,392.8339,391.4303,387.8566
369.0938,351.5334,353.8335,350.2527,352.4387,351.2215
331.3340,348.0052,351.7845,352.8399,349.8391,351.5663
364.0959,370.0053,364.2229,363.7816,367.7869,367.8111
333.7089,367.2175,364.2065,364.8760,365.9083,366.2809
370.5301,382.1882,372.6165,375.1420,376.1588,377.5989
392.0918,405.4402,410.3300,406.0294,406.7027,404.5999
313.0561,331.4208,325.2588,325.5725,329.8420,330.6704
356.1170,355.4751,354.9591,354.8127,351.8962,356.2094
394.5428,381.6486,383.9189,384.0251,381.8955,385.7511
388.8035,361.3522,369.0413,366.1845,365.6039,362.9369
362.9695,377.0485,377.9370,379.4689,380.0125,377.7266
337.6411,358.4048,357.0206,358.4455,361.5388,353.7646
365.1862,363.8425,364.8837,363.8765,363.8288,362.2919
408.9071,404.8620,401.7839,404.7818,408.0482,407.6943
382.1131,369.5460,370.9880,368.2764,368.2275,375.3697
364.4072,349.5862,347.3227,345.1763,345.7952,346.6246
348.0411,365.7478,360.9438,365.1375,361.7702,361.0735
366.7114,361.7834,358.0990,360.3363,359.9485,358.9440
371.6198,382.2264,377.5307,379.7480,375.5790,375.5623
352.6716,356.1350,357.5982,352.4661,356.6794,355.5417
375.6361,381.0086,376.2032,378.9639,375.4383,375.7372
339.2495,338.9128,340.1033,338.5215,335.3977,339.6426
355.8145,361.6692,358.6149,359.1833,359.5072,360.0681
365.3032,354.7823,351.5698,351.6788,357.0122,353.0923
414.3315,407.6882,408.5554,406.3392,400.5261,408.3365
379.2786,356.3447,351.5153,352.1774,355.0332,350.7800
330.8902,333.1458,332.7440,330.3315,333.4412,333.1047
387.6966,386.6740,383.0118,387.9382,385.3448,384.0183
391.2959,401.5220,400.0877,400.8542,404.2094,404.8026
380.8087,372.5535,371.5775,374.0540,372.6967,373.2609
415.7699,404.2824,399.1138,404.3403,400.8483,404.2170
375.8341,384.6440,382.8269,381.3547,381.0126,379.4191
368.1038,383.3476,383.6944,381.0205,381.8463,383.4927
333.5947,361.0717,361.8118,357.7713,364.3418,358.9958
399.3059,393.1241,392.0497,393.2655,391.9629,390.9224
374.0856,363.7383,363.8954,364.1630,369.9203,365.1832
407.4931,397.9896,397.3614,407.3751,396.9740,398.5459
404.1956,374.1305,372.2269,373.5088,371.9468,371.8854
403.6906,408.3318,407.7766,412.2108,412.4110,411.0779
422.8833,406.8820,408.0441,404.7081,409.6342,404.8012
407.0562,412.5865,414.6406,413.7209,411.5757,410.4238
393.6302,382.8645,379.8297,380.8669,380.1278,377.6262
408.8385,412.6247,411.5045,415.5906,413.9555,414.6888
330.3940,328.5645,327.2293,325.3163,326.1322,331.8599
395.8841,395.0355,389.1768,390.9796,384.8091,394.4791
404.8918,401.8554,402.0875,401.9443,406.5645,404.0875
360.0556,377.1105,378.9139,382.5507,380.9818,377.9362
454.8328,441.5597,450.5347,451.3477,449.9243,458.0560
445.8825,446.5839,452.5846,451.8859,449.4874,447.8353
429.4426,407.5976,409.0085,408.0841,407.6253,405.0880
320.4800,337.9382,335.2593,335.3579,333.6833,340.8973
384.3941,378.8308,390.5051,383.0727,380.5640,383.7277
380.0182,351.1892,353.2260,350.4649,352.5512,351.5154
444.1242,414.8187,411.7881,411.8216,411.0933,414.3463
395.6961,408.2281,402.9313,409.1691,408.6026,405.5408
387.7772,395.7164,399.4873,402.7265,397.1992,397.2387
397.4501,369.7819,369.2640,370.9640,369.2390,370.3196
351.7733,322.1519,317.0696,317.6727,321.2562,322.0704
417.3079,400.4623,402.0494,396.5717,402.9944,402.6422
402.5836,379.4911,380.6413,382.6217,389.0750,382.9427
388.0438,372.1173,370.3092,369.6110,373.4187,368.9435
362.2053,338.0642,339.3531,337.5408,338.4035,343.2940
362.3628,385.0664,382.7299,379.1324,381.5252,382.1037
350.0055,338.5141,335.9438,331.1726,339.8484,333.8446
346.0058,351.6484,348.1780,346.8221,352.4578,355.3103
385.1232,394.6001,391.1479,396.8623,390.7754,390.0561
317.4642,322.5991,322.6334,318.3297,319.7854,324.0800
350.6834,349.8568,345.9294,345.4970,348.4203,347.2979
364.4221,373.3823,374.6620,372.5911,373.4027,371.7025
343.8852,358.8573,361.9740,361.5310,360.8972,353.6127
411.8817,395.3349,399.6641,399.5141,401.5387,402.0151
360.9593,375.8728,370.8370,371.8070,374.7937,371.8621
380.1935,393.3104,396.5607,395.6468,384.4643,390.6488
370.4482,409.2108,408.7937,403.6610,410.9174,405.3447
413.3569,403.3763,401.9848,405.5098,401.5468,406.7934
396.8178,386.6557,382.6640,385.7506,385.6129,384.4875
358.4522,375.7814,374.0508,374.0862,372.3181,382.1595
359.0183,360.3091,360.1368,362.3709,363.9004,361.9073
404.0075,404.4576,402.6470,407.3709,407.8972,408.1149
415.9542,405.1964,404.7544,405.9776,403.8484,397.8463
372.0262,376.2830,381.3569,384.9624,385.2813,381.0758
375.9264,374.0343,373.9415,376.6831,374.2911,378.4723
345.8801,337.4001,337.2268,334.6562,340.1643,333.9731
366.0204,361.7205,356.8631,361.0996,361.3784,372.3637
348.7287,357.9311,353.5611,358.4699,359.2117,361.0947
367.2767,352.8258,357.0593,352.7640,356.0228,347.0172
353.2359,351.8542,351.1242,350.2530,352.8923,352.0195
348.6875,367.6863,372.3896,375.2651,373.0521,367.4059
383.2333,357.8174,363.3853,362.3484,363.6890,358.9390
392.0255,384.4249,386.3994,385.8105,387.0188,386.6785
464.8315,416.4613,415.0347,418.3974,405.3544,412.7459
338.0895,351.5239,352.8307,354.2944,353.5693,353.2549
361.2665,353.8914,354.0721,354.6257,354.5411,349.4378
388.2661,393.8103,391.7039,394.0643,394.3693,394.3762
391.6921,374.6637,379.2625,375.2426,376.2382,376.0187
348.7061,358.8923,359.4020,357.7713,360.8291,367.9407
422.9252,402.5896,402.8472,404.0681,403.1616,406.1079
407.4822,415.9432,411.2312,414.1176,413.3868,413.4229
369.5254,362.9335,360.2946,361.1677,364.3683,367.4502
405.2362,394.7151,392.1910,394.0346,390.7271,389.5746
412.3038,421.6606,421.2312,419.0672,420.1956,418.4756
401.2952,398.1007,395.8533,400.6771,393.4303,397.6726
381.8391,373.4010,376.0913,376.9902,375.0597,373.3702
364.5512,371.8348,375.5461,375.8194,370.2722,369.6973
296.6503,310.4235,309.0621,305.5200,310.3250,302.3496
382.1555,374.6446,376.5847,375.0159,376.1104,377.5004
397.6809,381.7465,381.5520,383.8683,383.3478,386.1704
332.5664,340.5412,338.4396,336.8772,340.1179,337.0703
399.7493,384.9282,381.8226,380.0378,379.3372,383.2754
398.6381,397.8672,400.0381,401.6980,399.9761,398.0349
403.7752,389.9021,389.9059,389.4000,388.4916,386.7346
374.0317,401.7398,392.9786,387.0985,393.7121,390.0044
367.6874,352.8408,355.9302,357.1814,356.3364,352.1175
404.2295,417.0909,417.2336,418.0607,420.4642,422.2602
392.7091,379.0893,375.2825,372.8126,377.0734,374.9406
364.4344,364.0930,356.8430,360.5186,362.5505,363.2345
390.7545,356.0836,355.4888,354.3213,354.3783,353.4123
460.5247,420.2564,417.1162,418.3165,420.2120,421.9180
307.5269,332.0556,329.2657,325.5081,331.9419,325.8391
355.1172,369.3399,368.9929,372.6987,370.2560,375.2308
373.3210,374.2295,375.1815,375.2407,374.9991,373.3391
348.9029,389.5039,391.1780,389.8175,387.1441,390.3877
393.6877,405.3790,400.1972,402.5494,400.0508,399.4121
354.5742,352.4570,347.8714,349.8229,354.5352,358.5367
385.4751,365.7865,367.8381,365.9062,367.1998,363.2048
337.6108,329.5533,329.9212,325.3604,328.8823,330.6022
405.8789,391.0505,389.7097,393.2516,389.7019,394.5220
373.8749,388.5489,388.0145,388.1758,387.6660,390.2031
381.8611,385.8535,384.1118,385.3119,381.0388,379.4798
373.4845,387.6648,389.8854,390.0860,390.1348,388.8798
335.3165,378.7707,378.6662,375.1074,376.5255,370.5564
366.3022,370.6142,374.0402,372.4306,371.1218,367.8506
417.5107,418.3151,417.4233,418.2823,414.1576,415.4289
381.9722,399.5797,397.3766,399.3752,396.1697,400.0678
390.2446,388.3992,390.0273,390.6598,391.2519,390.2713
365.0479,369.7918,374.9203,372.4504,371.7973,368.6946
381.2875,385.8414,383.9713,383.5425,381.5471,389.3319
422.5253,394.3070,394.9047,394.2524,392.3104,394.0031
293.2433,297.8189,294.2785,291.0897,291.5947,288.6879
403.5358,408.0818,402.8724,409.5105,412.7627,415.0281
393.4115,387.2911,393.9432,390.6870,392.6277,393.5899
409.5409,397.7456,398.7693,402.5657,402.3479,404.8420
354.4179,364.2869,343.1381,348.0532,342.3440,368.0648
388.2392,381.8762,383.5417,382.1684,382.9092,382.5173
427.6814,410.9185,404.5197,406.1291,410.2410,406.9371
391.0328,397.1378,391.0038,393.3309,398.0320,393.4830
411.3433,396.7526,398.6759,399.0179,392.7548,399.9178
382.2860,392.1567,400.5486,398.0243,398.0175,397.1703
376.7176,369.7006,372.9181,369.5308,368.2014,369.0731
405.4306,392.6828,394.4656,394.8212,393.3412,392.7365
382.3940,396.3887,391.3925,398.2253,398.2490,397.4128
356.2417,342.1653,350.3257,345.4978,344.3926,342.2920
379.4056,381.0485,382.1759,381.9219,379.2975,380.7848
378.3956,350.3218,350.9954,350.3602,356.0679,350.6010
348.4916,374.9445,375.4854,375.2732,374.7942,378.7309
378.8610,385.9388,384.4715,385.4277,382.8356,381.7262
414.6166,398.4109,400.9269,399.2612,400.0628,399.8364
312.2821,332.1004,328.4489,323.7148,327.1610,324.4033
416.0663,411.6095,415.6053,414.2671,413.2190,415.9575
400.2976,368.7783,367.8568,372.2569,372.1446,374.4825
344.7808,340.7291,340.7066,344.2026,342.8907,332.6488
384.5720,389.5512,392.4355,391.0201,386.9621,390.8349
386.8736,379.1490,377.3891,375.6824,377.4917,380.8632
423.0630,398.6173,403.1061,402.5551,402.1918,402.2885
452.0702,464.2642,465.2195,470.3639,474.3638,475.5513
344.1848,357.3136,359.6653,354.0822,359.8146,355.0007
367.7311,373.6883,371.6650,374.5035,375.9624,373.2025
354.2261,374.2163,369.3258,371.6440,374.3646,373.4077
423.9480,407.0199,408.2711,406.0405,408.4055,408.2261
300.4747,317.0156,319.6169,317.1483,319.3000,309.0417
354.6825,332.9372,329.5194,326.1364,327.8464,326.7084
375.9459,379.8094,377.8143,378.7650,378.1962,381.3331
316.0678,309.9674,309.9704,308.7368,308.9284,311.4633
323.6078,312.6342,310.8326,309.4484,312.3011,307.1129
341.3852,346.6649,340.0788,340.2432,343.3496,346.0430
443.0497,421.7488,418.0077,421.4460,422.7663,421.2650
388.9924,393.2435,399.9443,401.8456,395.5632,397.5044
336.4189,332.6614,328.0187,326.0659,330.4734,325.2070
344.0917,346.5420,335.9503,334.9859,341.6898,340.9969
328.2657,327.1281,326.1629,323.9919,324.8803,326.6169
368.8277,381.8400,381.2546,384.8445,384.7874,382.9433
346.1715,351.8625,345.8767,346.7559,348.7164,354.0052
350.1971,352.8569,354.2172,352.3001,356.2267,354.9780
338.2911,339.8876,336.4388,331.9445,332.8145,332.9150
346.5342,351.3463,355.7556,351.5487,352.4070,352.5904
395.7013,391.8948,393.6816,393.5915,387.2941,391.8929
356.0429,364.7132,362.6319,362.2715,364.4179,367.4928
358.5336,368.9325,370.7500,372.1154,371.4676,373.4619
349.6022,328.1445,331.7651,327.6253,329.9365,325.3941
386.6095,386.9388,388.1032,388.4808,382.6161,384.1273
393.6702,377.6520,380.9525,376.5947,377.2906,375.9122
355.6940,363.3080,371.0862,366.1868,365.3405,364.9607
363.8671,393.7889,396.5198,395.4332,390.7398,392.4149
348.5328,355.3985,353.6071,352.6414,353.7518,349.6510
327.2126,317.2127,318.0090,316.3568,314.2253,317.2346
336.8899,338.9154,339.1204,337.4635,340.0117,331.5691
363.4984,373.2058,372.4677,373.3959,374.9974,372.4768
345.2885,378.9464,374.3023,378.5358,375.2033,379.6346
424.8382,400.4730,398.1457,399.5248,396.1147,393.2670
307.4553,312.7302,310.9573,306.2105,310.9771,310.7538
312.4300,331.5284,327.0573,327.6725,334.3566,335.4972
395.7419,406.9691,402.3639,404.4713,402.5599,403.8990
380.1940,366.4911,365.7323,364.3859,363.8908,367.5995
389.9466,377.0019,375.4621,373.2130,375.0110,373.4023
373.7508,379.1548,380.9333,380.3174,379.1497,378.9798
345.0801,335.9662,334.0286,333.4053,333.3168,335.3585
327.9590,353.1591,353.7526,350.5416,353.7577,350.5391
330.2850,323.2629,319.4745,315.1287,321.5590,321.9675
422.7913,406.9256,402.3771,406.2282,401.6561,403.7564
350.0594,346.9590,344.8540,345.5992,346.4965,347.7917
379.2593,372.7325,369.5127,370.7407,372.4885,375.1192
335.2869,351.6455,356.5162,358.7682,358.5136,355.8552
352.8227,373.3093,373.3032,368.4161,371.7599,366.8374
394.0377,387.0479,388.1595,384.4030,385.9364,384.7463
388.0896,371.8920,369.7129,371.5511,370.3185,370.4205
330.6471,347.6517,353.6501,345.6469,349.0967,348.0289
336.5494,338.4178,335.5664,333.6639,337.5715,333.2680
355.7704,374.5232,375.3883,377.8109,376.5904,375.3167
392.9117,399.6703,407.6844,407.8736,408.8733,407.4859
433.6623,414.4698,418.5012,424.8651,420.9933,422.6293
425.9914,415.3620,416.0192,414.6776,415.4745,412.4380
369.1479,371.1322,368.1561,367.8529,373.2744,373.8960
427.5030,411.4758,406.4179,410.3902,409.3577,409.9559
376.9220,356.6576,363.0907,359.2367,360.6049,356.4981
313.7597,340.1062,331.9198,335.1594,335.1888,340.3560
349.0613,341.1346,338.9329,336.1606,340.4857,343.9749
395.5835,379.1616,383.6039,379.5585,381.7524,386.8210
455.5726,422.3483,425.7684,422.3764,426.5114,430.4338
376.4079,363.8826,366.9292,368.4489,364.1523,364.4414
432.2122,415.5428,409.4993,414.9414,413.8237,415.7069
334.6865,342.7147,341.8719,341.1633,341.2266,339.9662
361.8611,378.6610,378.6299,379.7870,373.8581,370.7199
415.8745,391.9760,396.7433,394.6750,393.7611,398.6942
361.8976,368.1555,366.3435,368.7957,369.0087,371.5530
416.9635,423.6340,424.2839,426.6158,428.8809,427.3382
338.0294,341.0101,339.8050,339.5078,338.5986,333.2527
328.9852,354.0072,353.9433,350.4428,354.2564,357.1404
341.5286,329.0661,323.8200,323.6654,323.9035,319.6375
388.3634,373.3830,371.1051,373.9233,374.1032,373.4116
450.0836,427.4797,420.9786,429.4986,430.4521,429.8913
390.8924,377.1689,379.8066,377.1508,375.0524,370.0444
337.6767,337.0422,336.9109,340.0876,336.4589,340.7635
377.8447,389.8280,390.4618,391.3533,395.0904,390.7917
407.8655,362.1783,364.6583,366.5346,366.1412,368.5443
349.9134,352.7023,355.2869,349.7754,352.7729,352.6059
368.1610,362.8051,363.6031,359.4309,362.5203,363.2375
384.7677,410.7855,410.8080,415.9918,419.5563,420.2541
371.6265,368.7550,366.3853,365.7580,366.5383,368.2394
353.2908,380.1445,386.4484,385.1129,385.5836,386.5190
395.0113,384.7078,394.9566,387.2636,387.8508,391.1705
376.9489,393.3438,383.3396,390.6874,391.1554,386.3477
326.2170,336.7565,331.6706,329.1042,332.7144,334.7825
319.9042,336.7144,333.7189,332.1675,336.2235,329.8420
438.3542,401.5081,409.5005,407.3179,405.0134,402.3884
376.1241,374.4364,370.6247,373.5503,372.4571,372.9521
323.5554,332.2234,331.7434,329.3120,329.3322,324.5716
305.2793,322.7773,318.2910,315.0624,319.4362,318.6897
352.2193,326.3049,327.7725,325.6170,325.3281,323.1530
319.5375,342.7638,339.9856,336.5354,341.1540,338.8747
358.8725,350.2680,356.4185,328.8885,351.3000,346.8291
367.5320,372.0943,375.3427,374.0914,374.1257,375.4982
384.6978,367.6578,366.1220,369.5774,371.1101,374.8094
376.6133,362.1012,364.6409,362.8181,363.9066,362.5362
349.9747,334.4845,333.3247,334.2704,337.0545,335.6008
364.5101,364.7443,361.5656,363.1455,363.5876,365.8192
389.7736,386.9921,382.2467,380.7444,380.8414,386.2304
375.1814,350.8728,348.7020,351.0449,348.3011,350.1826
362.0346,350.9633,351.4796,351.5995,352.5407,355.2948
317.2392,322.6158,322.2036,324.1249,321.5768,323.8582
429.6747,441.3714,442.1926,446.9237,445.1225,444.6535
349.3424,362.9355,367.6565,373.3586,370.8824,361.9729
312.7180,323.2455,324.2097,318.6436,324.1252,321.3267
351.2155,360.1142,362.4432,362.0640,359.7319,358.0548
385.6129,385.8058,380.7146,384.0549,383.3223,382.7196
410.7876,396.5940,399.2591,398.0678,389.7031,400.3860
328.1606,340.0147,338.6832,340.0954,341.5278,339.8153
369.9743,352.2197,353.1489,352.5944,355.8011,357.7984
451.2671,414.1752,418.3047,422.5575,419.0455,418.7971
322.2496,304.6199,296.9640,298.7960,298.4750,293.0298
424.5953,420.3139,427.2410,423.8322,429.4186,427.5087
348.6329,338.1292,332.5123,325.6172,339.3703,334.0651
347.2693,361.7986,358.8026,356.8628,362.0024,359.0215
397.6276,362.9255,355.9377,361.4236,360.1339,364.4567
325.8671,357.1317,357.6943,353.7145,359.1580,357.1687
458.4580,432.6470,433.8561,435.2812,438.0001,441.9568
400.7295,377.4713,380.5089,381.7854,381.8389,379.3747
354.1630,366.0481,373.9464,365.0038,379.5948,368.4695
377.9537,383.8860,387.8753,386.1515,385.1924,386.7712
408.1982,363.8725,376.4768,374.1597,377.0068,388.8343
387.4024,387.6337,386.9125,389.3529,390.4038,389.9260
361.7773,341.9590,339.9496,338.5883,342.7948,340.1383
409.1274,383.5461,385.4493,388.4433,381.3391,385.4958
369.8841,387.7719,389.1292,386.5022,384.5816,388.1018
380.3548,386.0456,386.5907,391.0551,391.3136,393.5221
396.7321,404.7587,403.4188,404.1152,402.5827,400.8584
385.8462,363.3318,366.3210,368.5441,364.6223,364.8037
355.9995,388.1577,381.3856,378.1038,380.2179,391.6337
351.6659,330.2780,333.0898,327.3771,331.5782,331.4032
328.7313,351.7621,348.7382,348.3286,346.3686,359.3672
388.6880,396.1271,396.2169,399.8946,401.7889,399.0619
352.1768,360.7835,365.4140,359.3947,363.5049,354.5799
321.4880,327.0441,327.1142,325.5862,326.4555,323.8069
345.3854,343.7110,339.5590,343.1407,342.0491,345.3835
439.9698,433.9883,437.2614,434.1704,438.9999,437.0291
370.3512,389.7420,375.6190,385.2411,377.6405,380.5496
351.3090,356.8796,348.5491,352.9481,357.4972,358.5952
419.2632,388.0031,385.2950,393.9483,390.5723,389.9030
369.6378,354.1488,351.7873,357.2664,355.2001,351.3698
354.0836,352.9153,353.6948,353.6748,354.7428,352.2887
375.2319,374.1891,374.4237,375.2242,375.2362,373.6895
342.1743,327.5856,327.4168,323.8234,325.2005,326.2161
409.8254,402.4507,404.9484,403.4762,407.2099,404.4282
382.1905,380.3412,383.4720,381.7838,383.4346,383.7706
400.1464,388.4642,378.5845,379.0369,376.5793,379.6121
358.7086,353.2778,353.4753,352.0057,352.2752,348.2733
417.5394,416.1737,414.2182,414.7540,415.9952,412.5244
370.6486,378.6005,383.6117,381.8937,377.9476,380.1583
375.1031,393.8363,397.0046,393.8098,390.9085,395.9138
346.5014,368.5069,368.1645,364.8123,368.3358,368.0330
425.9951,426.7473,430.6193,426.6947,429.8863,429.3440
401.4551,400.0808,402.2007,403.0150,400.1173,401.0828
394.4825,393.1647,391.6976,392.2894,389.8561,392.1362
363.9611,363.8464,358.5611,363.6908,360.2800,358.5449
372.1108,368.9986,368.3913,365.0295,365.9317,368.7054
343.0085,364.7968,362.0303,363.7789,366.7666,364.5265
381.3823,375.3055,373.9673,370.0752,373.5632,378.0807
398.5884,390.3900,392.3251,393.9239,392.8039,391.2288
331.1430,364.8531,366.3196,362.9084,364.4301,367.1818
356.6099,391.7361,393.4727,385.4990,383.2648,383.5580
353.5606,401.0304,400.5931,399.8179,397.8731,400.2860
368.5578,386.6666,387.5006,388.4991,390.8282,390.8930
349.3765,352.2694,351.5270,356.1513,356.0080,354.5411
346.6797,345.3271,346.0723,343.5162,346.6723,339.8519
390.0347,391.6547,382.4791,393.2894,392.8135,393.6388
347.9348,362.0943,363.1911,358.9503,363.9915,364.5260
377.0748,346.0601,348.1843,344.7195,345.7649,341.8318
393.0699,408.2713,413.0325,407.9138,410.4223,410.6134
370.6218,362.3559,358.5054,356.9226,360.9198,364.5887
356.2668,334.5188,328.7796,331.8920,330.8325,339.5044
364.0729,382.3682,381.9799,378.4754,378.8206,379.9745
430.5183,417.2918,420.2904,419.2458,417.7884,419.2828
371.6904,362.0110,359.3929,361.9926,363.0481,361.1830
403.9928,401.1024,404.3134,401.6094,406.8846,407.1718
397.9207,412.2805,406.5714,406.8447,406.5380,405.1803
369.5668,373.7594,369.0826,367.3611,367.2280,368.2354
357.6971,382.8042,379.3613,377.8562,379.6706,382.9782
400.7616,416.1461,414.5832,413.6325,411.4280,415.0433
382.5606,404.4785,409.7412,409.7552,412.9914,413.3633
414.1059,392.7925,392.8076,395.4300,395.7000,390.3053
401.0049,388.3561,390.6463,387.4747,390.0940,390.7402
416.0391,402.2847,405.1142,407.4454,406.3321,403.1541
330.0968,304.7735,297.3725,292.8433,296.5331,298.8675
302.6085,297.7076,296.1959,291.9352,295.9765,291.8289
381.7703,368.4811,366.6760,366.0135,370.7879,367.4277
416.9465,394.3701,400.1176,407.7322,407.1396,400.9572
362.7546,363.9058,360.0247,361.7754,361.2715,363.2867
361.5794,351.9409,346.5479,349.4287,351.2943,352.8070
364.7595,347.3959,350.3542,347.4441,344.7665,351.4820
408.5467,390.0500,393.0151,387.1799,389.6812,393.4165
356.1417,361.6039,364.0848,362.3339,366.5132,365.2348
383.2662,395.1919,398.7442,395.0360,394.7403,395.0095
335.5098,343.3131,341.6271,337.9847,340.6284,343.9379
349.4221,325.1342,323.1411,319.5053,321.1301,324.6776
341.0216,351.3051,352.7278,353.7130,354.6930,351.9496
374.3490,378.6363,378.2474,373.6124,371.2631,371.8210
367.8904,351.2953,350.0405,349.7062,351.6416,351.6327
441.8220,439.9139,445.5020,444.8039,446.5132,452.8285
348.0794,365.3458,361.8456,365.4154,365.6525,364.2344
397.6377,400.6158,395.6154,395.7425,397.9647,399.9754
402.1228,388.9591,390.7484,394.1115,392.8852,391.9345
330.3257,337.6674,339.4265,331.7529,337.8331,336.2544
439.0482,412.3662,405.7195,405.2693,408.2393,408.3832
368.6789,361.4863,361.7446,358.8888,360.4653,353.1272
352.1747,364.0264,364.8814,365.5073,369.0227,362.7197
391.0942,395.8263,396.5201,395.4991,394.0303,397.4527
400.8726,382.2389,377.7998,385.3464,377.5800,382.1741
381.4496,378.8697,381.0643,376.8835,372.8777,370.2628
386.0433,363.6065,364.0764,365.8245,364.9067,366.4995
364.8823,365.9705,368.9249,365.3746,368.3386,371.3935
385.1497,373.6885,371.6891,371.5592,371.3955,373.7912
323.5838,322.5541,320.5346,320.5838,316.4308,321.6298
414.4329,392.7954,391.4525,393.2209,394.5111,392.1984
414.6812,393.1164,394.7880,398.1300,395.3755,395.2466
445.5603,400.7749,404.1002,404.2383,412.0379,408.0940
419.3139,391.2853,392.5681,397.6208,390.5558,392.6332
415.5726,412.5103,410.3824,415.3666,413.8452,409.2650
344.6028,354.3930,354.4042,351.5904,352.0666,351.2562
418.8057,392.0030,391.2900,393.6074,394.5909,393.5155
417.3104,412.0750,411.6905,412.9878,414.4058,415.6374
417.0309,423.1087,424.3831,423.0552,425.8969,423.6635
368.6494,346.8618,341.1912,342.4409,345.4732,341.3727
319.4526,340.8554,340.2011,339.8541,342.5853,340.1025
329.3836,346.4759,352.5905,350.0778,350.4962,354.1787
405.3678,394.6693,397.4692,399.2755,397.6209,398.1306
379.3981,382.8969,379.2938,378.9403,378.4719,386.1965
372.1625,364.4457,358.7986,359.0996,364.3602,368.8523
358.5932,358.0343,361.6450,359.5490,362.7222,360.7992
421.5785,399.3121,404.1717,404.0767,403.8965,401.9568
357.1965,384.6173,377.5175,378.1753,379.1277,383.1971
360.9394,379.2437,379.2523,373.6493,376.5959,371.6799
366.9256,374.6060,372.9995,373.8212,374.5608,373.5922
414.5635,422.6430,427.3112,424.8419,421.8795,423.7315
330.3536,334.1148,331.0551,329.7283,331.2126,341.1945
358.3448,369.2373,365.8689,365.7041,365.6459,366.6530
425.5809,416.5415,417.2511,420.0139,415.6227,410.6064
336.1066,346.4470,346.3756,350.9108,350.6598,348.8629
389.5320,436.1195,434.2345,435.7998,435.8588,438.5652
374.7240,372.2116,368.2193,374.9221,374.7710,374.1534
410.8164,380.7230,381.6072,381.8506,378.8478,383.2723
415.3490,431.7710,426.7151,424.5044,431.3502,430.3883
362.1718,355.3396,359.9831,355.5718,358.0826,357.5760
419.8855,404.4251,403.2855,404.6099,402.7887,404.1903
327.4847,340.8565,343.1284,339.3053,340.7565,342.4753
395.5327,379.7247,376.1035,377.3399,375.4874,380.4891
366.3296,365.6570,367.1938,367.6422,367.9995,360.0503
422.7920,412.7592,407.2969,411.3464,403.8328,409.9686
418.8101,426.5603,426.4934,427.5481,428.1960,427.2701
342.8511,344.7282,346.8312,345.5738,346.7830,345.7202
326.6705,327.9438,325.9055,326.2621,329.3803,333.9457
407.2908,412.7371,417.2445,414.9394,417.0278,416.6321
370.2731,360.3267,361.4483,364.4150,364.5518,364.2980
364.2463,385.3128,384.1629,384.0881,382.1955,385.3157
377.0737,384.1407,387.4593,386.2257,385.2543,387.8623
407.1403,383.0064,381.3605,383.2588,383.4817,384.4023
373.8257,392.7117,393.8391,390.3214,390.8792,391.7636
318.2760,321.4905,323.3333,318.4220,323.9479,322.2114
388.6344,392.0779,399.0277,395.7917,397.9440,398.0437
392.7634,376.7969,379.6559,376.7236,375.0389,373.4209
356.8327,367.8256,369.2915,371.2073,374.8755,368.1156
405.2113,389.0594,390.7807,392.0112,390.4815,389.2514
442.9603,433.8199,429.6626,435.6268,440.5740,436.6186
401.3277,399.4016,396.9717,399.6539,397.2873,396.8853
368.5741,362.4211,362.2560,364.0363,366.7417,366.9411
311.2651,308.5051,308.6460,304.6795,305.3454,306.8535
376.2561,382.6912,388.6099,388.9183,385.0908,386.3664
288.4106,294.4993,299.4413,290.8708,292.7878,294.0575
342.4107,389.5361,384.9452,389.1062,390.2838,382.1009
416.5739,414.8048,416.0463,416.5510,418.3136,420.1140
453.2805,415.6189,420.0623,419.3729,417.1450,412.9156
393.7869,416.4109,417.2938,423.4919,415.6772,416.2738
359.9006,351.1838,348.1309,349.9071,347.6526,345.3989
330.9772,357.9461,357.2849,353.0760,357.6858,355.5101
384.8565,372.8430,368.5991,372.9522,372.4620,368.7834
410.9410,407.1724,411.7496,404.2892,404.1490,400.6317
363.2453,364.7257,364.9211,366.4812,366.2276,362.7652
331.3905,342.5832,342.0491,339.7745,344.0966,352.5208
427.9904,414.5720,411.5758,412.7405,413.2336,418.9827
334.3889,337.7409,341.1448,335.9767,339.5547,334.6436
415.0464,403.5733,402.1732,405.6267,406.5844,408.2169
467.0007,413.2002,411.7712,415.7835,417.3224,413.3160
382.1695,374.1716,372.2113,375.0534,373.9678,373.4888
383.5483,389.8177,387.9339,387.4768,387.5694,386.4718
354.6595,337.2343,338.1684,337.0962,338.6656,337.1150
382.0247,405.6685,409.6615,408.3151,409.3264,409.6782
341.7607,328.9392,324.6031,322.2644,328.5018,326.3733
353.4161,352.6813,354.0044,351.3387,353.0097,349.8252
340.9685,324.4522,324.5538,317.0654,322.4912,320.4876
402.9082,389.6959,395.5841,391.4929,396.2520,396.4778
396.2703,414.1508,420.7110,415.3003,417.9513,418.4396
413.2312,412.7203,409.7569,412.7391,418.4113,416.2965
