true,pred1,pred2,pred3,pred4,pred5
365.8869,404.6640,401.9817,400.0249,405.1511,404.0908
304.9546,315.8501,325.9187,324.6589,320.3016,321.7975
361.4368,380.4442,383.8760,380.9669,381.8152,384.6331
360.1403,370.8341,373.0868,372.3984,373.1876,371.9507
334.8007,346.7314,348.5478,349.8257,344.0575,345.9584
440.2627,390.0890,395.8109,389.4097,389.5236,392.9313
328.3493,322.0518,322.7161,323.2648,324.7062,325.1344
366.2561,369.0890,375.0269,372.3693,372.9439,369.3611
357.4685,395.3185,393.0837,394.8290,395.1252,394.0389
353.0170,359.1467,358.6300,358.2509,360.1765,358.2609
381.8796,367.9288,366.9972,368.1465,365.1157,362.9532
359.5296,356.4667,358.5299,355.4071,354.8011,353.7966
355.4878,361.6030,362.3939,362.4639,360.0507,362.5461
374.8454,364.4146,362.1369,361.9112,362.5135,361.7891
365.0687,384.6356,390.8154,383.8938,383.4983,386.1661
363.4244,359.1983,359.3155,360.6180,358.2311,359.9336
347.2417,334.5754,337.8831,341.5034,337.9667,341.8579
355.1904,373.4889,378.0768,374.2926,374.5016,376.0971
368.0445,366.7898,365.9876,367.8770,365.8086,366.7586
375.3332,388.5423,391.5998,389.5680,389.4600,387.7042
396.7330,390.6868,395.2554,387.2760,397.5330,392.6405
363.8777,347.1038,350.7828,349.5141,349.3559,349.8455
374.4044,387.3413,392.8359,389.5199,390.8510,390.4987
389.3313,380.5306,381.3361,380.0994,380.1898,382.3241
349.9657,373.7659,374.4122,376.7556,373.6167,376.8856
424.3187,401.2890,400.5848,403.4642,402.9069,398.8520
315.8220,360.0050,358.7742,359.6660,359.1581,359.7729
412.7356,398.2562,398.2772,396.5257,399.3877,396.0601
388.4928,368.3996,370.8752,368.8492,369.5413,371.2340
352.4738,370.4890,370.7744,370.7902,369.9217,372.7659
413.2829,386.6603,384.3496,382.4344,384.4223,386.1627
397.2378,363.6427,362.3184,364.5606,361.4558,360.3490
400.5688,396.3951,399.7719,396.5919,398.0902,398.1194
355.3838,369.1247,371.9628,371.4358,371.2777,369.7088
405.8914,404.9241,407.4986,402.1979,408.5265,408.5766
403.2814,380.9383,378.0946,383.7370,383.0701,383.6063
399.4342,403.9785,395.4220,398.1620,398.1369,399.5433
387.8970,382.0995,381.2502,378.1424,380.9351,379.4445
390.1959,398.1109,398.4908,397.0205,393.7157,396.8806
361.7298,375.9389,374.1906,374.4254,374.8023,374.4419
343.0489,346.4308,350.1361,344.7391,347.7541,341.6360
353.5444,348.5977,348.3267,347.9248,348.5930,347.5971
320.6480,327.2419,327.7860,328.3629,328.5576,328.1036
420.4463,415.7636,416.2994,414.7241,416.7098,413.5726
399.9127,400.1808,403.8733,400.4336,402.7962,402.7088
398.1201,373.9749,377.7201,375.8340,375.2711,377.6111
377.7695,393.5806,393.1802,391.9124,391.7517,393.8620
375.2797,367.8509,371.6589,371.1178,371.5569,368.4185
385.9886,365.6113,366.2422,369.9010,366.8203,366.9212
395.2118,403.0072,403.4933,406.1308,403.2753,403.4354
362.2159,369.0442,368.0429,371.1533,369.7337,370.8551
378.6614,398.0337,400.8694,400.6806,398.5290,402.1829
403.7501,398.9243,398.2691,399.8414,399.2288,399.1030
374.8107,373.8727,373.5764,376.7016,378.8656,375.9874
346.5289,350.7331,353.7003,353.2022,353.1421,350.3651
382.5116,388.3277,390.6842,387.9748,388.2016,390.8872
464.9492,405.4117,406.2716,408.7718,405.3576,405.6465
366.4073,367.1462,367.2427,370.2509,370.2738,365.6304
347.0274,356.5571,359.7897,353.3955,358.8657,355.5035
303.9433,343.7216,344.2389,349.3162,342.5117,341.8332
304.1231,326.8937,325.2395,326.5092,325.5312,323.4018
355.8657,346.6103,346.3953,348.6883,344.6993,343.7607
380.3600,370.5768,371.0899,367.8695,367.1278,373.7464
385.2401,390.4317,388.3466,387.0750,386.8491,389.7188
345.8794,362.8042,367.0456,365.9262,363.8145,365.6242
389.3929,370.3051,368.6010,367.9899,367.2869,367.3646
367.4385,380.3659,373.9305,374.2688,376.7225,379.7515
348.1308,354.3392,355.2348,353.3155,353.8109,355.9879
457.0824,440.4377,431.5978,432.8943,436.0330,431.7439
384.0455,390.9348,383.5064,384.9316,384.8015,385.7675
376.7895,366.7784,366.2917,369.0342,366.8560,365.0445
429.2498,424.8927,417.0797,417.9435,422.6200,415.4260
424.9001,398.7554,402.7609,397.2052,400.3692,399.6396
361.0049,347.6195,344.1896,348.0473,349.2364,345.1780
349.5228,344.1205,339.3548,343.2709,346.9989,340.4053
354.5451,368.6786,367.8991,367.8922,370.8573,364.8572
407.0773,418.8084,417.1937,419.4168,422.1322,419.2555
412.2755,380.3947,384.2953,384.4234,386.0367,383.6061
318.1252,323.2346,329.8643,328.7712,327.2017,328.1085
401.4236,381.2665,381.1964,382.8381,382.1186,383.3773
375.6948,375.7731,377.3282,374.7976,370.6478,375.2980
361.4283,365.5026,368.9636,368.7139,370.0082,370.5009
378.8628,404.7792,403.1329,401.4723,401.8677,404.4336
328.7551,332.6131,334.1886,333.9400,335.5426,331.2550
370.7069,360.0542,361.8346,358.7708,364.3858,360.7717
369.0240,359.5560,359.1758,356.9545,355.6680,359.4096
418.0223,394.5177,397.7305,398.6443,396.4856,391.6084
364.7038,349.2451,355.0305,346.2534,353.2815,355.5470
284.6487,293.4037,290.9656,290.5259,297.6808,289.9058
373.2122,365.3850,367.4616,364.9401,367.6770,366.7883
372.8172,371.5555,370.6924,373.6863,371.6322,372.6054
339.0893,330.7953,330.7244,331.9990,326.5497,330.6457
314.0930,335.8223,334.7250,336.4005,334.1811,331.5279
404.0524,426.9351,420.2497,422.7864,420.0303,420.1146
391.8366,376.7019,379.1320,375.5867,380.4414,377.4385
434.2352,421.3951,418.6424,418.2527,416.5384,419.0320
402.6675,395.8765,396.7567,399.8958,397.9067,396.2069
323.7092,313.3514,315.1576,316.1095,310.8963,312.9241
341.4188,369.2147,369.8902,367.1234,367.1917,366.8519
359.5291,369.6759,367.9231,368.1122,369.0513,365.8206
405.2156,414.9778,413.4849,408.8278,413.8116,411.3971
349.4491,348.2972,350.1587,349.9113,350.6869,348.1936
357.5126,352.7183,353.6704,353.0525,352.7859,352.2261
357.9363,349.3082,346.4898,352.8599,345.4160,350.5851
358.2825,357.7330,359.3516,358.4623,362.1850,362.6306
425.6635,414.4503,415.8481,417.0380,415.5235,415.8539
357.8849,358.0184,356.0272,354.0892,355.4069,354.4460
346.5661,340.3767,339.9286,347.3641,343.3887,347.4287
378.7821,360.1052,360.6131,356.1960,360.3049,361.0302
345.3776,363.4717,362.3056,363.5124,360.3932,362.4219
361.6039,349.6661,351.1108,351.2704,351.9526,349.8423
422.5579,396.9639,399.4770,397.2488,397.4515,398.3710
353.3279,371.3658,371.8649,372.3726,373.8875,372.5473
360.8554,372.8814,375.4369,374.2795,378.4458,376.7968
364.3870,358.3760,351.4877,360.2571,353.9941,352.2246
320.5901,315.9494,313.8567,314.0096,315.8915,317.3197
348.6086,368.2211,369.8800,366.9907,367.3580,369.1571
355.3059,353.1734,353.5548,358.1870,356.4425,353.7188
335.0648,309.0942,311.4671,314.9681,311.4057,313.6594
347.3893,370.5505,372.0500,371.0353,371.6262,370.0327
403.8575,413.1030,414.3316,407.7220,413.7263,410.9510
362.5101,363.1644,364.0014,366.4851,362.7451,364.6470
355.4041,356.4083,354.2561,354.3847,353.5652,351.2715
382.7211,368.7031,371.6751,367.0903,368.6772,368.7329
359.3783,361.1979,362.4933,358.9889,365.7575,361.2115
325.5642,346.8755,344.8660,346.1790,349.2362,344.7505
365.5638,369.0156,364.7560,367.6477,369.4580,370.8730
337.3747,335.0696,333.4581,334.4248,336.9006,334.9597
322.8951,356.1762,359.6603,358.5715,356.6121,355.3598
371.9296,362.0939,359.8195,366.2644,361.5669,363.4700
425.3818,416.2193,414.3270,417.0189,413.0594,412.8218
413.1340,388.3900,388.7524,392.0039,387.0260,391.4675
357.1761,341.0607,343.2503,342.2666,341.2453,343.2004
384.8420,390.4571,388.3339,391.7275,390.8566,391.5995
352.1765,365.7952,366.2033,365.6061,364.9273,370.3378
415.8567,391.0366,394.2853,393.2740,391.3194,394.6527
378.3047,368.2564,368.4533,367.9053,368.1518,367.7933
359.0278,379.0812,379.3221,378.9050,377.4777,379.1071
392.6890,396.5204,400.6766,405.7217,403.0465,402.4379
366.2897,393.3571,393.0435,393.8986,392.3475,392.5641
451.0723,429.9228,428.0274,430.7360,427.3024,425.8226
333.9749,340.5816,342.8056,340.8067,342.0641,336.7941
378.9802,385.6097,386.6189,382.1112,382.8859,383.2590
387.2476,393.9907,396.6693,390.4368,391.8793,392.7934
329.6472,354.7215,354.0337,353.2272,352.1703,354.2287
412.7570,391.7772,398.8787,394.4650,396.2858,396.1189
338.5426,368.9641,368.4000,372.9742,370.8948,370.6103
327.1659,369.3042,368.1504,368.4949,370.0742,368.1180
361.4134,347.8485,347.7664,349.8078,345.3888,350.3220
417.2831,392.4431,395.8227,390.0568,392.4817,393.5559
326.7397,329.2495,333.2726,330.6643,329.6687,331.3929
381.3500,396.7455,396.0586,397.0620,396.0483,396.1153
349.1378,357.2652,357.6072,358.3530,366.1870,360.9073
374.8020,359.0408,360.1530,359.8045,357.5380,361.8396
364.7476,364.9178,365.1597,369.1292,365.7837,367.2877
400.5425,393.8118,391.9631,391.6073,392.0054,394.3814
362.3399,371.7255,372.5935,372.4801,372.8828,367.9076
307.7736,323.8087,326.1712,323.8102,319.7266,321.7745
345.3514,351.1332,351.8696,347.2088,347.4334,347.8470
384.9469,367.7175,368.3830,368.2156,366.7107,368.6540
372.9104,376.0394,375.3213,377.0464,374.3040,374.1630
424.8430,407.5374,409.9219,414.9102,412.2449,413.5826
358.9048,401.1762,399.5558,401.9913,404.4989,404.0775
382.0342,375.8917,372.5141,374.1725,375.6705,375.1441
410.2156,379.5243,379.5422,379.0713,377.4162,378.4753
389.8250,380.4563,383.4794,382.5108,382.9721,384.4151
384.4678,387.7445,390.8440,390.4817,390.7931,389.6414
370.4893,371.4318,371.8417,371.0898,369.6427,368.2732
329.3868,362.8896,360.6980,362.1574,361.5572,360.9152
338.8836,353.2316,356.8314,358.6135,355.2311,353.0245
354.6228,377.8507,374.2198,374.9435,378.3431,379.2025
381.6585,362.0373,363.7430,365.1616,360.6232,366.0204
364.0704,372.2157,368.3738,370.6904,367.2322,365.6418
385.9146,391.2509,386.8937,386.8660,390.9593,388.8521
362.5056,360.1837,359.1449,358.9704,359.5301,357.1622
362.0886,366.0416,368.8806,367.2989,369.4843,366.4498
301.5669,322.5687,320.8660,325.1126,326.6353,328.0540
343.9311,335.9109,335.9263,337.8598,339.3826,340.4157
409.2632,394.8835,397.2885,397.0953,393.2690,394.3963
387.1096,374.6546,377.8382,376.5514,377.6920,379.5339
364.4320,345.6936,343.3134,350.9616,341.7856,343.8218
390.9021,372.6316,371.7598,370.7695,369.8155,370.9162
375.1960,361.1592,361.7329,360.6097,361.0946,358.8911
366.4759,373.8390,377.6953,377.5322,370.1205,376.4209
391.8535,389.1067,388.8297,388.3923,388.4734,384.2541
375.4025,384.9159,385.1952,381.9271,385.3072,383.7185
365.5553,383.5729,383.0325,382.0217,384.1938,382.8268
345.9357,331.8045,333.5460,335.0631,335.5605,333.7684
364.8823,379.2498,378.2366,374.6360,378.1572,379.2158
394.2209,429.2923,426.6392,427.1680,428.9096,434.2903
339.9549,368.4973,372.7525,373.3768,370.8000,372.0515
356.8762,356.1211,357.4164,357.4335,356.4196,360.6152
352.6619,366.9841,365.2969,368.2370,368.7836,366.9175
403.8356,380.2891,378.4408,378.1309,381.0025,377.2914
371.2714,364.9019,364.2887,364.8016,363.7555,364.1155
324.2331,354.3992,355.5200,353.8325,351.2642,354.7339
371.5664,369.9536,371.5866,371.4232,371.3161,367.5618
375.8040,383.8986,384.7416,385.6698,384.5259,387.1188
419.2188,415.8653,412.4410,415.0752,416.9340,413.7469
399.7086,391.7031,390.6175,395.9618,390.2947,392.8746
336.1636,350.1834,351.0561,349.2042,350.6570,349.9581
351.8301,348.3054,349.1182,347.3991,350.3977,349.2987
345.3129,359.4577,363.2478,361.7371,358.4746,361.9908
370.4522,373.7207,376.9623,377.2932,375.6391,374.3816
326.2016,357.5058,357.7128,358.0665,356.3677,355.7773
373.1503,389.2987,394.5941,393.8832,393.9322,389.8372
336.6978,368.8247,368.5596,365.9965,369.3576,365.8324
383.9481,352.3604,357.7259,351.6921,352.5812,352.3466
425.9159,421.1499,424.6963,423.3271,420.8831,420.5457
374.6071,407.5467,405.7825,408.7325,404.3990,409.6010
363.4223,389.2696,390.7947,390.7652,387.5154,388.4632
387.9665,418.2948,418.2339,422.4109,419.9131,417.2920
317.7579,329.8724,330.8867,331.4683,333.4635,331.4792
413.7970,414.7803,412.4945,412.5261,412.5839,410.0071
377.1683,369.0620,367.9442,369.7451,369.6617,371.9387
429.6471,397.3323,395.3682,398.4659,394.0099,393.9658
338.3951,355.7215,352.1785,355.3336,353.3445,351.3045
402.9571,394.3201,392.0781,389.6750,391.2433,391.3243
389.5283,373.3442,372.8846,374.3609,375.7395,375.0487
385.0651,366.2325,369.0247,367.2823,365.5553,365.7351
415.4007,426.9133,423.4420,423.8589,430.3332,425.0902
384.9950,381.1784,377.6844,377.7818,377.8469,379.8415
393.7680,391.6386,391.5248,390.6151,392.2046,391.4358
390.9168,399.4550,397.6936,399.6808,404.5459,398.8030
408.2911,362.9320,362.4473,363.1300,364.6158,363.8095
373.1846,385.3503,384.7585,382.7324,381.6008,383.8904
365.3988,353.7125,347.4168,352.7793,347.0598,350.3087
382.4508,403.0675,402.1774,404.7224,401.7995,400.0748
403.7451,382.8615,381.7439,380.2031,380.2905,380.7225
344.8750,336.7209,340.1256,339.0967,337.7741,338.2720
349.1747,368.7115,370.8277,363.7222,365.1798,367.3526
404.9376,392.3125,394.9041,391.8117,398.7879,393.5046
414.5835,381.8941,382.5300,382.2263,380.3512,380.2923
418.0542,389.4533,390.9722,389.1971,391.4136,392.6167
365.7415,377.2228,375.6799,378.3936,377.4309,375.3936
369.0511,377.1748,369.3826,376.0099,371.2305,372.7599
334.7041,338.2805,337.3114,339.1916,334.9884,334.3167
399.1427,398.8543,395.2255,396.4842,395.3884,397.7482
407.6526,417.4153,416.8441,416.8724,419.6537,418.0246
387.5333,377.7063,377.7675,380.6920,378.3435,376.5843
379.1042,375.8762,375.8997,379.5767,377.8074,375.8414
427.7039,390.7849,391.2581,393.1840,391.4126,389.7578
321.4124,319.4532,319.8723,318.7448,315.5653,314.7287
424.5541,430.1094,428.4966,420.3877,434.6151,433.8107
323.7962,359.9428,364.8887,362.8152,363.4830,363.4761
361.3990,365.0377,369.5449,369.2977,367.5365,371.4241
354.2566,357.7093,358.1782,357.3268,357.1270,357.4185
406.3896,401.2471,403.9884,408.2922,406.5543,404.8195
333.7121,348.7936,346.8606,349.1306,347.9651,349.3346
400.6855,400.0631,398.3254,403.8256,401.6131,397.1140
393.6313,388.2952,388.5422,391.9758,386.4760,391.8841
412.1054,397.0893,399.5362,398.4913,394.4673,396.1062
396.1976,377.7041,379.2193,380.0165,377.0531,377.5449
382.6242,403.6279,399.0277,406.1652,400.6477,403.7405
408.0822,376.4319,378.6325,378.3499,377.4376,378.3602
368.7559,361.9773,361.9465,361.0385,361.7538,358.1581
350.8588,365.6481,363.3551,366.5443,365.5452,365.3757
404.0605,393.9218,388.2651,386.8661,393.7175,390.4165
396.0917,391.1780,391.6899,380.6223,391.4868,393.1780
343.2159,365.2261,365.1227,365.4744,366.5114,367.5086
351.0901,375.4969,376.5601,374.7895,376.4075,375.6497
305.0436,317.7307,317.7919,317.7430,315.0867,313.4813
384.0977,369.0007,372.1151,373.7084,370.7187,367.4727
365.4428,349.6917,349.2906,346.7090,348.0959,346.9969
411.8357,397.5995,399.5914,399.7268,402.8945,400.2193
370.9799,345.7538,348.0076,347.4093,346.1879,345.3431
367.6002,386.7889,384.6180,383.0611,386.3040,386.0547
388.7115,368.2019,371.7747,371.9477,370.8158,369.6436
373.7783,375.9023,373.4221,373.6855,374.3596,374.7209
380.0109,400.5949,397.4191,396.3375,395.0677,393.1575
376.0379,368.1857,366.7478,371.5790,369.5047,368.1113
351.9006,341.6651,340.4474,345.0246,342.1414,344.6065
405.3966,411.6248,413.9099,410.7644,411.4567,416.0665
397.5981,401.7750,406.8655,408.2012,403.0843,404.1318
452.3468,399.9025,397.9116,395.8679,399.4059,394.6179
368.8198,370.1481,371.1669,371.7129,373.6235,373.3202
423.6574,379.7373,386.8028,376.4861,380.5246,382.3522
390.8492,385.9628,383.6750,381.8032,383.8203,384.3756
341.9593,333.0810,334.2343,331.4030,330.4279,333.6885
399.1775,393.7158,390.5314,388.1467,392.6927,391.3039
370.8759,346.1916,345.6039,344.6359,347.4659,345.2248
406.5178,404.7380,403.0719,403.2726,400.5030,400.0933
384.6660,388.0035,387.9327,387.6307,384.5471,387.5045
341.9203,362.8769,360.8931,363.2135,361.5321,362.3832
376.8961,385.5018,393.9051,393.5745,393.3204,391.0662
386.4172,374.7975,369.5661,365.3345,366.7178,374.6039
382.6672,388.1285,388.6546,388.6950,385.1869,390.8819
444.0641,403.8428,405.3004,407.1247,405.1636,402.6498
385.9106,380.7609,383.5090,383.0901,383.9246,378.9914
389.6926,386.0811,390.9870,390.2462,392.3420,387.9899
406.8261,390.7818,390.2893,388.0296,390.0928,387.6502
348.2347,396.7493,394.7482,401.4566,396.4046,392.1279
344.9959,327.8392,329.3501,327.4934,326.9583,328.9344
335.9935,340.5708,342.4189,341.6189,339.9566,340.9075
417.0582,390.2441,389.6645,390.5970,389.1845,391.0492
439.2402,430.9425,429.4468,423.1573,431.4812,426.6681
409.5665,398.1484,397.6357,399.5544,400.9414,396.3946
375.6293,367.8585,368.2546,370.4062,370.3533,370.0522
415.0702,382.1604,382.4433,381.0574,380.7972,383.0771
362.7017,399.3867,403.6712,398.1813,403.6629,402.4293
347.5249,348.3248,350.1709,351.0901,350.4635,348.2350
366.8278,365.6842,363.7722,366.3939,364.8024,366.1467
445.5325,417.9519,415.7266,413.4362,417.4088,415.1078
404.7265,387.4024,387.2261,389.7821,386.4062,386.3972
382.7591,386.7245,388.3659,391.3275,393.5123,391.0781
358.2732,344.8535,348.8888,347.0649,350.7896,346.7847
364.2971,366.7544,366.8158,368.2372,367.8647,369.1991
367.0015,387.9069,387.1225,385.3477,385.3419,386.7555
351.6888,356.6805,356.0804,360.8915,356.0049,358.1891
372.9944,354.6386,355.9407,355.7697,354.8412,355.2037
346.0661,342.7253,343.0702,342.3412,343.6647,345.9598
406.8812,430.7001,430.2666,430.3016,425.4772,425.1618
409.0624,394.9763,393.4322,395.3326,395.5438,391.1129
362.6234,354.6487,357.0102,357.1812,357.2681,358.6915
420.9360,416.7494,414.6245,416.4203,414.3373,412.7954
346.0428,339.9052,333.9698,334.0914,338.6435,342.5651
346.9768,366.2349,366.5393,366.2358,367.7437,365.7940
388.5659,369.1207,372.2765,366.7632,369.4313,369.2194
386.8348,389.8931,388.8222,388.3445,392.2310,388.7819
351.3013,382.5089,381.9155,385.0511,381.9006,381.3864
365.3049,368.5410,368.5213,368.7498,366.5876,369.8730
359.8166,370.7276,370.3858,366.4150,370.0026,369.9366
409.4993,405.7689,405.2950,412.4973,407.3680,407.8953
373.8365,355.5912,352.9291,357.1740,355.1442,355.3026
368.5117,357.4176,354.6799,357.7098,355.7073,356.0061
393.6119,371.7277,370.9246,373.2967,374.6388,372.9244
368.4081,375.4920,373.5281,373.6408,380.1972,375.7701
325.7841,327.5362,327.8871,326.8798,326.9851,326.9265
376.8631,377.9173,379.3263,377.7644,377.4981,376.7289
385.5976,372.2056,374.9201,372.1214,376.8515,369.9353
398.8112,385.5130,386.2769,383.3649,386.3171,384.5769
408.1053,384.1741,386.2600,383.5165,385.2674,386.3922
326.5472,335.0674,334.5065,330.7929,334.2463,333.2230
348.1256,335.1945,337.7602,339.4401,338.8330,337.7160
354.8834,363.7032,361.8482,364.5604,366.4792,363.7569
376.2719,377.1480,376.4887,374.5337,373.2776,373.6862
361.7102,382.2856,381.7942,382.7681,382.3571,379.6795
454.5593,428.6888,429.4431,433.9389,431.7622,430.7834
359.1407,371.2975,375.0850,375.1575,374.4871,377.0549
361.5575,362.9499,362.9472,361.0078,361.0550,360.3363
372.2687,397.8144,401.1292,400.6337,396.9125,402.1752
350.8551,357.4280,356.1397,355.4038,353.0143,353.4006
399.6580,385.5246,386.9361,385.6403,383.2352,384.3558
322.1763,334.3628,332.1117,335.0561,330.1181,334.9886
393.9518,382.1810,379.1021,381.7101,380.5022,377.8298
346.6352,345.5825,346.4074,349.1893,347.6090,346.5969
368.9288,361.9645,362.8745,360.6722,360.5127,362.7455
363.7607,373.7646,370.0603,370.5169,372.9802,370.3894
338.6794,322.4187,328.1341,322.8024,317.0498,322.5174
375.5712,394.0675,395.6844,397.3330,395.7955,400.2645
369.3559,368.5071,366.1890,364.6095,363.2875,363.6931
338.0971,347.5482,350.5902,349.2044,344.7430,351.0875
348.2012,343.2216,341.9478,342.6911,343.1827,342.7833
424.1903,397.1898,397.1130,397.4310,400.6485,398.0467
376.8390,375.6829,374.8588,373.9740,377.7439,374.3201
399.9856,389.8366,390.9434,388.6793,390.6621,388.3655
363.2286,357.0266,356.0294,356.4028,354.8524,354.2795
341.8489,322.6408,326.2608,328.2608,322.0681,326.5170
347.0988,366.3458,366.6853,370.9802,365.9979,368.0165
428.4992,391.8515,393.4254,392.2726,390.2901,393.9965
442.4280,412.6106,410.4451,411.3338,413.5950,412.8757
390.9590,377.9238,380.0067,381.2368,381.0213,377.6689
378.6525,379.0255,378.8006,382.1364,377.9401,378.1376
370.4661,363.6392,361.1634,361.8960,366.3408,365.5112
340.7944,355.6232,357.6142,356.1445,354.3581,352.9452
383.3762,384.6542,386.8069,387.8055,391.1941,384.4815
334.9752,347.4031,343.3679,346.5100,343.4223,349.6944
361.9135,387.7397,377.5463,381.8606,379.9687,379.5746
392.5949,367.0449,366.5259,366.1665,366.5002,365.1434
341.8390,353.6776,357.6576,351.7718,356.3121,355.6554
392.2327,380.4703,380.3078,382.0566,379.6550,380.6839
359.3600,358.9238,358.4707,356.7106,359.5840,358.4864
399.7080,396.3780,393.3081,401.7032,394.0089,393.0788
399.2041,391.5354,390.5739,394.3746,389.0165,390.9016
350.7068,358.5001,359.0270,357.6754,356.1932,356.2872
415.8977,416.8363,417.9850,415.2006,419.2291,413.8574
376.1487,384.6792,384.1358,383.4870,386.2156,382.3683
382.1525,362.0209,361.2789,360.5913,363.2605,361.4234
409.3721,383.2593,383.6554,382.9592,379.3514,383.3517
361.2283,361.9717,357.6216,360.5931,360.1105,362.1080
417.9668,393.1007,389.2511,390.6605,392.2474,391.8443
394.9504,393.3692,393.1223,392.7513,393.7109,393.4626
395.6225,396.7748,398.6736,396.2661,399.4432,390.5159
369.0938,356.4090,356.2011,357.6942,357.4380,358.8437
331.3340,359.7171,361.0826,363.3824,363.2327,359.3077
364.0959,361.8551,360.3005,359.3961,357.7739,359.4341
333.7089,366.8668,367.1254,365.4449,367.1704,363.7917
370.5301,377.1452,376.7209,377.3506,374.0027,375.9254
392.0918,408.4173,411.6345,411.4047,408.4787,407.1206
313.0561,340.5220,336.4390,336.8377,337.6477,337.6326
356.1170,359.7853,354.4560,356.0524,351.9916,357.7274
394.5428,396.1070,392.9473,394.7432,391.6437,393.3083
388.8035,385.8434,387.3950,384.3395,383.7900,384.1777
362.9695,366.8330,368.1972,369.7384,365.8469,368.6044
337.6411,364.0039,362.0024,360.8235,362.1679,359.8699
365.1862,365.1145,362.0872,365.0619,361.9080,363.8355
408.9071,406.0129,405.7731,402.7678,406.0517,404.2265
382.1131,375.8997,371.8998,374.0809,374.9800,376.5511
364.4072,341.3776,340.0099,336.7306,338.3545,338.0431
348.0411,359.5865,359.5531,362.2427,362.1350,362.2084
366.7114,350.6083,352.9271,352.5599,352.7042,355.5364
371.6198,382.0828,382.0889,383.8922,382.3922,384.0089
352.6716,352.0902,353.5514,353.7438,355.3123,351.6495
375.6361,377.2453,376.2166,373.8600,376.7015,377.1293
339.2495,332.0465,332.2209,337.6703,334.9165,336.0898
355.8145,347.4596,344.5954,345.7615,350.4689,345.0894
365.3032,348.8141,347.6932,348.0357,347.8359,349.6712
414.3315,405.1994,407.4299,404.4800,405.2838,402.6857
379.2786,352.2463,351.7495,351.8635,353.1608,353.5632
330.8902,330.4582,328.5794,326.7025,329.1370,328.2109
387.6966,385.9582,389.5108,384.6526,386.9821,385.4596
391.2959,404.3087,403.5810,401.6168,406.3191,404.7465
380.8087,372.6138,371.4574,376.2668,371.7718,372.1682
415.7699,401.6735,399.4074,399.5911,399.2055,401.5434
375.8341,379.2927,379.0917,375.0900,379.5299,377.8062
368.1038,377.0061,377.8643,374.9239,377.3815,379.3351
333.5947,369.8683,368.7428,365.4776,367.2033,366.8241
399.3059,395.5357,397.4650,394.7255,395.8903,396.9954
374.0856,379.4271,385.0529,380.3412,378.5775,376.6455
407.4931,405.3364,406.2457,407.4285,401.7904,406.8286
404.1956,388.6047,386.6839,382.6012,383.0964,387.6331
403.6906,404.3402,403.5389,402.5489,401.9363,402.4921
422.8833,410.5027,406.2356,412.5882,408.1563,409.0459
407.0562,410.0043,410.5729,405.8113,407.6404,408.0803
393.6302,383.5207,383.9981,385.8299,386.0606,385.1484
408.8385,412.9356,412.4708,407.5728,408.3124,409.0432
330.3940,329.7430,332.1995,334.2983,333.9557,330.3666
395.8841,378.8935,378.8822,384.1078,379.7931,378.9397
404.8918,403.8885,408.0415,401.6385,404.2533,400.9841
360.0556,375.6891,374.5806,375.1902,376.2819,373.3407
454.8328,441.8631,447.8117,451.5621,442.3178,444.5398
445.8825,433.5939,433.1716,438.2460,435.7236,435.8293
429.4426,405.0968,408.4930,407.0339,405.4813,406.1406
320.4800,343.4656,345.6994,343.7595,345.4661,346.1416
384.3941,389.7717,390.4498,391.8567,391.2612,391.2315
380.0182,364.6261,363.2475,365.6115,364.6057,361.8406
444.1242,404.6537,397.8198,400.4640,395.6323,404.2634
395.6961,408.3709,408.2316,408.1127,409.6913,409.3194
387.7772,391.3053,392.4966,392.4001,390.8949,390.4987
397.4501,381.1215,376.5375,379.3526,375.6344,379.9354
351.7733,320.2665,316.7910,315.6901,317.3720,315.1675
417.3079,398.2167,393.0915,397.6359,396.9854,397.3537
402.5836,386.3231,387.7438,391.7422,389.9246,388.4897
388.0438,368.3425,370.2183,370.6158,366.3931,366.3986
362.2053,352.5757,352.0085,350.9818,351.8272,353.1811
362.3628,396.1950,396.8586,394.3475,395.0509,391.2240
350.0055,357.6086,358.5585,358.0737,354.4378,356.9356
346.0058,361.3991,359.8171,358.1746,361.1410,360.4687
385.1232,389.1962,389.1955,386.6340,383.3323,387.7313
317.4642,332.8088,333.1789,332.6365,331.1268,330.9613
350.6834,356.8764,357.9629,354.5311,356.1580,351.4689
364.4221,378.3518,376.8691,375.0512,374.6622,373.7207
343.8852,355.1846,353.4826,357.9532,353.6181,355.7211
411.8817,401.3441,401.6150,402.1079,399.3376,398.8715
360.9593,377.7085,380.0118,381.1366,382.3712,382.7443
380.1935,407.0896,410.0786,403.9307,404.3802,407.4273
370.4482,400.6274,399.6149,398.8164,400.8341,396.8534
413.3569,406.0689,408.2320,411.8465,404.9391,407.4875
396.8178,375.1143,374.2045,373.8944,373.8176,375.5923
358.4522,379.6314,378.7972,380.7420,378.4154,379.6777
359.0183,378.1449,379.7761,380.3386,379.8393,380.4986
404.0075,399.8360,403.8458,401.4696,399.6800,400.5559
415.9542,404.8012,407.7003,406.4379,409.0626,403.5742
372.0262,389.0899,391.0005,389.5464,391.1754,387.3816
375.9264,383.0240,385.6311,384.3962,386.6266,385.0569
345.8801,348.7563,347.1765,347.3128,347.4390,345.5324
366.0204,367.0619,366.0882,371.7705,370.5764,371.4128
348.7287,359.8718,360.2401,355.0182,358.6361,358.6977
367.2767,365.9203,366.4899,371.3628,364.3755,360.9504
353.2359,338.6793,340.2717,335.8785,339.8122,341.6645
348.6875,383.3746,382.3701,387.5262,382.6165,383.1101
383.2333,362.0429,362.3941,362.2764,360.4713,360.1978
392.0255,386.6008,387.3013,386.1477,387.2474,388.1714
464.8315,418.7021,421.2728,420.6656,415.6005,415.7204
338.0895,359.4952,357.8535,359.5088,358.2034,355.9925
361.2665,346.0825,344.4691,344.3798,345.7711,346.2278
388.2661,381.0523,383.7176,378.8291,379.7175,381.0918
391.6921,385.5333,388.2195,384.3606,382.5860,384.4634
348.7061,354.5174,353.6817,353.2194,351.6378,358.1382
422.9252,407.6097,408.4666,405.6126,405.4720,403.0003
407.4822,409.1615,404.3674,402.7425,404.1934,401.0081
369.5254,359.2090,361.4745,359.8264,356.2227,361.6691
405.2362,387.0586,389.6038,388.9612,386.7765,387.1974
412.3038,418.0605,415.4927,416.0608,413.4225,412.0889
401.2952,389.2617,387.4421,388.3506,384.7189,395.7776
381.8391,386.5321,387.7704,384.7406,384.6238,383.6543
364.5512,385.8377,384.5779,382.7478,381.4059,385.8485
296.6503,333.8939,335.2821,333.2884,334.5217,331.9114
382.1555,384.4773,387.4633,392.3592,388.2011,388.2856
397.6809,381.6268,384.1514,383.8566,382.2327,382.6131
332.5664,342.6643,344.8558,342.9457,343.0076,339.6350
399.7493,388.2433,386.3091,384.8685,384.7746,390.8358
398.6381,388.8711,388.8957,387.9521,389.4333,387.6338
403.7752,381.0061,380.7086,383.0139,379.9437,382.2728
374.0317,383.3198,385.2261,384.4507,383.2571,380.6169
367.6874,355.2160,357.2307,355.4356,358.2661,355.5525
404.2295,408.3766,405.5408,409.0501,410.8349,406.9184
392.7091,370.2890,370.5548,369.8232,372.7633,371.8080
364.4344,369.6673,364.8865,367.1121,370.7679,366.9307
390.7545,364.0094,365.5264,362.5001,363.6498,363.5726
460.5247,416.6758,416.8827,418.3862,418.4216,416.1343
307.5269,348.8647,345.7413,347.2763,346.2122,351.2253
355.1172,371.4044,368.8862,371.8015,372.6651,369.0704
373.3210,382.6566,383.5724,383.5216,381.4093,382.3168
348.9029,384.9714,385.1896,388.3530,387.1158,387.8870
393.6877,397.0695,396.1811,393.7816,394.8411,394.6772
354.5742,352.6921,352.6828,353.6453,350.4113,352.2709
385.4751,387.1939,385.1625,383.6846,384.6087,382.9741
337.6108,339.4777,338.3992,340.2675,338.1486,336.6845
405.8789,386.2875,386.8790,388.2504,386.1525,388.2012
373.8749,380.1612,384.1595,383.1895,384.8297,383.6196
381.8611,381.2547,382.5482,380.1503,379.3727,384.2964
373.4845,392.2954,393.3065,391.9706,387.8486,391.3485
335.3165,384.6856,389.4677,385.4944,384.0239,387.6734
366.3022,371.8080,372.5181,370.7138,371.2435,369.3444
417.5107,412.4497,412.9601,413.5611,410.7212,412.5955
381.9722,402.6419,405.5171,401.9935,398.3339,403.2610
390.2446,387.4965,386.4078,384.7900,389.1107,391.4539
365.0479,400.1085,403.3049,402.1740,401.6751,401.8305
381.2875,399.0323,394.1683,397.2755,395.9603,397.2382
422.5253,386.3243,387.8132,385.0612,386.7375,385.9493
293.2433,308.9918,306.3808,304.7760,300.7316,305.1731
403.5358,415.9693,417.8555,416.7245,416.5813,417.9762
393.4115,386.7722,392.3944,390.0354,389.8520,388.7439
409.5409,400.1043,399.7613,400.6878,395.5772,398.2378
354.4179,358.2762,355.0965,356.6068,354.4737,358.7633
388.2392,380.0187,375.5104,379.7950,380.4831,377.1966
427.6814,390.4731,396.9100,395.4481,395.5864,393.0242
391.0328,397.8402,398.0540,403.5428,399.0665,400.1418
411.3433,395.5872,395.3745,394.1132,394.5386,393.1878
382.2860,395.4483,396.6847,394.6687,394.8627,397.1161
376.7176,367.6298,366.1067,367.0652,369.2561,367.8507
405.4306,397.8076,395.3690,390.8773,391.9056,391.0303
382.3940,396.7789,395.9511,396.5293,395.5911,393.2299
356.2417,366.6282,360.7855,368.3140,363.6492,367.2119
379.4056,381.7081,385.0381,382.0235,381.5712,380.8916
378.3956,360.5294,360.1996,361.9659,362.0131,360.2501
348.4916,366.1121,368.6247,366.8206,364.6073,364.6972
378.8610,383.1708,383.1481,383.8353,381.5927,383.3184
414.6166,388.7102,394.1415,389.4065,387.3061,390.8119
312.2821,332.1450,329.0384,330.1293,331.6942,329.9499
416.0663,401.9443,399.0706,404.3369,399.7521,398.3654
400.2976,376.5566,372.5335,375.1566,378.1731,374.5802
344.7808,353.9792,354.8994,352.5918,349.8857,354.3260
384.5720,388.4549,389.5105,390.6945,392.3746,388.3021
386.8736,391.2399,391.0936,387.8521,386.1888,389.1535
423.0630,391.9803,396.3906,395.5603,392.7151,397.0642
452.0702,425.8953,425.0031,427.1546,426.2592,429.8922
344.1848,356.7104,352.4470,353.2417,356.5069,353.5962
367.7311,381.6121,382.1227,380.7634,380.4830,383.3264
354.2261,374.2748,378.3452,377.4207,375.6973,376.8593
423.9480,404.7344,403.0555,407.9459,402.7694,403.9963
300.4747,329.4458,327.0131,327.9662,327.4287,327.8563
354.6825,336.3713,338.8373,342.9453,335.3832,329.4002
375.9459,388.5429,389.4182,388.1672,387.7593,386.6944
316.0678,312.8451,317.0110,314.4203,313.3918,310.8824
323.6078,324.5167,326.0647,325.2970,323.2197,326.0507
341.3852,339.0830,337.3359,342.2890,342.6304,337.1683
443.0497,417.4504,418.5164,411.9919,411.0270,410.9996
388.9924,406.0785,401.5599,408.4971,405.3118,401.9575
336.4189,338.1333,339.3660,339.0665,333.3702,338.6545
344.0917,345.0062,341.1382,345.0163,344.4000,341.1133
328.2657,320.1014,321.0142,320.8962,322.2231,324.2256
368.8277,389.9851,393.8351,386.8213,390.4723,393.8307
346.1715,352.3021,353.5749,350.8159,353.2352,353.4794
350.1971,360.5702,361.2811,359.0199,358.9138,360.0648
338.2911,332.6152,333.8554,335.4061,334.3892,333.9566
346.5342,354.7787,352.3882,356.0392,352.8679,353.0824
395.7013,395.6161,396.3774,396.8590,393.9508,397.9847
356.0429,347.3831,344.1478,349.5782,352.9247,349.3507
358.5336,371.4829,367.7623,367.1535,371.0908,371.0820
349.6022,345.7993,344.3835,342.4072,343.1420,344.4300
386.6095,394.0262,394.9132,397.4989,394.3072,391.9245
393.6702,365.5996,367.4592,366.4939,365.8133,366.3338
355.6940,371.8030,365.3982,366.4685,364.4084,365.5579
363.8671,398.4821,398.6960,397.8548,393.5359,399.9321
348.5328,366.8467,365.9841,363.8679,363.8493,363.7261
327.2126,315.6894,316.8842,317.7227,319.7430,315.6946
336.8899,338.2238,336.4127,335.8651,331.0858,335.3454
363.4984,374.7926,374.0602,375.8773,372.0865,375.4811
345.2885,371.3606,374.2502,375.4167,372.3864,372.4226
424.8382,400.3489,399.3567,396.6181,393.8571,391.2380
307.4553,316.9368,313.4130,318.3963,313.0433,317.4473
312.4300,339.9207,338.6655,340.6723,340.1327,335.4822
395.7419,398.0120,400.1111,400.4675,398.4413,402.6757
380.1940,369.9776,371.2918,368.6713,366.9393,369.8709
389.9466,366.7098,365.6285,360.6607,362.4327,368.2146
373.7508,369.2655,368.3648,369.3787,369.3429,370.9460
345.0801,343.8305,342.6335,342.7084,342.8721,341.6788
327.9590,348.6773,350.7886,349.3746,351.8306,348.7969
330.2850,329.6861,326.7286,328.8694,329.7728,328.4143
422.7913,404.0154,402.3518,402.0769,402.2695,405.2751
350.0594,353.6584,353.3595,352.4316,353.3478,350.7837
379.2593,374.9102,375.5138,376.4345,379.0088,377.0703
335.2869,362.0076,359.4247,358.3635,361.4426,361.6555
352.8227,391.9188,379.8747,381.4978,377.7838,381.4839
394.0377,379.6555,379.8522,381.0126,378.5436,379.9884
388.0896,366.7643,365.5089,365.5755,360.2120,369.5626
330.6471,363.8765,358.9930,362.2955,358.4611,364.1098
336.5494,345.1610,345.2652,345.9284,345.2366,345.4227
355.7704,381.5283,380.9737,384.7209,380.3149,377.4452
392.9117,398.1256,396.6059,400.4499,398.2452,400.1069
433.6623,415.2399,416.1012,416.3816,414.9384,413.0301
425.9914,410.1618,411.6514,407.3859,405.7098,407.2426
369.1479,374.2878,370.3689,370.5468,373.8980,370.6231
427.5030,418.1589,415.3536,416.6551,418.8367,416.8519
376.9220,360.5786,359.8610,363.6054,362.1755,358.7560
313.7597,341.2922,336.3264,340.7610,336.7109,337.4974
349.0613,331.0681,328.8376,328.3895,330.9778,330.5450
395.5835,369.2286,370.3399,373.8857,371.8222,373.7298
455.5726,428.1207,431.7581,423.7843,432.7678,430.3874
376.4079,351.5258,354.4103,353.5988,351.6233,346.7071
432.2122,413.7102,413.2834,412.9137,415.7299,416.7129
334.6865,334.6768,336.9830,337.2531,337.9264,339.3198
361.8611,373.8271,372.0632,373.5687,375.9348,371.2447
415.8745,386.9969,390.2278,392.2829,387.3380,386.7987
361.8976,381.7820,378.3377,380.4139,379.1475,380.6285
416.9635,421.6579,418.4704,423.6766,419.3469,419.4225
338.0294,334.4986,331.8537,335.7499,332.3441,335.2946
328.9852,352.6460,355.7886,354.5473,359.1977,355.2599
341.5286,334.7957,333.7431,332.6627,334.3270,330.3613
388.3634,382.3408,377.5593,378.5062,378.3203,382.0654
450.0836,410.4075,412.0361,413.9404,414.0202,413.7439
390.8924,388.8445,391.3602,394.1012,392.3150,387.8179
337.6767,322.6854,324.0088,323.4816,325.3861,329.3749
377.8447,387.0437,386.0130,387.1572,384.3722,383.0115
407.8655,362.6013,357.7276,363.0791,362.0777,359.6530
349.9134,362.2300,360.0566,362.3201,361.3146,361.8096
368.1610,367.2546,364.7666,367.9647,364.8609,368.6547
384.7677,414.3103,411.3324,415.9601,416.7859,413.8812
371.6265,357.4986,356.0448,358.2560,357.9330,354.8899
353.2908,387.7920,386.8287,387.9911,385.7728,382.5283
395.0113,391.6174,396.0893,394.5958,390.6646,391.8180
376.9489,390.3642,388.5387,394.0347,390.4274,392.9341
326.2170,349.2778,352.5912,350.3134,353.0543,354.5654
319.9042,347.1921,343.8650,344.1912,348.9624,344.9647
438.3542,399.8288,405.7653,399.8184,397.9533,402.0847
376.1241,363.9948,365.3637,365.2283,365.5953,368.4590
323.5554,345.9798,340.5291,347.2389,347.0876,342.1592
305.2793,314.8232,315.3072,317.8850,321.8108,314.5584
352.2193,325.2323,328.6682,329.9270,324.3868,321.9091
319.5375,351.8562,353.0280,350.5994,351.8843,348.3753
358.8725,355.4923,356.5674,354.1466,356.7080,357.5449
367.5320,369.0244,366.5302,368.6063,366.3293,369.0110
384.6978,361.7264,362.2131,362.8019,364.4403,364.6831
376.6133,362.6685,363.0666,365.3868,365.6521,365.0797
349.9747,333.8597,335.3483,336.2619,335.7702,335.7939
364.5101,364.6682,365.7513,366.0354,366.4819,369.4321
389.7736,389.1251,391.4303,384.8633,385.5554,388.5206
375.1814,351.8787,345.5750,350.4233,352.0331,348.7275
362.0346,349.5709,350.3817,351.5243,353.8599,352.7869
317.2392,335.9262,337.9764,333.8581,333.2190,333.9430
429.6747,427.2899,427.6263,427.9211,425.5635,430.5889
349.3424,369.2716,369.9055,371.9542,370.6830,369.8327
312.7180,334.6095,332.3211,334.4898,333.3784,336.0022
351.2155,361.3725,358.6413,360.0511,358.1156,357.4068
385.6129,383.1130,383.1783,380.5916,385.1333,387.2498
410.7876,391.9449,387.7742,392.7346,388.0702,391.1559
328.1606,330.9178,332.5161,330.6408,332.0678,333.4759
369.9743,361.3602,356.7460,360.0038,363.2514,364.2883
451.2671,419.1285,418.6259,419.0558,422.9337,416.7925
322.2496,312.6863,316.2936,312.4104,310.9273,312.7366
424.5953,410.8748,413.7180,399.4373,414.9308,411.5126
348.6329,339.2099,338.5369,339.0080,344.5768,340.7172
347.2693,352.2405,352.0892,351.3853,352.5130,356.2370
397.6276,366.2152,361.5783,363.2849,363.8276,363.2497
325.8671,358.7537,363.6302,357.0962,360.5809,358.4282
458.4580,421.1781,420.6387,424.5065,420.0843,423.2329
400.7295,379.3932,383.9318,379.0658,380.7395,381.0290
354.1630,380.6936,380.1575,379.3848,374.8018,381.6063
377.9537,385.3116,384.0324,386.0591,385.8993,382.9310
408.1982,379.1296,378.0461,379.6033,380.9132,379.2491
387.4024,381.6872,384.1215,387.5001,384.9680,388.2547
361.7773,344.4249,341.0226,342.4134,342.7546,343.1175
409.1274,381.2363,382.8083,381.4647,380.6296,384.5749
369.8841,395.8911,394.6095,395.4305,392.8381,396.2141
380.3548,392.4363,391.3387,394.3199,394.2517,394.5986
396.7321,396.1555,397.7183,397.4124,396.0501,394.8095
385.8462,367.2587,365.3878,367.4291,369.6853,368.2781
355.9995,392.7969,384.2674,386.4958,386.4682,389.9847
351.6659,344.7891,349.8753,350.8540,349.0353,349.4299
328.7313,344.0308,343.3007,346.6581,347.7895,347.5478
388.6880,398.9567,392.8321,399.7653,395.4508,397.2671
352.1768,373.1660,372.7459,372.0489,374.9334,369.8419
321.4880,333.4885,330.4566,332.7158,328.8285,333.5136
345.3854,342.8631,344.8606,340.7736,342.8515,342.7845
439.9698,424.8991,430.1246,429.2207,426.9178,423.6426
370.3512,380.3145,378.9564,382.2247,379.1392,379.9865
351.3090,356.7456,349.3692,352.1440,349.1514,354.5369
419.2632,378.6776,376.6099,378.8081,376.0078,381.1592
369.6378,354.0785,350.9168,354.1426,351.9830,351.7618
354.0836,359.3277,361.6021,357.5560,357.1969,356.7550
375.2319,371.1948,373.4607,373.0613,373.3911,372.7421
342.1743,330.6437,331.9530,331.4909,333.5617,330.6679
409.8254,401.1167,408.4250,402.3130,405.0412,400.5741
382.1905,390.1620,388.5924,386.0631,387.9868,391.4260
400.1464,385.0930,384.0465,386.0270,380.7761,382.0263
358.7086,359.2357,358.9018,359.5032,360.0508,358.4136
417.5394,409.3703,409.3392,412.6300,405.7239,405.4918
370.6486,383.8580,385.2576,386.3205,385.8015,383.7452
375.1031,406.3170,408.0586,401.8044,401.3343,401.6403
346.5014,369.1383,368.7859,371.7789,372.2598,371.2297
425.9951,420.3313,418.2045,413.8936,418.2500,416.2819
401.4551,404.8087,403.3494,401.9092,403.5081,401.7610
394.4825,385.1358,384.7855,385.6363,381.3666,385.2352
363.9611,363.2298,361.4709,360.6522,359.0163,359.7568
372.1108,360.0135,362.4844,363.4379,363.8890,363.1399
343.0085,359.4662,362.3408,361.8004,359.8029,356.8995
381.3823,376.6743,376.5350,373.8388,376.1892,377.4020
398.5884,386.4723,387.1600,384.1217,387.3799,387.7664
331.1430,359.2086,361.8587,358.6599,361.1706,362.3437
356.6099,387.0299,386.0705,383.4112,382.2505,385.7233
353.5606,407.3649,407.3050,406.1067,407.3211,405.5691
368.5578,378.5274,381.6651,379.0026,380.1498,380.7461
349.3765,348.4352,349.2588,350.1076,348.7912,351.7236
346.6797,339.0323,341.9236,337.3796,339.7674,341.1474
390.0347,387.4838,383.5745,385.7872,387.8019,384.8830
347.9348,368.8430,370.5434,370.7822,368.6630,369.8020
377.0748,377.6695,380.1725,376.9952,375.1318,374.1154
393.0699,402.3255,405.6066,405.8096,401.5140,404.1836
370.6218,370.3511,370.0737,372.1309,373.6396,367.5776
356.2668,329.6771,327.4208,329.0429,332.0979,330.2137
364.0729,374.1795,378.6516,376.9759,375.3845,375.4862
430.5183,424.0672,422.1886,423.8457,422.3207,421.7616
371.6904,353.8125,358.7023,358.8821,354.0714,356.9556
403.9928,404.9732,406.6603,404.9009,403.7029,403.1827
397.9207,399.1631,397.9336,400.1513,398.5125,397.6096
369.5668,375.6864,373.6297,372.7441,372.6625,375.7944
357.6971,392.4161,391.0268,390.8092,390.8955,392.4204
400.7616,402.7895,405.1222,404.5973,403.9822,404.7297
382.5606,421.6170,416.4143,416.4483,421.6141,417.9524
414.1059,389.3544,391.3605,392.6590,391.0642,393.0460
401.0049,382.5592,380.4959,381.6601,380.2296,377.3400
416.0391,398.0776,399.9714,399.2900,399.3107,397.3665
330.0968,319.8572,318.2001,319.9965,319.0554,317.2421
302.6085,312.2163,313.4318,316.2539,312.8655,316.7220
381.7703,363.4739,362.3255,361.2276,360.5532,361.2185
416.9465,415.1877,416.4741,417.2203,419.4497,415.3170
362.7546,365.6470,362.8548,361.1983,364.5526,362.5335
361.5794,354.4565,356.8101,352.7242,354.8048,358.7698
364.7595,359.2003,357.0032,355.9857,358.9307,358.0678
408.5467,396.4356,400.4713,397.9507,395.6720,394.7882
356.1417,349.4544,347.0917,352.4935,345.5053,350.1898
383.2662,393.5268,393.2395,392.9985,391.9761,390.5816
335.5098,353.8564,352.4789,350.0730,351.8583,349.5703
349.4221,335.5359,336.2370,332.9316,332.0831,329.5227
341.0216,351.7439,355.8336,354.5084,354.8898,353.4754
374.3490,382.5802,387.6529,381.2696,381.2162,383.9427
367.8904,346.1094,340.8818,343.0400,341.4202,343.5475
441.8220,438.4424,447.4473,443.9472,445.8092,442.0121
348.0794,363.8718,365.1328,364.7134,366.3503,366.2932
397.6377,392.2898,390.7171,395.1314,394.3197,392.4775
402.1228,385.1975,384.4008,389.4507,391.3989,385.8587
330.3257,352.0692,346.1078,347.7071,347.0549,345.1539
439.0482,433.3802,426.9111,425.4365,425.8021,427.4188
368.6789,365.8900,363.3461,366.7208,364.8562,363.9169
352.1747,364.7809,364.7484,361.9982,364.1621,359.4950
391.0942,387.4977,392.4876,390.5050,387.6449,391.1757
400.8726,371.1565,369.7050,370.6908,370.7132,370.8582
381.4496,384.9261,384.4422,382.5551,381.2155,378.6728
386.0433,371.7826,369.4778,371.3986,373.0950,374.2705
364.8823,366.0066,366.7828,366.3820,359.7176,367.4912
385.1497,361.0424,361.4762,362.7658,366.4295,363.0671
323.5838,327.9508,329.7424,328.0486,327.2274,326.5359
414.4329,396.3021,397.3905,395.9444,394.8200,401.9669
414.6812,385.8231,392.6488,390.0023,390.3324,386.8317
445.5603,407.2450,409.8033,410.0821,413.3144,411.7053
419.3139,393.2577,391.8316,398.0263,391.8164,393.9811
415.5726,401.2891,401.3031,398.4600,400.6724,400.0182
344.6028,357.2803,357.7107,356.5247,356.9992,355.8488
418.8057,403.6399,403.3676,403.5926,404.0564,404.3898
417.3104,400.0860,405.6893,401.0392,400.0607,399.7566
417.0309,416.5606,418.1285,421.1871,417.2430,418.5625
368.6494,345.6863,342.1126,344.1977,339.5550,345.3904
319.4526,360.5840,364.0248,364.4983,363.4209,362.5125
329.3836,344.6000,347.0849,341.8196,345.9742,343.9322
405.3678,383.2120,386.3813,388.0562,387.6784,385.2253
379.3981,377.4382,378.9342,379.0103,379.1895,378.3155
372.1625,357.2562,356.3063,354.3150,356.0709,355.8057
358.5932,359.1825,358.0268,358.1257,359.7733,355.6816
421.5785,401.6339,403.8544,398.9503,404.0582,402.7361
357.1965,380.8890,382.5582,382.7276,381.2395,381.9536
360.9394,373.5307,370.7103,373.5017,367.5869,372.0976
366.9256,373.6725,366.4269,369.7128,367.5092,369.4103
414.5635,414.2023,415.9797,415.3987,419.4527,416.1545
330.3536,341.6644,343.4297,344.4529,340.7342,341.9031
358.3448,370.7759,373.6103,369.2028,366.6561,373.1182
425.5809,395.7452,400.9377,399.5255,403.7388,399.7255
336.1066,338.5299,339.2370,343.5187,342.4503,340.1283
389.5320,425.5253,419.6849,424.1136,424.8368,421.7184
374.7240,371.3110,371.4590,372.8766,371.7521,371.9122
410.8164,392.5543,391.7782,391.3609,389.0110,391.3843
415.3490,422.6305,418.7737,423.2482,423.3984,414.4481
362.1718,359.5956,361.5966,361.9599,359.6098,364.6916
419.8855,403.0066,399.4969,401.7139,403.0516,402.9409
327.4847,336.0978,335.7165,333.4863,334.6941,332.0637
395.5327,355.8924,356.5895,357.1233,357.5970,356.8210
366.3296,367.2954,363.1896,367.4589,367.3637,367.2982
422.7920,387.1565,384.4696,384.5813,384.7097,390.6205
418.8101,412.3972,416.3011,412.5255,412.0600,412.4853
342.8511,352.3773,351.5830,351.8495,345.6084,350.3938
326.6705,335.7119,336.0471,339.6499,337.3589,336.4536
407.2908,409.2385,409.3816,406.8656,405.1635,407.9311
370.2731,366.7526,369.3455,368.6894,370.0566,372.4217
364.2463,388.5042,387.3769,387.5108,387.8622,389.7003
377.0737,382.9024,384.6597,381.6903,383.2527,382.9817
407.1403,386.3095,388.8376,388.3190,388.6242,389.4115
373.8257,382.4707,381.2051,382.1605,381.3077,381.7054
318.2760,318.0067,317.8709,317.1134,320.8749,324.2739
388.6344,401.0007,399.6021,399.8571,401.6438,400.5551
392.7634,376.1179,378.5712,377.1189,377.4806,376.1107
356.8327,365.2898,362.9616,366.2023,363.3654,365.1342
405.2113,388.0166,389.8051,386.9706,386.7419,391.0756
442.9603,421.0793,418.6461,419.3544,420.4243,420.0708
401.3277,393.5384,393.7024,392.5681,391.3005,390.8824
368.5741,351.8972,351.6059,353.9783,354.8605,355.6535
311.2651,312.3356,313.3000,313.6481,314.8902,312.6243
376.2561,392.7543,395.8131,395.9984,393.8250,393.8458
288.4106,324.4935,325.0291,324.0166,321.6897,328.2415
342.4107,374.1237,375.8489,374.9902,373.7304,377.1029
416.5739,405.5883,404.5674,405.4857,406.0136,403.2097
453.2805,401.5130,405.4454,402.4581,400.1908,400.7075
393.7869,415.0420,418.0096,421.1870,418.1129,414.8592
359.9006,334.9421,337.8307,338.8487,337.0786,335.0200
330.9772,353.1716,350.4501,354.4552,350.9875,352.0895
384.8565,374.9058,376.8835,378.7404,377.4523,379.3354
410.9410,422.2643,425.6459,420.9170,418.1938,419.6164
363.2453,367.2748,366.1235,367.3110,366.5227,367.2818
331.3905,346.2860,348.8712,347.7835,348.4320,343.7263
427.9904,413.6144,411.1239,411.5795,415.6963,412.3275
334.3889,346.5769,346.1528,345.7580,347.3972,344.9159
415.0464,394.8036,394.4214,394.5589,393.0502,397.2817
467.0007,402.9068,403.0397,401.6565,406.4781,403.3224
382.1695,357.5255,360.8127,359.2828,357.3283,355.6490
383.5483,378.4930,380.1432,382.7397,377.0316,378.2615
354.6595,353.1913,354.6852,353.5164,353.9585,351.7265
382.0247,409.9696,413.3324,411.2409,412.9772,410.6779
341.7607,329.0062,330.4840,331.3906,330.1739,329.8257
353.4161,349.2521,349.0733,348.4300,350.5206,352.2930
340.9685,328.7176,329.6625,329.0151,328.1626,330.6829
402.9082,393.0422,395.8583,395.7105,395.5445,397.8278
396.2703,419.1254,413.7814,417.6169,418.2340,416.8521
413.2312,405.7225,404.3030,404.9311,403.9177,403.4137
