true,pred1,pred2,pred3,pred4,pred5
365.8869,405.5175,401.3145,396.3434,396.1096,394.8245
304.9546,313.3911,314.2514,315.5129,314.1067,313.8473
361.4368,385.9067,377.0749,380.2617,386.6201,383.8959
360.1403,366.8903,368.9963,369.1489,366.7711,364.9344
334.8007,348.9523,348.4281,355.3291,346.7960,349.8847
440.2627,395.4751,403.1589,402.7903,397.2893,402.5874
328.3493,327.4121,326.8969,326.8642,328.6859,328.3400
366.2561,365.5114,365.4333,366.7274,364.9852,361.0119
357.4685,392.6556,399.9706,393.5528,389.5150,393.5399
353.0170,362.3207,357.4378,360.3221,364.3830,364.4328
381.8796,365.6328,369.9902,363.0954,373.2528,364.1472
359.5296,357.9486,355.6302,354.1504,354.5662,361.1671
355.4878,357.4712,355.3347,365.1580,366.9303,360.4630
374.8454,353.8054,353.8600,353.0577,351.0551,355.9717
365.0687,373.8134,380.0111,379.9297,377.8253,379.0363
363.4244,358.4508,362.5727,360.5643,361.9531,361.7391
347.2417,343.2175,335.0573,344.1592,340.8597,349.7328
355.1904,380.0194,383.9777,374.1471,378.3315,380.0326
368.0445,353.7328,361.6096,355.9916,359.0175,361.3832
375.3332,393.9464,393.3723,393.2951,389.0752,390.3051
396.7330,392.8503,389.1426,392.1989,390.4956,389.8407
363.8777,351.0497,351.7871,344.3936,351.9485,345.5621
374.4044,393.6850,392.5139,392.1137,391.3884,392.9023
389.3313,386.5096,384.9149,385.9312,382.5520,384.9734
349.9657,376.4815,379.9131,380.8025,374.6814,380.2401
424.3187,412.2562,412.9883,418.2778,414.6603,414.2353
315.8220,349.3181,351.8203,353.2813,348.9328,345.2084
412.7356,401.4305,401.4891,396.0009,392.6995,399.1948
388.4928,361.9912,361.7702,362.4810,362.2898,362.0115
352.4738,371.8268,370.6020,373.3571,371.9309,371.5081
413.2829,387.3520,390.3461,384.4622,388.0839,388.1200
397.2378,359.8264,359.0236,360.9567,362.1132,358.7048
400.5688,402.2918,401.4264,399.8262,397.2060,400.7921
355.3838,365.6899,363.3654,364.1544,359.2070,367.5503
405.8914,400.7553,404.8592,402.7790,401.8195,401.3624
403.2814,376.8832,379.4217,382.2059,383.3198,382.5568
399.4342,401.8338,397.6062,400.2779,400.8414,401.5980
387.8970,382.7339,381.3135,384.9420,385.3167,381.8486
390.1959,408.2544,404.7477,405.7035,406.0297,405.8590
361.7298,367.8268,363.4717,365.7297,364.9028,364.5512
343.0489,351.8738,351.3845,347.8663,347.7993,348.7252
353.5444,347.7112,347.1878,351.1352,351.8905,345.5194
320.6480,334.4974,333.2351,330.2708,334.3749,328.2294
420.4463,414.7741,417.3694,421.7543,417.1143,416.6031
399.9127,405.7799,402.5654,407.2302,408.0644,407.4234
398.1201,365.7787,366.8106,364.4189,366.3489,369.6734
377.7695,392.6062,394.6210,395.3107,397.3864,396.6766
375.2797,365.7838,369.3651,367.9310,374.5101,366.2367
385.9886,362.5740,365.5210,363.2218,366.0601,367.1560
395.2118,396.7188,398.0728,392.6139,392.8278,397.6196
362.2159,368.7746,370.2473,369.4875,368.9493,370.9087
378.6614,400.9649,394.8173,393.2583,393.5957,400.3843
403.7501,398.0491,393.2711,401.6526,397.7097,392.9782
374.8107,371.3751,370.8119,370.3242,368.2803,369.0892
346.5289,348.3459,348.6719,348.0286,351.5860,346.3008
382.5116,385.5403,384.8680,382.5405,384.7750,383.8986
464.9492,395.3840,396.7183,396.7670,398.9709,394.3630
366.4073,365.6531,375.6065,367.9435,367.1472,370.0578
347.0274,348.1578,348.1590,350.0408,350.4283,348.1013
303.9433,337.6012,336.1445,341.3334,341.5244,342.5002
304.1231,323.1324,323.5476,328.7411,325.2746,328.4901
355.8657,348.0246,347.3066,347.9510,343.9854,346.7500
380.3600,372.1036,370.4669,371.0850,371.3043,371.5287
385.2401,374.8350,376.8100,378.8422,376.3324,373.8745
345.8794,367.1330,357.6766,363.6600,360.2901,363.9501
389.3929,377.1198,377.5671,372.6801,377.3551,376.6213
367.4385,381.3878,380.2002,380.8441,381.9570,380.9194
348.1308,357.9937,351.5156,355.7064,355.7346,356.4556
457.0824,443.9666,440.6379,439.6700,442.5367,442.4171
384.0455,389.0858,386.8791,385.1934,387.9377,388.1282
376.7895,365.6780,367.1477,365.2511,363.1903,363.6619
429.2498,426.0238,419.9308,418.0219,424.5516,413.7787
424.9001,406.9485,418.3702,413.5021,408.3897,407.0714
361.0049,351.6329,352.8497,350.9548,346.5349,349.4927
349.5228,346.5982,349.5764,350.2790,347.6000,353.9386
354.5451,362.6480,364.6665,367.2044,363.2180,369.6524
407.0773,420.4630,417.8858,420.1223,417.6142,424.1992
412.2755,393.1838,389.6385,391.9137,386.0713,392.9880
318.1252,326.1754,324.1561,318.1609,320.4905,321.3703
401.4236,381.9705,379.7046,384.4845,383.9610,381.3273
375.6948,372.0412,376.0074,371.8778,372.4911,376.8163
361.4283,367.5502,369.8799,374.2184,367.5468,369.2713
378.8628,408.6484,407.0676,400.6484,406.7641,407.8109
328.7551,334.3822,331.8034,330.9745,330.2326,329.0323
370.7069,353.0870,358.2271,357.7798,357.1226,359.4377
369.0240,355.7126,358.6729,357.0871,354.5328,357.2208
418.0223,404.2287,401.2303,403.8603,403.7267,401.2267
364.7038,347.0279,343.4564,344.5221,342.9261,344.5904
284.6487,297.4943,292.9432,289.3419,288.1420,289.1309
373.2122,366.3459,364.4007,363.1646,359.3636,366.4343
372.8172,377.0179,381.3121,379.7829,378.3155,378.3130
339.0893,333.4097,329.0087,330.4742,333.8587,325.1345
314.0930,322.9828,329.0442,325.8471,327.4930,324.6485
404.0524,398.7819,404.8643,403.7875,401.1917,400.5920
391.8366,377.9932,379.5650,376.1890,381.3562,379.2381
434.2352,421.9857,415.8277,425.6394,418.7903,419.3855
402.6675,392.1548,395.3794,395.0516,390.0043,398.0775
323.7092,318.8582,318.3863,314.5911,318.8103,317.1420
341.4188,359.1255,361.3968,366.0369,356.6038,364.8889
359.5291,354.7370,350.7697,357.2110,357.8426,354.7669
405.2156,401.5729,405.2582,398.5342,397.5049,400.6895
349.4491,343.7661,344.7384,343.9116,341.0985,339.9630
357.5126,346.9080,349.3137,353.1973,349.3170,351.9507
357.9363,350.9006,348.0133,348.9911,346.5674,349.5929
358.2825,355.5029,355.5385,358.3418,358.8491,359.5070
425.6635,421.0105,422.7137,419.0807,422.6853,424.7949
357.8849,347.8798,348.1919,350.6568,350.2666,352.1253
346.5661,347.9770,347.4756,342.7637,346.1060,347.2767
378.7821,368.0437,362.6431,361.5052,366.9567,365.0251
345.3776,363.9995,366.6270,364.8738,364.9256,368.2256
361.6039,352.9408,353.4615,353.0701,354.3109,352.7281
422.5579,395.3236,398.7781,400.4953,400.4122,397.5527
353.3279,375.5679,378.1306,378.8418,380.2711,377.8146
360.8554,356.5623,360.0195,355.5998,365.7158,361.2963
364.3870,364.4111,366.8044,370.8173,364.1781,364.3664
320.5901,316.2466,315.9845,315.2560,315.2732,316.8500
348.6086,377.5894,384.1426,380.5599,376.4786,380.2767
355.3059,363.9940,360.7303,360.7090,363.0909,357.8086
335.0648,316.3373,315.9833,314.5964,313.3889,310.3284
347.3893,362.1874,363.1671,366.7495,364.7685,358.2406
403.8575,410.8529,409.9519,412.9766,412.0326,409.6026
362.5101,364.8313,363.7332,364.4133,362.0777,361.7741
355.4041,343.4297,344.1486,347.1146,345.4731,342.5560
382.7211,373.2863,371.0673,372.2205,366.8723,369.2473
359.3783,384.5321,379.3534,383.2606,383.4662,384.4920
325.5642,342.6841,342.8975,343.1578,346.3667,347.1400
365.5638,369.9096,368.6341,366.7352,368.1786,369.0621
337.3747,342.9210,335.8829,334.6200,336.4484,336.4781
322.8951,353.7977,353.6821,352.1968,351.6779,352.4785
371.9296,371.4613,371.8000,369.7144,365.1744,365.6663
425.3818,421.3300,420.0945,424.6041,423.3156,420.8781
413.1340,388.7853,389.4734,386.6762,389.8494,387.0200
357.1761,341.8864,345.2567,346.8176,345.7678,342.8394
384.8420,394.0664,395.1874,396.2657,392.4717,395.0760
352.1765,367.9344,366.8799,368.9969,368.7317,371.9052
415.8567,395.1052,396.7847,396.9228,399.3743,401.5129
378.3047,372.6726,366.3972,364.6130,365.4962,362.7527
359.0278,377.1339,371.3020,375.6552,375.1833,374.3799
392.6890,394.5652,390.3026,393.0955,390.7506,395.3285
366.2897,392.6867,392.3022,394.2140,391.9332,393.9714
451.0723,435.9227,442.3610,445.9174,446.4973,448.1632
333.9749,336.6917,340.6783,343.6071,337.3686,340.1483
378.9802,381.5147,379.5658,376.2569,377.1343,381.5198
387.2476,397.4792,396.3471,392.5576,393.7918,394.5787
329.6472,353.1859,349.4738,353.7145,352.4311,355.5938
412.7570,390.7640,405.0457,391.9767,393.6865,392.3633
338.5426,361.8867,364.1611,363.5301,358.8012,367.8490
327.1659,338.6158,345.8346,349.1318,341.4373,339.8689
361.4134,360.3006,360.9380,358.6721,356.2162,357.2469
417.2831,393.4921,395.8161,399.8150,396.3949,395.7587
326.7397,335.2252,333.8060,340.1533,336.3222,336.6827
381.3500,389.3805,389.5299,390.9394,389.3055,390.2008
349.1378,368.0941,370.4157,365.5961,368.5348,366.9075
374.8020,355.8445,345.2989,349.8559,352.4785,350.4762
364.7476,362.5359,356.0080,348.8593,352.8065,361.3198
400.5425,388.2690,388.5556,388.6946,385.6261,389.7310
362.3399,368.9959,366.8322,365.7406,366.5157,362.4682
307.7736,325.5589,318.9146,320.1213,322.4965,319.9290
345.3514,344.9244,352.7796,349.6922,345.2671,350.7497
384.9469,370.1690,373.7442,372.6323,376.3742,380.6378
372.9104,377.6737,378.6955,375.7738,369.2674,378.4978
424.8430,411.0576,422.4213,426.2600,423.3658,418.3575
358.9048,394.5107,396.6649,395.8123,391.5024,393.0032
382.0342,372.9297,375.1638,370.7945,371.4631,368.4229
410.2156,382.3086,375.9362,382.1195,384.9014,387.8417
389.8250,385.7934,385.7830,384.1082,384.8863,389.6274
384.4678,390.6257,389.2409,394.3268,394.4312,390.8285
370.4893,376.8141,376.0322,380.0747,380.1311,381.5737
329.3868,370.9206,375.0945,369.2576,369.7006,374.3087
338.8836,355.1104,358.0199,361.9911,360.4214,354.8829
354.6228,369.7104,367.7825,368.4442,370.1112,368.9655
381.6585,371.8733,367.6792,367.3842,366.7070,366.9573
364.0704,359.6868,358.7962,356.0049,353.2685,351.0849
385.9146,388.8282,391.5857,398.0535,388.2292,387.8326
362.5056,361.7584,359.4813,362.9630,360.2766,365.3691
362.0886,353.6564,358.7486,355.6069,351.6954,361.7820
301.5669,326.1345,330.2321,321.3732,317.7835,328.5615
343.9311,337.2266,335.6161,338.6449,337.9875,339.4391
409.2632,395.2881,393.7128,394.7525,397.0986,392.1184
387.1096,384.8838,380.1511,382.5335,384.8070,382.6671
364.4320,349.5163,345.6862,349.4379,346.1405,349.0006
390.9021,378.4332,378.2713,377.0974,378.8456,376.0492
375.1960,362.0706,360.2463,365.3598,360.8686,359.6082
366.4759,374.7609,377.0946,379.1759,376.8852,376.7601
391.8535,399.0029,396.1954,396.9594,396.9680,398.9608
375.4025,378.1264,379.4200,379.3019,377.8568,381.5207
365.5553,375.0339,375.0170,376.9621,374.7098,377.6569
345.9357,323.9586,320.9822,327.3740,329.4086,331.3585
364.8823,369.5861,372.1808,369.1061,370.2990,368.9992
394.2209,417.1958,422.2023,417.0350,421.7935,424.6549
339.9549,370.4347,371.4276,375.3788,367.4083,373.8031
356.8762,355.6870,357.7260,352.1618,355.9655,356.4293
352.6619,375.1895,382.2179,371.9074,379.8429,375.2213
403.8356,377.7992,386.6912,385.8119,385.8117,385.5267
371.2714,372.5865,371.6627,374.1324,370.8388,367.7425
324.2331,348.8578,345.6436,339.9031,344.6790,351.3496
371.5664,374.2414,379.8416,373.2019,374.0922,376.0493
375.8040,388.9350,385.6101,389.6060,388.6511,388.9277
419.2188,415.4541,412.2762,411.4830,414.2802,413.0807
399.7086,387.4346,390.3783,388.5854,385.4488,385.6514
336.1636,349.7290,351.6193,344.6276,344.7416,352.5343
351.8301,338.4282,334.3808,336.4012,339.3575,339.9070
345.3129,361.6298,358.0548,360.1105,358.6292,357.9145
370.4522,376.6585,381.3360,377.7549,377.2237,380.7849
326.2016,361.9678,358.6233,357.5493,354.9431,358.0467
373.1503,398.8477,401.5567,400.9316,397.4018,398.3024
336.6978,367.8506,368.1308,364.0825,366.9489,367.1861
383.9481,355.4138,353.8233,361.8178,357.2533,354.0806
425.9159,428.9236,425.1187,429.6442,424.3711,425.2864
374.6071,404.6582,403.1602,401.2701,404.1169,401.1429
363.4223,378.3009,379.5757,379.5591,379.0947,375.5512
387.9665,415.0322,417.8640,416.6888,417.3925,419.2979
317.7579,326.3625,322.5076,323.6303,326.2836,327.9783
413.7970,423.5036,418.2350,413.9434,415.3012,413.4670
377.1683,370.5801,370.0012,371.2168,365.4698,371.7772
429.6471,392.0565,393.7431,397.9578,394.9967,394.6706
338.3951,353.5565,363.5887,356.5983,351.1310,357.1375
402.9571,390.0217,390.5267,391.5661,391.6982,388.5135
389.5283,373.3907,374.7589,373.1996,372.7459,374.6450
385.0651,373.7992,381.5181,373.6385,372.8646,370.1793
415.4007,441.0378,431.3728,432.4132,438.3509,440.1494
384.9950,380.3064,389.9782,383.0866,387.1812,384.2270
393.7680,389.3841,391.7434,385.8911,391.9352,388.6283
390.9168,402.3339,393.4627,400.1093,403.3578,393.6238
408.2911,369.2578,368.0667,367.1334,369.4577,368.0799
373.1846,384.8727,383.5295,382.4980,382.1400,385.1228
365.3988,370.1070,363.4873,365.1246,367.9661,369.8042
382.4508,393.9927,400.7514,395.9280,397.5043,398.3740
403.7451,390.2823,392.8456,388.6938,390.1168,393.6371
344.8750,347.2719,342.6323,347.4941,349.0008,350.5640
349.1747,369.6879,369.3179,369.0618,368.3429,367.1609
404.9376,391.4968,392.2603,392.0005,392.0468,393.9944
414.5835,382.8906,384.0502,384.2449,383.2511,383.3109
418.0542,390.1919,391.9531,396.5795,391.6117,391.1607
365.7415,383.0036,384.3338,381.1802,379.9243,382.6460
369.0511,374.1172,374.8098,375.7184,370.2863,373.0593
334.7041,330.6161,327.5535,336.2142,335.2661,330.8781
399.1427,395.4878,395.5727,392.5923,396.5518,390.2141
407.6526,423.0979,422.9029,418.1383,423.5984,416.3322
387.5333,381.2261,376.8552,382.4809,379.7477,381.2755
379.1042,373.1460,375.0390,375.1852,373.3451,372.3001
427.7039,401.0442,403.0039,399.3074,398.7733,402.8056
321.4124,322.3673,321.5463,324.4093,324.5014,322.2904
424.5541,426.0811,433.9019,421.9285,423.6282,421.6318
323.7962,349.4690,352.3378,353.0807,355.2490,354.9620
361.3990,361.8121,364.4861,369.5975,368.1315,367.9230
354.2566,349.5120,349.6870,350.1855,349.8997,348.1172
406.3896,412.2843,408.1092,410.5084,412.2725,406.1125
333.7121,347.2267,342.4694,348.3694,345.1043,345.8488
400.6855,388.3495,387.2715,395.2821,392.3320,390.4074
393.6313,396.4628,395.6968,390.9379,391.9055,396.4335
412.1054,392.2986,396.4321,397.3751,397.5683,394.3468
396.1976,368.7347,373.9013,369.3546,368.3227,368.6317
382.6242,402.8129,403.0252,395.6226,401.4655,403.9589
408.0822,376.0932,376.0957,377.5893,380.4127,378.3714
368.7559,357.0320,359.8499,359.1250,357.0141,357.8424
350.8588,361.6490,360.5952,362.6812,363.8009,365.9754
404.0605,388.9792,378.2118,379.9568,386.1199,388.4226
396.0917,393.6936,390.7776,397.0091,395.9808,388.1583
343.2159,358.6389,360.0989,359.3857,362.8547,363.2602
351.0901,387.3962,383.8530,382.7023,383.7702,383.2689
305.0436,312.3689,317.1789,309.9975,310.8726,312.5722
384.0977,386.4659,379.1562,382.7605,381.1353,386.8521
365.4428,349.0368,352.7230,352.0481,350.0446,352.4405
411.8357,408.0090,406.0450,405.1410,408.6817,407.9567
370.9799,345.2343,341.3699,345.5847,344.3196,344.0303
367.6002,376.8234,371.2627,378.6954,378.5128,383.8609
388.7115,362.2238,358.6573,361.1242,366.5223,363.7599
373.7783,382.8473,380.6965,382.1979,383.1823,383.0473
380.0109,389.0088,383.4274,386.6798,383.6317,385.4215
376.0379,368.9749,367.6845,362.4462,369.4447,370.8678
351.9006,340.4476,343.1327,343.7479,342.5155,342.3928
405.3966,408.9440,415.0545,407.5694,412.9018,409.9670
397.5981,402.8011,399.9105,401.3082,397.2052,399.9163
452.3468,411.4579,411.4973,414.3986,417.2206,413.8545
368.8198,374.3095,372.8300,368.6837,374.3361,376.1252
423.6574,386.8953,395.3285,394.4363,397.6573,391.3282
390.8492,388.2984,388.4313,383.7308,384.2680,383.5219
341.9593,348.2639,343.8205,341.4998,341.6744,348.9646
399.1775,388.9391,379.0420,392.1460,389.6284,389.1622
370.8759,345.5229,343.2854,345.4653,345.1714,346.7157
406.5178,403.7524,402.9136,401.6826,402.7974,401.4321
384.6660,369.6607,363.2554,368.7905,368.0985,371.1405
341.9203,351.3542,358.4016,353.4302,357.4375,350.3128
376.8961,384.0614,391.6087,391.3521,388.1484,387.1816
386.4172,379.8413,381.9916,379.3563,379.4893,381.3484
382.6672,383.0009,388.4164,385.5147,383.7446,382.4337
444.0641,389.3512,393.2551,397.0358,398.9751,398.0738
385.9106,382.2649,375.7758,378.1764,375.3434,378.9207
389.6926,387.2561,386.4342,387.1967,390.0843,389.0989
406.8261,376.0556,380.2655,380.8951,371.8897,378.9782
348.2347,390.1755,385.8547,388.3420,389.2292,382.6140
344.9959,320.6958,321.6124,323.6068,324.4070,318.4259
335.9935,343.9131,341.2142,337.6814,339.2978,343.0695
417.0582,387.4821,385.5310,391.1227,384.8964,389.8411
439.2402,421.8359,419.6794,420.9086,423.4039,424.7466
409.5665,401.5721,400.6962,405.6960,404.2570,403.7505
375.6293,373.3699,373.3114,366.7582,372.7149,369.1226
415.0702,383.5000,379.9823,383.9857,386.6144,387.1498
362.7017,398.7401,400.1577,397.7035,397.2646,402.1460
347.5249,347.0340,348.9148,348.5578,346.2974,338.9098
366.8278,359.5306,361.5018,353.9180,355.6379,353.7775
445.5325,419.3780,418.7492,423.2954,420.0607,417.6758
404.7265,390.2158,394.8807,395.1240,387.6288,393.5606
382.7591,395.9425,395.6738,399.1755,395.5932,396.3503
358.2732,346.4932,349.0564,344.3929,345.1132,346.8495
364.2971,364.7717,369.1100,370.5391,367.2416,362.4013
367.0015,387.7885,385.8120,385.5917,386.7339,386.8073
351.6888,356.8174,354.2950,350.6591,352.6808,352.9118
372.9944,356.7441,352.7532,357.9727,355.7555,353.7829
346.0661,351.6501,351.1005,349.3946,351.2845,351.1500
406.8812,418.6223,425.3085,428.0500,420.1625,424.2538
409.0624,405.4536,408.5768,405.7948,404.1985,402.1236
362.6234,352.6017,348.2278,353.7168,353.7923,351.4259
420.9360,417.6462,422.9707,421.0958,416.5775,419.4067
346.0428,349.0963,347.2982,345.2265,343.1688,346.2789
346.9768,373.0047,371.5548,371.2812,372.9334,371.3681
388.5659,371.2929,374.6681,372.2519,372.7515,376.1070
386.8348,386.8429,388.6011,387.7716,387.1271,383.9494
351.3013,373.9131,372.5346,372.7103,372.3102,367.5122
365.3049,362.3252,363.2707,367.4059,369.2721,369.5199
359.8166,371.9020,368.1925,368.4955,374.1382,369.3314
409.4993,404.3862,412.6333,409.6782,411.4408,411.6702
373.8365,351.8443,354.5381,354.7128,354.1831,357.2535
368.5117,364.7442,360.4969,362.1068,359.3587,363.8311
393.6119,375.5799,382.0489,378.6748,379.0865,375.2560
368.4081,384.7783,386.5599,386.0927,385.5665,379.9811
325.7841,316.0460,318.4028,315.3506,319.1522,306.3575
376.8631,384.2810,393.2778,390.2995,386.7405,391.6105
385.5976,372.0993,374.6500,373.3770,374.2845,369.8501
398.8112,383.8930,384.0505,377.8600,380.9465,384.0336
408.1053,389.0905,388.4951,386.6973,391.4065,386.6426
326.5472,333.0848,331.5054,332.5911,335.0746,334.8155
348.1256,340.8270,337.8963,339.6203,338.0594,339.7873
354.8834,362.2449,360.1861,359.9532,360.2974,362.0070
376.2719,380.4353,381.5422,382.5146,385.0365,380.9541
361.7102,380.4856,375.7892,377.0807,374.9342,384.9175
454.5593,420.6652,422.1431,423.6595,427.1470,421.7978
359.1407,374.7116,376.5797,379.0605,376.5018,376.0812
361.5575,357.3834,359.4760,358.9232,356.3767,357.9428
372.2687,393.3066,392.1101,392.7510,391.4125,391.3119
350.8551,357.3502,356.1534,354.6406,359.6085,359.7624
399.6580,387.8605,391.5108,391.2416,387.4748,389.9780
322.1763,334.0473,331.6825,328.9326,329.6021,330.4611
393.9518,377.3247,383.0016,377.3592,385.6246,379.8165
346.6352,358.7311,359.4028,359.2355,358.0353,355.3536
368.9288,360.2816,365.0584,366.3670,366.2828,363.7941
363.7607,369.9235,373.2890,366.1271,366.7169,376.6458
338.6794,329.6064,328.9377,327.4808,328.8520,329.4109
375.5712,391.0143,391.3246,394.2232,394.0143,400.1927
369.3559,363.7550,361.9670,368.7363,367.4891,363.9843
338.0971,340.9245,337.5964,332.8272,342.6723,339.3997
348.2012,339.8210,334.0334,336.0182,338.5148,336.6107
424.1903,401.8719,401.1253,403.0793,404.8573,402.9364
376.8390,385.3976,375.2855,382.1366,386.1609,384.8134
399.9856,385.6037,395.3105,393.9086,396.3925,391.0539
363.2286,357.8499,354.8138,360.2404,355.4111,360.8725
341.8489,333.0097,334.6095,335.8251,334.8303,334.9497
347.0988,360.2083,360.2568,363.7492,362.0500,362.4432
428.4992,391.7376,398.4713,398.9817,399.2631,392.6231
442.4280,407.1696,408.7980,415.4783,423.3985,408.6843
390.9590,383.4731,380.5678,379.1990,379.6651,379.6964
378.6525,382.2026,379.5984,380.0145,381.3140,385.1373
370.4661,361.3423,368.9323,362.5634,364.3359,360.4526
340.7944,359.3098,359.1755,355.9340,361.5484,361.8499
383.3762,381.8059,377.6698,384.3727,379.7821,384.7119
334.9752,336.8511,338.1769,341.0761,340.1595,346.2026
361.9135,384.6758,387.0565,389.4545,380.8929,380.8376
392.5949,380.0971,387.9768,376.2494,378.6170,378.4305
341.8390,353.9631,358.4155,355.5430,354.5529,353.7361
392.2327,382.1510,384.4802,386.0337,384.7504,384.1238
359.3600,353.0138,349.2141,350.2898,357.0159,359.7184
399.7080,390.9052,383.0242,389.2069,381.5920,382.8742
399.2041,390.4026,392.4776,393.4510,393.4661,393.5705
350.7068,345.3651,345.8560,346.1876,343.4869,343.2747
415.8977,405.1187,413.6760,401.4889,406.1263,404.3109
376.1487,388.1776,389.0871,389.9394,390.6783,392.5034
382.1525,363.4353,367.2212,368.0897,368.8555,366.5394
409.3721,388.1919,387.6994,386.6684,386.7443,387.2446
361.2283,371.1602,364.7373,365.3499,364.3300,366.5241
417.9668,393.5101,393.9315,391.2381,391.0983,391.8626
394.9504,401.4938,398.2971,392.8866,399.8264,396.9719
395.6225,394.1373,395.5297,401.1797,400.6741,398.8012
369.0938,356.9176,359.3541,355.5933,355.5690,356.1554
331.3340,356.7140,355.1046,363.1858,360.4239,358.0983
364.0959,371.7913,371.4353,372.4254,375.9619,373.9002
333.7089,362.5309,366.4805,365.5089,366.3063,366.8627
370.5301,385.2800,386.1525,389.6791,386.6082,380.3749
392.0918,397.8633,399.4243,403.8514,405.6100,399.8443
313.0561,336.7657,328.1458,331.1053,334.6220,335.2357
356.1170,346.3588,349.8909,346.5466,346.3338,348.6741
394.5428,389.8004,394.4866,388.0283,388.7145,389.4296
388.8035,369.8358,383.9579,376.7325,371.2975,375.7868
362.9695,379.6494,373.4026,370.9599,370.4572,377.3738
337.6411,355.3188,353.5999,360.2654,359.5771,359.1847
365.1862,363.8251,359.0375,358.4445,360.6802,359.2569
408.9071,405.6551,405.5777,406.2031,407.3623,406.7263
382.1131,370.5715,373.7138,369.9927,377.3585,377.5999
364.4072,349.0162,346.3000,344.7986,348.2036,343.6075
348.0411,357.3219,362.9951,360.1654,363.9435,357.4423
366.7114,353.2714,355.8552,359.5681,355.3038,357.9632
371.6198,381.3584,379.5714,387.1863,381.2296,380.8765
352.6716,355.2703,359.3777,361.0982,357.3376,361.4025
375.6361,369.1181,369.5375,373.0481,372.2548,377.2765
339.2495,332.3451,328.4075,333.7018,332.4192,336.1134
355.8145,342.9125,346.6650,343.7937,351.6298,343.8870
365.3032,346.8890,349.3327,355.5511,352.0553,349.6855
414.3315,401.3357,405.1012,407.5431,401.6974,402.1294
379.2786,351.9505,346.9231,350.3667,349.9381,353.9156
330.8902,326.3625,330.1863,329.8599,326.2915,324.2702
387.6966,386.4224,392.9495,387.0430,386.0576,380.4710
391.2959,409.7172,410.0412,404.5995,409.2668,408.8896
380.8087,372.0263,367.5446,368.1115,363.1277,371.6820
415.7699,397.0087,397.4326,397.5958,399.5970,396.7529
375.8341,378.1367,379.3947,378.3397,384.7255,381.7380
368.1038,394.1543,387.3817,387.0369,388.1994,386.7351
333.5947,358.0928,359.5976,357.4716,360.3696,358.7959
399.3059,397.7619,398.6814,404.7509,400.6421,398.5439
374.0856,386.1937,384.9801,382.0371,380.5003,390.0460
407.4931,396.6779,408.9039,400.2305,398.4744,390.7831
404.1956,381.1882,372.5318,379.6808,373.0238,374.4321
403.6906,407.5491,407.1726,403.3952,406.2682,402.9477
422.8833,412.2575,411.7274,412.1688,412.1838,408.2093
407.0562,415.3336,408.6639,411.4488,406.1660,407.2921
393.6302,385.7700,389.5377,390.4888,386.3238,390.5460
408.8385,416.5273,413.6240,407.3837,409.8965,411.9192
330.3940,332.2569,333.1825,328.6764,330.9966,334.5472
395.8841,377.9023,388.2444,380.8576,386.9623,377.0952
404.8918,403.2589,402.6741,401.5327,404.7274,403.3170
360.0556,365.2892,364.2523,364.3328,362.3446,368.6341
454.8328,424.0151,423.6286,432.5054,427.4854,425.6832
445.8825,445.0655,439.6726,445.5729,446.6477,447.3986
429.4426,400.8875,403.1768,400.8018,401.8474,402.3177
320.4800,339.2756,339.9889,339.1914,340.3485,337.0419
384.3941,388.3045,385.5635,385.4431,394.9452,385.9929
380.0182,362.2361,361.1795,362.6942,361.8311,360.3746
444.1242,407.9024,411.8153,409.0312,413.2695,408.1922
395.6961,407.3795,407.4638,410.5207,409.5475,409.3039
387.7772,394.4837,392.2259,394.7737,390.0814,391.6973
397.4501,377.6274,375.4324,377.8943,382.1458,376.7977
351.7733,313.7287,316.6284,316.7109,317.4567,315.5686
417.3079,402.5363,398.7684,398.7302,399.1161,399.9818
402.5836,389.0377,392.9916,391.9547,389.3597,390.0390
388.0438,363.9217,367.2516,365.9155,369.7235,369.2728
362.2053,351.0751,349.9666,359.5383,356.5573,356.1037
362.3628,393.2075,392.0171,393.0948,391.2231,395.2163
350.0055,346.2477,353.0993,351.8154,343.8958,343.7591
346.0058,361.4914,362.4779,359.5526,361.6953,358.6937
385.1232,386.6795,388.5789,388.3394,388.1433,391.5648
317.4642,319.9518,321.6039,324.6147,323.7911,320.0663
350.6834,355.4051,357.0164,355.3964,358.3896,355.7374
364.4221,368.6724,371.3638,370.7159,365.0694,358.6555
343.8852,358.1646,353.2520,360.7017,349.0106,361.7559
411.8817,398.2589,400.2730,394.3627,400.2719,395.6297
360.9593,377.2077,379.6591,375.7916,382.8322,378.5740
380.1935,394.0998,395.6175,391.5048,394.4962,393.7336
370.4482,408.7322,408.6807,405.3390,405.3174,408.2870
413.3569,406.2686,405.8536,418.1320,409.0533,408.0002
396.8178,381.5453,384.3811,379.6169,380.9108,378.5003
358.4522,375.1705,375.9932,374.8719,375.3328,381.2894
359.0183,376.4084,376.0510,375.3972,377.6259,379.8673
404.0075,403.0461,397.7646,405.8420,402.5331,404.7765
415.9542,403.0747,408.7123,411.4259,408.2774,404.9240
372.0262,386.1561,384.7812,384.9685,384.2684,384.1193
375.9264,378.3055,378.3185,377.9447,376.9094,378.1754
345.8801,345.4494,346.5887,342.4012,339.8796,341.1117
366.0204,374.7495,372.5804,373.5235,373.2711,375.6895
348.7287,362.8350,358.6839,359.2427,358.7550,360.9291
367.2767,366.4463,362.6966,363.9406,361.2427,360.7820
353.2359,342.9200,341.3914,342.3288,345.3745,339.8234
348.6875,371.4334,376.7537,373.3892,371.6882,372.3549
383.2333,363.5578,359.4592,361.6625,358.9438,365.2444
392.0255,384.9589,385.0760,383.3948,385.1890,386.8508
464.8315,418.3625,414.2548,415.3788,415.2967,412.5860
338.0895,345.6959,348.7166,351.7369,347.8591,353.0823
361.2665,348.6411,345.3368,347.5493,346.8752,346.8430
388.2661,392.1963,389.9795,392.0824,390.0690,395.9510
391.6921,378.0939,382.5294,381.2928,382.3480,378.7321
348.7061,364.7159,358.2722,366.4828,362.1240,365.6484
422.9252,406.5209,417.9277,413.7406,414.1842,411.7182
407.4822,415.7395,414.2532,417.1234,413.2706,416.7853
369.5254,368.9612,361.5096,365.7600,362.5049,364.4638
405.2362,384.9219,383.4637,382.1751,391.2025,385.2564
412.3038,417.5182,417.4814,419.7184,418.0619,418.9903
401.2952,387.5996,389.0375,390.6800,388.3805,394.0813
381.8391,380.6315,372.8077,383.4541,385.3503,378.9940
364.5512,375.7100,380.2515,382.3193,380.4330,378.0972
296.6503,315.9402,315.8031,312.3717,315.8642,313.8173
382.1555,377.1226,385.1450,381.1805,385.2949,385.8917
397.6809,377.1507,383.3523,385.8868,383.7069,382.7906
332.5664,341.3028,334.1375,341.8252,338.4699,337.2780
399.7493,385.4080,383.2199,388.8555,389.5201,384.4752
398.6381,396.1659,398.0952,389.0228,394.5287,395.4972
403.7752,377.4214,384.1733,378.9675,377.5727,380.4606
374.0317,387.3214,384.7169,383.7769,385.7732,385.8513
367.6874,358.5773,359.7706,360.2794,357.2690,356.9806
404.2295,407.5327,405.8747,405.3684,403.5305,408.5725
392.7091,372.6349,372.9900,377.7232,377.0158,376.9657
364.4344,366.8841,365.5280,365.3700,366.4467,362.2578
390.7545,361.2844,360.6590,359.0930,359.4130,363.6896
460.5247,413.9300,417.4254,414.2028,411.8128,419.2180
307.5269,349.6756,348.5862,351.3756,350.0251,351.7491
355.1172,373.2190,367.2368,367.9528,371.1407,376.1095
373.3210,380.9237,377.2070,382.7111,380.6762,377.7326
348.9029,382.1129,385.4590,382.3702,383.4150,386.2709
393.6877,402.0767,402.4392,395.5403,398.5824,400.0488
354.5742,357.4685,353.3158,353.8243,348.5677,352.8809
385.4751,374.3379,375.7890,379.2547,378.5245,371.8170
337.6108,334.9037,334.7033,332.3713,333.2102,335.6469
405.8789,388.9679,394.2142,392.0824,391.4360,391.3585
373.8749,387.9210,387.2392,380.5355,381.6031,385.8087
381.8611,379.7215,384.6810,380.6416,381.1375,383.0486
373.4845,390.4468,393.6439,387.2423,389.7401,386.4446
335.3165,374.9258,380.6859,380.6293,381.1088,377.6625
366.3022,371.4078,370.1052,372.5569,372.4344,373.8535
417.5107,411.9623,416.3445,418.2179,416.1245,417.2552
381.9722,396.1632,392.4182,396.8649,395.5450,394.8132
390.2446,383.8178,387.3687,389.3670,387.9854,393.1794
365.0479,389.4441,388.6961,386.7111,390.5492,389.6086
381.2875,392.7549,392.8986,385.3617,386.5587,384.7180
422.5253,398.0467,401.0409,399.5588,399.1478,400.2906
293.2433,308.1991,310.5865,307.0030,304.7856,307.1936
403.5358,415.3990,410.6880,412.5858,420.0892,417.4216
393.4115,388.3186,386.8399,390.7638,390.9376,389.1869
409.5409,395.4077,394.8806,396.8801,394.2580,387.6783
354.4179,354.2545,349.3890,353.2159,357.8214,359.4882
388.2392,375.4364,374.0934,373.3586,375.3514,374.2663
427.6814,395.1726,395.2461,397.2515,398.3401,398.1224
391.0328,402.5802,401.8961,406.1573,406.5738,405.6154
411.3433,388.7447,395.8062,387.1974,394.4440,390.1626
382.2860,397.2617,400.2830,401.3640,399.8073,395.7213
376.7176,363.9969,364.2169,362.6526,363.1392,363.3199
405.4306,390.4201,393.1583,388.6579,392.0624,390.2818
382.3940,402.4441,395.8086,398.4765,400.3390,396.9717
356.2417,354.8223,348.9639,352.7544,353.0029,353.7313
379.4056,384.8290,383.6979,387.6505,382.7088,382.1475
378.3956,356.2681,356.0369,363.2775,358.3207,356.0471
348.4916,378.7506,378.8457,377.1734,376.6991,381.5324
378.8610,385.2340,382.9076,385.9032,385.5914,383.2100
414.6166,388.1202,384.6655,383.6016,385.4459,388.7800
312.2821,333.5518,336.0714,336.9752,336.9453,335.2895
416.0663,407.3572,415.4919,418.8235,413.1661,413.2613
400.2976,366.7032,369.7237,371.6701,373.6844,373.5990
344.7808,346.7655,348.6307,351.6086,349.0188,348.6372
384.5720,389.5659,391.4843,393.2953,394.2036,397.2788
386.8736,382.6006,381.4604,380.8245,385.7873,381.5291
423.0630,392.0248,400.5746,389.4575,395.0295,397.0967
452.0702,449.8063,461.6541,451.7631,453.4559,452.3062
344.1848,353.8040,357.0306,356.3622,353.2360,353.4362
367.7311,377.5237,379.5138,376.7596,381.8646,379.6089
354.2261,376.2190,379.4201,381.8689,379.6261,382.6804
423.9480,405.4972,401.5892,399.4196,400.7855,400.0893
300.4747,316.6311,314.6886,315.5797,316.8786,321.9935
354.6825,332.7646,334.4125,337.1043,332.2688,329.4164
375.9459,382.6554,383.0303,386.7243,385.8956,387.1488
316.0678,305.1367,302.5013,308.3498,310.2423,310.2046
323.6078,307.8420,312.4482,311.8155,308.8904,306.3535
341.3852,340.6999,339.5540,338.2078,343.8484,340.2633
443.0497,414.8266,417.7740,415.1972,415.8201,416.8928
388.9924,392.4913,396.0066,399.6199,395.5375,393.9473
336.4189,333.4166,339.3160,334.2910,331.8542,336.2084
344.0917,344.5426,345.1429,340.7466,338.7408,342.1266
328.2657,321.4938,327.2595,325.9986,323.2108,324.7366
368.8277,380.6072,383.2098,378.6402,381.4673,383.7144
346.1715,347.8644,342.9865,342.7178,339.5112,346.3592
350.1971,363.8521,354.8022,350.8761,358.5680,360.0785
338.2911,343.1776,339.7137,339.5854,334.4484,339.2188
346.5342,349.4150,355.2695,357.9440,347.0370,346.9565
395.7013,394.8217,391.7976,391.0097,390.8999,394.0775
356.0429,352.9340,354.2671,352.4626,356.2070,356.4890
358.5336,371.9274,367.1856,372.3321,376.5718,368.3298
349.6022,343.1102,337.5823,341.0157,344.3153,345.6671
386.6095,387.7135,390.3978,387.8893,388.0856,388.2265
393.6702,367.5664,371.2482,370.7529,372.3479,373.6567
355.6940,367.3286,369.5697,365.2163,374.3468,361.8949
363.8671,401.8402,404.5006,398.8039,398.9366,402.2238
348.5328,356.8414,357.3448,356.5929,356.0930,358.2693
327.2126,316.9173,312.9147,315.4862,317.2928,311.8641
336.8899,335.8297,337.2146,331.6068,331.9124,329.0441
363.4984,363.1671,366.6094,365.6588,362.6954,362.2591
345.2885,370.7234,369.0862,371.2870,370.4746,363.8387
424.8382,403.2481,405.6875,404.3781,404.6671,404.4653
307.4553,301.7109,305.9632,304.2105,304.1973,303.1610
312.4300,316.2411,324.2802,324.5678,325.2610,321.3145
395.7419,403.3963,400.7344,402.6554,398.6454,403.5573
380.1940,366.9527,374.7979,375.4366,374.4596,370.2431
389.9466,375.7876,374.5956,379.9267,375.7084,379.7237
373.7508,375.5797,380.0363,378.3539,375.6874,376.4210
345.0801,338.9219,336.0314,333.7123,337.1773,338.3557
327.9590,348.5549,350.5827,345.9560,349.3017,350.2089
330.2850,323.5562,319.6646,316.5864,329.1880,321.9838
422.7913,401.5723,404.3584,399.8474,400.4936,400.8841
350.0594,354.2766,346.5838,350.2733,345.4840,349.3806
379.2593,389.4267,385.4030,384.6227,385.1189,385.0541
335.2869,354.9230,348.6942,352.0113,351.6150,358.2937
352.8227,380.1217,369.9539,377.9277,377.7428,369.7847
394.0377,377.0208,379.7293,375.4788,378.5903,377.6257
388.0896,366.3719,356.3548,361.6003,359.1534,360.1436
330.6471,358.9646,354.2221,360.0419,352.0393,350.8048
336.5494,344.1997,342.7228,344.2943,341.5876,340.9687
355.7704,378.7497,384.2621,379.8611,376.6987,377.1859
392.9117,398.8809,402.5864,396.9784,398.7862,401.8121
433.6623,414.0670,415.3869,422.6154,418.6498,411.5529
425.9914,407.0690,405.9080,399.2343,403.2431,401.2513
369.1479,376.5323,381.0649,383.4516,379.8405,380.0161
427.5030,408.7745,410.6072,409.4023,408.0936,411.7767
376.9220,363.8559,361.1165,366.6368,363.9695,360.2148
313.7597,351.3675,350.9543,349.9537,345.5810,348.0993
349.0613,331.2093,332.0501,333.8530,331.9872,333.3571
395.5835,386.3842,379.6783,382.2486,383.2721,385.8265
455.5726,421.7515,428.8201,421.8949,423.7109,423.5799
376.4079,347.3875,358.3856,347.3399,349.2133,351.7868
432.2122,417.5794,416.1676,411.1654,411.0954,418.6682
334.6865,338.8954,333.6524,334.7280,341.2765,341.8282
361.8611,369.7889,372.9640,374.6525,372.1595,369.0866
415.8745,378.3145,385.4731,381.7561,383.3866,383.6143
361.8976,369.1166,372.3734,372.1039,370.8505,376.5067
416.9635,420.0064,423.8135,421.9696,422.7602,422.8469
338.0294,331.0815,333.5067,334.4826,330.2424,330.5973
328.9852,347.8996,348.9042,350.4959,355.9887,352.0102
341.5286,334.7944,333.9677,332.7480,331.6112,329.2034
388.3634,374.1846,375.8557,376.4310,376.2434,373.0306
450.0836,418.5883,415.3687,416.2684,414.9702,411.4824
390.8924,380.6365,380.1280,377.9249,379.2638,371.5185
337.6767,330.5314,332.7986,330.6516,330.8334,338.4501
377.8447,395.5607,396.4285,397.4255,395.8970,396.2712
407.8655,355.3687,354.2841,355.4112,357.5919,349.5884
349.9134,359.3809,361.2457,357.5521,361.9069,359.3604
368.1610,373.3239,370.2097,368.0969,369.6584,371.2235
384.7677,414.8758,415.7048,414.9428,418.3479,417.7199
371.6265,360.8127,357.4957,357.1574,364.1813,364.3497
353.2908,377.8365,380.5348,376.8766,381.4544,380.1979
395.0113,383.3357,382.0384,386.7351,384.2553,384.1909
376.9489,396.5532,398.2550,396.5475,399.1822,401.1442
326.2170,349.6174,354.8952,350.9255,347.6462,352.2574
319.9042,344.8824,343.2095,343.8370,346.3840,339.6156
438.3542,400.1796,402.1327,399.2311,403.8882,397.3931
376.1241,360.7338,357.0586,364.7513,364.5962,363.6536
323.5554,337.9989,333.7123,332.9011,335.1763,333.8851
305.2793,320.1663,320.5375,321.7336,318.2637,322.6259
352.2193,322.2567,325.0014,325.9580,325.0381,318.4041
319.5375,352.4599,349.2820,345.5997,345.5802,343.0830
358.8725,345.2824,344.6657,348.0420,346.2333,346.6324
367.5320,363.6591,359.1879,356.8674,358.4475,362.2944
384.6978,374.0765,362.3466,370.3801,370.8637,371.1598
376.6133,369.9706,366.3048,363.4168,368.0599,370.3382
349.9747,328.9521,327.6978,329.0175,326.4402,326.0261
364.5101,361.6759,360.1019,368.8688,366.2413,363.8737
389.7736,395.9015,396.4689,398.8065,395.0720,400.2994
375.1814,344.3016,341.3149,346.3531,346.6545,345.2997
362.0346,353.3239,353.0031,345.9053,351.6009,353.6232
317.2392,334.3367,333.1621,330.8404,329.6088,333.6531
429.6747,428.2014,429.4272,425.8552,432.3608,434.6629
349.3424,371.6664,372.3297,369.3636,368.5498,372.5288
312.7180,327.1704,323.9671,329.0409,328.3712,324.8611
351.2155,366.1596,360.8283,363.0165,357.5381,359.4500
385.6129,387.9349,385.2831,384.9456,382.8250,382.8970
410.7876,390.4833,392.9081,390.7784,391.4406,395.2415
328.1606,347.4537,340.1750,342.5079,345.6799,342.8428
369.9743,345.3391,347.1851,351.8070,349.9972,353.8939
451.2671,417.5642,417.2817,415.1100,416.9548,415.6974
322.2496,320.9965,323.3244,321.7839,320.7658,325.9714
424.5953,415.5127,411.7939,405.4815,417.0657,409.1700
348.6329,352.4147,346.8099,350.9557,340.2920,357.6366
347.2693,356.3790,360.8287,360.3861,357.6729,359.2670
397.6276,356.9867,361.3987,355.6078,355.5815,351.8430
325.8671,361.5320,362.4107,362.5891,357.6263,367.4436
458.4580,412.9134,421.9253,427.9744,417.6890,422.1005
400.7295,374.4849,381.4567,383.9430,380.8452,379.5570
354.1630,369.2822,374.1189,367.9755,368.9560,373.0201
377.9537,385.8338,382.3455,378.0681,377.6552,382.3773
408.1982,392.1196,392.1653,389.3131,389.5597,390.1622
387.4024,382.0812,385.5448,379.3121,384.4223,381.7757
361.7773,342.5125,341.4485,342.2442,343.2411,345.8100
409.1274,374.9130,378.4910,379.1379,374.2998,373.7031
369.8841,389.5887,391.2818,391.1880,392.3050,387.6024
380.3548,395.7968,394.3650,398.6187,395.1479,398.0988
396.7321,402.6941,402.3212,398.8188,399.8665,398.2047
385.8462,357.0020,356.9799,360.8141,356.6333,360.1295
355.9995,390.8889,387.5029,390.2692,385.2630,384.6508
351.6659,330.9739,328.7178,338.1484,329.3500,327.4730
328.7313,351.1949,352.2771,346.1288,353.0965,359.4271
388.6880,397.4810,394.7699,399.1226,402.7329,404.3552
352.1768,366.5298,362.2963,365.8277,361.3413,362.5086
321.4880,320.2353,313.4493,315.0635,320.8954,323.8626
345.3854,356.8789,354.0140,358.7431,353.1664,356.9182
439.9698,435.8864,435.0619,435.8756,431.3631,433.7139
370.3512,382.6769,376.5412,375.0455,374.6077,376.9602
351.3090,358.3880,358.6533,363.8450,364.8374,362.4697
419.2632,387.6416,382.4118,385.3456,381.5149,387.7057
369.6378,350.1112,347.4209,343.5984,341.2701,348.7052
354.0836,352.4673,357.4405,352.0262,354.7528,351.9319
375.2319,369.2290,367.9987,369.9530,368.8975,367.1634
342.1743,321.6681,324.8892,327.6951,321.0065,323.5512
409.8254,401.9538,408.2689,403.9693,405.5281,400.5753
382.1905,388.1661,394.0031,387.1469,390.5035,386.9884
400.1464,383.0617,383.7264,389.0289,384.1645,382.7209
358.7086,346.4427,347.4112,347.5492,348.9891,345.0045
417.5394,408.5562,409.1327,415.7703,409.8881,410.8070
370.6486,382.0517,387.4660,381.0226,388.3218,391.5169
375.1031,400.4334,405.4578,398.1873,402.2528,399.3787
346.5014,363.1031,366.8846,368.7686,366.2757,370.2939
425.9951,423.5746,423.8456,423.1577,420.9683,421.2563
401.4551,397.8402,400.6762,401.1657,398.4577,400.3088
394.4825,390.2023,384.3390,385.8024,383.7740,383.7855
363.9611,367.1140,368.8721,366.7357,365.5673,364.4243
372.1108,368.3707,368.2490,364.6639,361.5344,364.3451
343.0085,365.0516,360.7904,369.0619,362.5736,365.6757
381.3823,372.4560,373.6104,372.0233,374.0533,372.5507
398.5884,383.0136,391.6155,386.8879,386.3672,389.9525
331.1430,370.5207,369.6898,367.6354,365.9989,371.9071
356.6099,380.4702,383.9122,382.2682,385.3692,382.0122
353.5606,407.0060,406.1646,410.0276,413.5210,409.6238
368.5578,389.3262,390.1161,389.5310,390.6178,388.6944
349.3765,345.9224,348.8937,351.2021,348.4995,352.4940
346.6797,342.8850,343.2333,343.1891,343.4966,342.9447
390.0347,398.8982,394.3898,404.1797,391.9609,393.7793
347.9348,358.1766,361.3133,359.5864,358.1529,352.8941
377.0748,367.6783,372.5966,372.6725,369.2181,365.4341
393.0699,396.7386,400.4704,399.1318,400.0226,397.4222
370.6218,360.6027,361.8365,364.5266,359.6067,360.9502
356.2668,352.5132,350.5767,349.4182,350.0591,349.6951
364.0729,372.8626,367.8033,370.6638,367.3401,370.6736
430.5183,419.2132,418.8612,415.9819,414.6166,412.8373
371.6904,344.9962,355.6111,350.5040,351.7901,349.6107
403.9928,404.6526,403.3031,408.6395,407.6539,408.4070
397.9207,403.4627,403.4182,405.0671,400.7088,406.4254
369.5668,358.9569,359.7403,365.2697,365.0619,356.0202
357.6971,380.8146,380.2829,372.9911,383.2127,380.8994
400.7616,410.8099,407.8932,408.9014,405.4491,409.7495
382.5606,410.8295,411.2271,406.4961,409.7491,411.9746
414.1059,394.3253,397.8546,399.6422,396.8825,398.1357
401.0049,383.3386,386.8934,382.9493,385.3076,383.7273
416.0391,403.5524,405.8362,401.8658,402.0526,402.8498
330.0968,310.4501,310.3668,302.5771,307.6115,303.3600
302.6085,299.4754,300.3300,296.8695,299.7577,294.8124
381.7703,362.7916,358.0654,363.2116,358.9317,358.1931
416.9465,412.6013,410.4516,409.5746,410.2835,409.0179
362.7546,365.3780,367.4530,363.5637,371.5740,367.8015
361.5794,347.4792,348.1893,355.0927,353.5276,351.6084
364.7595,352.6529,358.3293,357.4565,358.8306,358.7654
408.5467,390.8566,393.1195,393.6530,389.6776,389.5102
356.1417,363.5903,358.8554,360.3715,357.4369,366.4073
383.2662,389.6350,387.5452,389.5313,389.4261,388.5784
335.5098,356.2406,355.2963,357.0338,356.3266,353.6876
349.4221,322.1281,326.1150,321.4810,320.6388,330.4743
341.0216,350.3227,343.6654,346.1532,350.1656,346.5826
374.3490,382.1777,377.2918,372.8745,374.6909,379.8628
367.8904,347.6404,351.3377,352.5300,351.5755,347.9300
441.8220,438.1555,445.0718,453.4301,442.6606,445.4619
348.0794,359.9084,362.7071,363.6549,360.8852,364.3783
397.6377,402.9481,397.6929,396.0831,398.7456,391.6062
402.1228,398.6962,394.5468,396.1520,394.5132,395.6526
330.3257,349.9622,349.5114,345.3865,344.9028,343.3669
439.0482,425.4781,421.3849,422.8047,421.3516,425.7584
368.6789,363.0522,358.7015,361.7875,360.3505,360.9524
352.1747,362.8056,361.3017,364.6400,363.4838,360.6186
391.0942,399.3504,397.8392,397.1574,395.2986,395.5342
400.8726,378.8909,378.6809,382.8068,384.7231,377.0711
381.4496,372.1783,370.9922,372.1015,373.4422,370.2462
386.0433,356.8615,364.0751,366.7818,367.3055,365.5312
364.8823,361.2821,359.9438,360.8804,358.2118,362.9278
385.1497,366.2242,369.2562,369.4081,368.2147,368.1975
323.5838,323.9578,323.4260,326.9012,324.9051,324.6415
414.4329,395.2057,395.4014,402.0891,400.4084,401.3487
414.6812,399.9786,394.8862,395.9305,395.7620,393.0429
445.5603,411.8249,415.2683,417.8537,412.7557,413.9825
419.3139,396.8595,401.0987,401.5201,399.6350,396.8989
415.5726,409.5240,405.5937,410.5326,408.5147,407.2328
344.6028,348.6922,349.6472,352.6372,352.8786,350.2850
418.8057,408.0908,394.4574,401.2120,397.7912,403.9460
417.3104,406.9951,406.7644,402.0681,404.0583,406.3817
417.0309,422.1413,427.6143,425.0220,430.4789,426.4649
368.6494,345.4996,343.5405,344.9595,342.0181,341.2647
319.4526,349.9085,348.9938,345.4548,349.3041,344.0692
329.3836,348.8361,353.6017,352.5244,351.5244,351.4763
405.3678,396.4771,389.3244,389.8644,391.9193,394.8573
379.3981,380.0585,383.8041,380.2863,381.4695,385.3411
372.1625,356.3098,352.8792,356.0427,356.9464,357.4193
358.5932,364.8348,363.0229,365.5490,363.7236,361.4337
421.5785,404.4711,409.5450,401.2563,404.8433,405.3654
357.1965,386.8334,390.6562,384.8741,392.1898,387.7241
360.9394,378.9764,376.0933,372.1128,375.1003,374.9211
366.9256,377.4989,374.0592,372.3058,372.8158,370.4300
414.5635,427.8949,419.8270,420.5115,420.5110,414.9836
330.3536,334.7538,341.9221,340.0561,334.3286,338.0797
358.3448,375.0059,376.7949,379.6120,374.7571,379.0020
425.5809,395.4261,407.9301,400.4672,409.4125,397.6203
336.1066,339.4116,341.9589,341.7597,344.5159,343.5948
389.5320,432.4371,423.8369,428.3959,427.2591,432.2693
374.7240,364.4250,361.9247,366.5516,369.3910,373.7691
410.8164,386.6515,385.7134,385.9910,384.1388,384.4596
415.3490,436.0750,432.3263,424.8694,424.9717,426.6306
362.1718,358.4168,359.9192,360.7758,359.0603,360.1924
419.8855,403.6272,407.7715,409.2572,408.6860,411.1815
327.4847,345.6634,343.1616,343.3121,339.5982,338.9196
395.5327,375.2255,375.1789,383.5475,387.6209,382.9697
366.3296,358.6070,367.5869,360.1662,366.3907,357.5181
422.7920,408.4810,404.2221,401.8616,412.8276,404.8234
418.8101,420.5897,417.2815,422.8834,415.9671,416.7719
342.8511,347.0571,345.5953,343.9839,346.9469,344.1684
326.6705,324.1819,319.4867,321.5255,324.8538,321.0902
407.2908,408.0753,403.4568,406.5082,405.0672,403.5704
370.2731,360.2972,363.0978,364.5604,360.2116,367.3663
364.2463,390.5222,387.0014,390.9680,387.1504,388.8584
377.0737,379.0895,389.1347,385.4813,384.3326,381.3203
407.1403,385.3435,382.6884,388.9783,387.1206,389.8454
373.8257,394.2390,395.3344,392.5617,392.6708,388.2927
318.2760,314.1350,313.4540,321.8830,316.4670,315.5352
388.6344,390.5823,399.3541,395.4811,392.4048,393.5616
392.7634,371.0637,367.8822,367.2188,367.6565,371.4515
356.8327,367.2131,365.6934,366.7350,365.2515,364.9092
405.2113,398.6586,398.5596,396.1793,393.9359,394.2935
442.9603,436.9455,433.6248,437.2509,437.3139,435.7893
401.3277,395.8182,391.7903,395.4021,394.3783,395.5501
368.5741,365.2735,361.4222,365.5815,358.3849,361.4219
311.2651,301.6799,304.5457,301.8147,305.6936,303.2495
376.2561,387.4450,388.0318,388.2337,389.8182,385.8883
288.4106,300.8312,300.6888,303.5613,306.8196,301.8625
342.4107,376.8844,379.0100,379.2278,378.9107,379.2708
416.5739,403.0856,403.7585,403.9371,404.5991,406.1942
453.2805,411.6410,412.8897,414.3394,419.6442,412.9868
393.7869,414.7559,417.9172,416.9557,415.7787,412.7984
359.9006,337.2700,334.7753,332.1297,326.7469,334.6209
330.9772,360.8920,358.4566,357.6008,358.1658,356.3080
384.8565,378.3251,385.4878,385.4786,381.6895,382.8271
410.9410,399.3794,401.9141,401.5769,399.0159,400.4688
363.2453,365.7375,367.5250,364.9538,366.1735,367.1294
331.3905,344.3481,341.1509,348.7082,345.1403,345.1490
427.9904,420.2752,411.1688,410.1052,414.9311,414.2574
334.3889,337.3697,333.3442,335.6111,336.8864,334.9874
415.0464,398.2180,404.8485,402.3208,399.6212,400.4965
467.0007,405.9644,401.8168,400.8696,399.3112,407.1002
382.1695,366.2762,363.9337,368.3622,366.5282,364.8021
383.5483,384.6873,389.7287,387.1775,383.8771,385.8828
354.6595,346.6929,346.1904,348.3760,347.3865,340.2847
382.0247,403.0661,406.7364,405.7476,408.1572,404.7715
341.7607,338.8541,334.2846,340.1982,333.2896,338.1518
353.4161,356.8902,357.3893,359.9374,357.2274,360.9486
340.9685,327.8685,327.6490,324.6539,326.5492,322.0397
402.9082,392.8686,396.0374,393.2737,398.2120,394.1518
396.2703,409.4617,412.1603,407.7664,408.7300,409.2569
413.2312,411.0435,409.5675,413.4612,415.8640,416.7831
