true,pred1,pred2,pred3,pred4,pred5
365.8869,396.4952,398.4987,399.0974,397.4201,388.7640
304.9546,319.0062,322.9102,322.1742,315.9011,320.9229
361.4368,364.5518,368.9205,368.5142,362.1100,370.2320
360.1403,363.6447,361.8496,365.5724,364.9388,365.0397
334.8007,352.8776,351.1991,351.3420,352.2728,353.9886
440.2627,420.6385,419.7832,421.7847,429.9770,428.3467
328.3493,341.1640,343.3128,340.6212,336.4381,341.6226
366.2561,368.5045,364.3263,363.2811,364.9596,361.6169
357.4685,389.1391,378.3893,383.8766,385.3357,380.8973
353.0170,364.4126,361.7224,355.1477,353.1348,359.1849
381.8796,367.9308,370.6292,374.0074,372.3111,371.2664
359.5296,356.3470,356.0236,352.9009,353.6985,360.2025
355.4878,351.7457,349.3121,349.3966,351.1936,349.6929
374.8454,351.7692,355.2283,354.9134,352.7397,354.5994
365.0687,368.5821,365.6849,367.3329,368.5127,370.6606
363.4244,355.8960,352.4034,352.1602,352.4873,350.8481
347.2417,342.9915,346.4516,343.8246,344.6210,346.9114
355.1904,372.2771,375.1395,369.2808,375.8270,374.1340
368.0445,357.9590,361.7354,361.2928,356.8747,360.6339
375.3332,390.4926,397.0061,396.9445,393.0189,394.4129
396.7330,391.4315,396.4590,392.9205,393.6600,396.8742
363.8777,351.9026,351.5687,357.6946,350.1126,351.2227
374.4044,381.2152,384.6656,384.8011,384.1266,387.2268
389.3313,377.2749,380.3934,379.3070,376.7455,381.3361
349.9657,373.3269,376.6881,376.0710,377.4309,372.5205
424.3187,395.6664,402.5888,391.3664,393.6681,395.2597
315.8220,348.5359,346.5191,345.9445,342.5453,352.8665
412.7356,392.1527,391.4929,390.3609,391.2529,391.8117
388.4928,363.8171,371.2321,369.3423,372.2063,370.7753
352.4738,383.0883,379.9203,382.2816,386.1416,378.0270
413.2829,390.5137,387.0878,382.6772,394.6953,392.0644
397.2378,363.7524,362.8387,368.3517,371.7463,368.5357
400.5688,403.5692,407.7156,400.9707,401.1842,399.3130
355.3838,375.7304,369.6711,372.2798,375.8018,374.2531
405.8914,399.7550,409.3327,405.5002,405.4022,414.0164
403.2814,376.5951,384.6199,380.2304,380.6181,376.9919
399.4342,409.0355,411.3751,403.8211,411.3420,405.7986
387.8970,387.5679,385.2801,384.7012,385.3005,387.5652
390.1959,391.7759,391.6049,390.0789,390.6335,397.7788
361.7298,375.3600,372.9546,380.7591,375.8536,369.8520
343.0489,338.7981,339.4069,342.5192,336.6721,338.4027
353.5444,341.9807,345.1214,345.3920,342.7609,345.9395
320.6480,328.7859,327.1700,327.0569,333.0788,326.2016
420.4463,428.6443,424.5515,423.9890,429.9850,422.5109
399.9127,408.5317,402.7971,402.4805,410.8282,397.1663
398.1201,370.3471,378.3110,385.3901,382.0791,380.7056
377.7695,398.7882,406.4298,403.0995,399.8174,408.2938
375.2797,348.4213,353.8913,361.4022,358.1013,356.7558
385.9886,373.0702,374.5329,376.2690,371.6246,371.3848
395.2118,400.8440,404.5860,401.6626,405.2106,401.1246
362.2159,380.9667,382.3173,382.5607,382.0523,381.0770
378.6614,406.6046,413.0154,409.5905,408.4516,407.1447
403.7501,404.5096,404.7250,403.7105,400.7001,400.8829
374.8107,377.0464,372.7628,376.7155,379.6209,375.5086
346.5289,353.9516,356.5025,352.7747,358.8362,349.7282
382.5116,388.3946,383.2598,386.5564,389.8845,384.0857
464.9492,406.9025,411.7858,406.3634,403.2267,404.4354
366.4073,367.8456,374.6404,371.6362,372.7466,373.7440
347.0274,357.7746,360.9533,357.0767,356.2884,358.6648
303.9433,336.0468,347.0110,342.0821,339.9786,337.2500
304.1231,330.2716,338.5236,337.9729,341.5723,329.1970
355.8657,348.8102,346.4017,345.6001,347.0058,346.2670
380.3600,379.5038,388.2807,378.9053,379.2567,383.4200
385.2401,389.2178,383.0492,396.6527,390.9114,389.3204
345.8794,367.4717,361.9157,365.8663,364.8444,373.6106
389.3929,378.6437,376.2450,380.9255,384.6188,378.7733
367.4385,386.4412,382.9873,384.9276,389.9366,380.5402
348.1308,361.2964,360.9224,360.5454,361.2752,361.5280
457.0824,439.6015,436.1676,441.3623,439.6278,445.8930
384.0455,388.0448,388.0140,381.7769,384.6765,381.7287
376.7895,361.1560,360.6550,364.1196,360.0943,363.3706
429.2498,433.0902,433.0328,436.2237,442.5846,434.9387
424.9001,407.2677,404.7497,403.4789,402.8703,402.7628
361.0049,345.0874,347.2825,345.6288,343.2616,342.6311
349.5228,353.0985,351.1765,352.2832,346.7408,349.3707
354.5451,334.3771,338.6349,340.3095,334.0120,346.6146
407.0773,410.5602,412.5893,408.5420,413.9219,414.8859
412.2755,380.8906,381.8575,384.8512,387.0693,383.7956
318.1252,317.2985,322.4765,318.1854,324.2612,323.7946
401.4236,388.0521,390.1210,388.1010,380.8768,391.8199
375.6948,379.7386,376.7563,376.8929,382.1125,382.5376
361.4283,368.0375,367.4101,371.4301,368.9315,367.0314
378.8628,394.5350,393.7633,391.5918,395.0818,397.9264
328.7551,322.1483,326.8654,316.7745,316.6182,323.8825
370.7069,363.7866,364.2639,358.0226,365.3347,358.8390
369.0240,359.6547,360.5968,354.1458,358.5485,357.9685
418.0223,405.0439,405.3148,405.5368,396.5397,411.4202
364.7038,355.2465,354.4902,357.6888,357.2443,355.3181
284.6487,287.5671,284.3101,282.9721,287.6165,289.3492
373.2122,373.0974,374.7023,374.8657,374.0724,376.8356
372.8172,377.3641,380.6169,382.6020,379.9663,382.8276
339.0893,336.3162,331.8900,333.6534,336.0745,328.5954
314.0930,328.4072,322.4162,325.5291,332.9234,326.8956
404.0524,403.6902,404.0154,402.2169,398.1057,400.5598
391.8366,381.5288,381.7660,386.5273,380.8889,379.1141
434.2352,429.8735,426.2930,423.4772,426.7205,426.0054
402.6675,393.7849,397.2165,394.9631,395.7459,397.2678
323.7092,317.9162,321.2937,316.7611,314.7752,323.2256
341.4188,362.2462,369.2651,356.2690,363.1054,360.3916
359.5291,368.8123,357.4009,370.4251,361.9613,365.3494
405.2156,411.2913,407.2515,417.3308,414.6072,415.3788
349.4491,344.1210,344.2501,348.0497,343.7306,346.3513
357.5126,358.2434,352.5684,360.4718,354.5899,359.2418
357.9363,340.5441,341.7914,349.6051,343.6611,342.9729
358.2825,367.2247,367.6298,363.5278,370.9949,367.8380
425.6635,425.0938,424.3896,416.8523,424.1610,424.9762
357.8849,341.3836,337.4167,333.0084,335.6783,337.7146
346.5661,352.2961,349.4343,353.7755,356.8397,351.7693
378.7821,377.9217,381.3878,378.3997,379.7953,380.4110
345.3776,356.1718,356.6774,353.6950,353.1309,357.2917
361.6039,349.4650,354.2272,355.9309,353.7549,352.8829
422.5579,396.6193,396.9215,398.3870,400.9102,402.3421
353.3279,344.4790,347.4633,355.5652,347.4012,353.5577
360.8554,346.5982,358.3602,364.7485,357.6032,350.8448
364.3870,364.7429,363.7039,370.5988,365.5487,364.2613
320.5901,309.2491,310.7412,308.5763,314.1386,315.6275
348.6086,366.8509,368.3655,367.3385,368.0475,371.1199
355.3059,353.0051,357.7356,350.5459,358.9223,353.5234
335.0648,304.2291,308.2645,310.3440,311.9198,308.9741
347.3893,353.2687,355.1275,357.3801,360.7519,355.6810
403.8575,419.9423,421.6329,422.7501,421.3349,421.5461
362.5101,353.2928,350.8490,350.1824,352.2081,356.3396
355.4041,340.2707,340.2281,348.3307,343.2668,341.2969
382.7211,380.4877,382.3579,375.7269,371.5086,376.4930
359.3783,367.9961,373.0924,371.6534,371.2737,370.3676
325.5642,333.4747,338.1257,336.1419,337.6418,340.1995
365.5638,355.8315,350.7361,358.9132,352.4487,356.3070
337.3747,335.0678,334.6714,336.4106,335.8973,333.4310
322.8951,342.2597,336.5824,334.7526,335.3723,337.9679
371.9296,370.6477,371.1819,368.6980,367.8983,365.6088
425.3818,419.5468,426.0203,416.5845,415.2040,424.5843
413.1340,393.4008,394.4232,397.1334,399.1031,393.6258
357.1761,344.3134,335.7270,349.2563,347.7687,346.3147
384.8420,403.8302,396.4569,396.9698,400.0761,397.8290
352.1765,363.5513,361.8572,364.4658,360.3628,366.2548
415.8567,414.4424,414.3850,417.9162,406.1810,415.2720
378.3047,355.0031,354.5398,362.1828,357.3089,364.2628
359.0278,372.3210,369.1355,370.2150,367.6167,373.4730
392.6890,391.3430,395.8820,395.0960,393.3596,399.9867
366.2897,398.8038,396.7479,402.8954,396.7281,397.7687
451.0723,442.3006,446.8795,444.9996,434.3946,431.2032
333.9749,336.2297,337.4718,339.2694,336.2184,334.4433
378.9802,382.3898,382.3124,388.2890,381.3252,379.8524
387.2476,401.7422,397.2082,398.5586,403.5966,397.9179
329.6472,346.2021,342.6738,344.7141,345.9101,338.8559
412.7570,381.7512,392.8368,390.5826,393.3360,397.0248
338.5426,364.5468,373.9626,362.7159,365.4809,365.2331
327.1659,351.3833,351.3186,351.8375,344.6003,356.4834
361.4134,355.0660,358.6079,352.6402,363.3919,357.0948
417.2831,392.1191,399.7409,400.6779,398.6715,401.7457
326.7397,335.4084,337.9393,333.6764,335.9946,337.9065
381.3500,392.3589,391.5370,392.3916,390.5768,392.6732
349.1378,366.2333,365.5922,366.8736,361.5911,371.4784
374.8020,356.3357,355.2142,357.7184,354.4659,352.2029
364.7476,360.2687,367.1583,351.3484,357.4007,357.3612
400.5425,397.8068,405.1653,397.4768,401.7604,395.2930
362.3399,359.7981,360.7640,362.3876,362.5569,363.4799
307.7736,330.0046,324.5296,324.2961,324.1276,324.1580
345.3514,340.7258,348.6963,347.0093,349.9785,349.7050
384.9469,373.7225,370.9305,370.8358,376.2760,374.8477
372.9104,377.0988,378.0886,374.5745,372.0963,373.5294
424.8430,416.1698,421.2696,419.2230,414.6250,422.1052
358.9048,394.9854,390.4468,391.7694,386.0132,394.0137
382.0342,370.2118,363.1414,365.7509,363.6588,358.2266
410.2156,381.3930,378.8896,379.4922,377.7499,379.4257
389.8250,379.3091,378.4379,377.0328,377.6702,379.4371
384.4678,393.2566,392.8373,390.4275,393.0269,391.7137
370.4893,389.8109,393.6921,387.5876,391.1743,389.4747
329.3868,358.8005,355.0307,358.4979,355.7295,363.0389
338.8836,363.5875,363.2480,370.5092,362.4326,367.3031
354.6228,368.7222,361.8843,366.3066,370.8407,367.0610
381.6585,362.7502,361.2719,366.1929,369.4072,366.2876
364.0704,368.4668,367.1653,363.2404,362.3388,360.4850
385.9146,400.5235,402.5681,395.8516,396.9115,394.9299
362.5056,363.8946,360.5786,365.7885,366.4003,362.4620
362.0886,357.6671,359.3946,364.2531,358.0686,358.0933
301.5669,329.3802,326.3796,327.9004,324.3088,332.0597
343.9311,341.1778,339.8260,344.1677,342.6493,343.1823
409.2632,404.1520,402.4456,398.5784,404.2245,404.8141
387.1096,369.3570,374.0003,369.2209,366.8452,370.2231
364.4320,342.5443,343.3117,346.2017,339.3589,341.5377
390.9021,384.5164,384.5384,383.0772,382.7207,380.2447
375.1960,354.0214,353.6699,359.5717,360.6156,357.4530
366.4759,373.7574,374.4712,374.7357,367.1495,385.7101
391.8535,404.4698,398.3413,396.6870,404.1435,397.2633
375.4025,373.5145,371.4762,374.2026,368.9883,372.1290
365.5553,371.3344,370.9530,364.1873,377.4782,369.5120
345.9357,337.6828,335.7217,339.0464,335.1661,338.0672
364.8823,389.6939,392.3052,390.3961,391.2421,393.2165
394.2209,435.5164,438.8604,438.3701,431.2931,440.7214
339.9549,375.1715,374.6823,374.4950,374.0546,373.9953
356.8762,359.5836,360.5309,352.1245,361.5169,361.1288
352.6619,373.2134,369.2902,377.4163,376.8668,366.0764
403.8356,380.4056,379.8290,386.9627,380.8944,381.1706
371.2714,372.1306,370.0476,377.6455,373.8798,374.2930
324.2331,346.2892,341.3709,341.1096,342.7588,349.5528
371.5664,373.5766,376.3734,380.1808,373.2321,377.3760
375.8040,377.8406,384.7141,386.2935,381.0345,385.1455
419.2188,416.8790,416.1298,423.2945,426.3338,423.1982
399.7086,390.6560,386.3052,393.3745,387.9413,391.6536
336.1636,350.8678,346.8830,343.9675,349.5891,350.0277
351.8301,338.8912,335.4608,330.3731,334.0365,330.6419
345.3129,356.5845,356.3080,355.6682,354.3825,354.4771
370.4522,374.3293,378.2065,380.6781,381.1327,378.0056
326.2016,348.4788,345.9031,350.4170,343.6556,350.6411
373.1503,399.8518,396.0969,390.2872,392.4222,396.5671
336.6978,358.9007,356.3213,357.7710,355.4229,360.3325
383.9481,363.3060,358.1917,363.3279,368.2037,358.2339
425.9159,429.6057,439.6314,427.3736,424.4546,426.9352
374.6071,396.9098,402.1222,403.6962,399.1125,404.2855
363.4223,381.3358,382.1214,379.0791,375.7636,381.4924
387.9665,406.0595,400.8209,403.9309,401.3149,397.3356
317.7579,331.4315,328.3335,331.3775,330.9270,329.8376
413.7970,426.4747,425.1555,422.8702,423.5670,415.0616
377.1683,367.5516,366.0730,372.0721,365.2381,371.3799
429.6471,409.6583,399.3210,394.7234,406.0445,400.3513
338.3951,346.9652,354.5464,356.0056,350.8198,350.5464
402.9571,382.9408,379.0577,380.9810,389.9377,388.7773
389.5283,375.3691,375.1911,383.0354,374.9115,372.2004
385.0651,358.8186,366.9509,368.3214,361.6171,363.6885
415.4007,415.9308,414.0777,414.8535,407.1808,417.8553
384.9950,380.6404,384.9496,377.8138,385.4918,375.6339
393.7680,388.2144,394.1303,386.8025,387.3585,393.5112
390.9168,396.6530,399.5652,392.9829,405.9760,395.6606
408.2911,360.6180,364.6725,370.2384,368.7742,366.3157
373.1846,389.0287,382.7568,388.4909,388.2293,392.2900
365.3988,348.2185,345.2505,353.9651,352.3483,354.0689
382.4508,387.7547,379.2022,386.2584,378.5053,381.7237
403.7451,379.6765,390.8792,390.9047,387.3817,387.7850
344.8750,327.0752,341.9463,336.6754,335.4254,333.6449
349.1747,363.1013,363.7002,363.9082,357.5776,363.4095
404.9376,388.7311,389.3362,385.1157,388.1463,390.3451
414.5835,390.9728,391.7970,385.7577,384.5573,386.8728
418.0542,411.2941,409.0111,408.4392,406.5616,406.9497
365.7415,381.4463,382.3063,381.1838,379.5520,378.3347
369.0511,363.0151,366.6360,371.9665,362.1061,362.8194
334.7041,331.8289,329.4535,337.6108,336.2716,336.7608
399.1427,397.5933,397.6789,390.4084,393.0729,398.3041
407.6526,435.8278,429.5887,437.6670,441.8444,440.1085
387.5333,380.2807,377.2392,386.7510,381.8638,379.3690
379.1042,368.2025,372.6435,374.3586,369.2784,372.1155
427.7039,397.6530,396.3605,394.5225,388.4513,394.5016
321.4124,326.6866,329.4902,325.8168,322.8870,319.3935
424.5541,417.3149,418.5059,423.5280,423.0646,422.2237
323.7962,361.6112,361.6767,363.6909,360.5985,360.6235
361.3990,370.1751,370.7664,369.9985,368.1018,367.1632
354.2566,354.4781,351.9010,357.3996,351.5827,352.6718
406.3896,409.2240,409.5432,404.6180,407.8922,406.6203
333.7121,352.4267,343.7635,347.4806,351.6298,342.3470
400.6855,400.5280,406.4802,405.3235,403.4160,403.8270
393.6313,392.8201,397.6031,396.8514,388.5815,389.7542
412.1054,412.8701,409.1042,404.0705,409.7861,403.9452
396.1976,380.8841,384.3332,381.2693,374.0462,380.9795
382.6242,408.7092,410.9642,414.2249,410.1004,415.4477
408.0822,386.4842,383.3968,379.6225,382.5864,385.7377
368.7559,361.7982,358.4597,358.0078,359.7215,354.6071
350.8588,354.6403,351.0920,357.1627,351.9896,351.6156
404.0605,378.2414,379.0890,375.4686,368.9691,370.6723
396.0917,390.5736,380.4304,373.7350,381.5685,379.6739
343.2159,345.6377,348.2568,351.3122,352.4922,349.6257
351.0901,371.5573,372.8319,372.5143,374.6100,368.1964
305.0436,312.7901,313.1264,315.0842,317.9076,315.1516
384.0977,372.0523,379.0432,368.6385,370.4995,367.1400
365.4428,351.1401,357.2174,355.2983,353.2113,359.5818
411.8357,407.1628,407.7487,410.3472,409.3771,401.6507
370.9799,344.9533,343.5385,344.7169,349.5685,341.8036
367.6002,383.2245,378.5684,372.6387,372.6719,374.5204
388.7115,376.9841,374.7165,376.6240,375.2258,379.2981
373.7783,374.2919,372.9791,375.5321,374.5238,372.8355
380.0109,391.6559,399.0449,398.6996,394.8528,394.8793
376.0379,366.9869,358.6348,359.7039,363.9969,363.2058
351.9006,348.0825,352.4861,350.3150,353.3177,355.5980
405.3966,405.6848,411.6258,410.5854,412.9726,414.5491
397.5981,405.2708,400.9326,403.5089,405.2290,400.3187
452.3468,413.5731,412.0602,413.5654,418.2133,417.0226
368.8198,363.2647,364.0767,363.7227,360.5760,362.4861
423.6574,390.0073,395.6003,381.4861,391.1971,387.5232
390.8492,384.0613,385.6635,383.2399,378.9713,378.7910
341.9593,345.7643,341.7880,343.9974,346.4914,343.6456
399.1775,374.8204,371.3586,374.3954,371.4467,377.3036
370.8759,338.6151,341.6818,336.1633,341.0833,336.7651
406.5178,402.7552,405.0213,403.8041,407.8752,402.7267
384.6660,375.0124,374.0573,382.9863,370.3655,375.1342
341.9203,355.6487,353.2762,352.3047,353.6211,357.1112
376.8961,374.3312,381.4063,374.9524,379.2071,383.3608
386.4172,376.4358,370.9493,376.5585,372.5655,370.7883
382.6672,390.2912,386.0311,381.5927,385.9106,388.0810
444.0641,411.9024,397.1210,403.2767,398.6370,407.4045
385.9106,383.3044,388.6087,385.7881,389.1081,381.7863
389.6926,375.0344,378.4346,380.3280,381.5104,381.8902
406.8261,390.4413,388.3131,393.4265,385.8826,392.1960
348.2347,394.1046,387.3336,397.8461,392.9042,391.5006
344.9959,321.2769,325.0569,325.2522,315.9903,325.0139
335.9935,343.2982,346.5999,346.1382,348.0261,349.3591
417.0582,387.5945,383.4643,387.6568,389.1964,384.6815
439.2402,433.1095,427.5528,438.5087,435.9804,430.5793
409.5665,395.7946,389.6724,401.2981,393.4713,395.4942
375.6293,368.4851,368.0119,370.1199,370.8801,367.9360
415.0702,381.1484,380.4425,379.0573,383.9998,374.8129
362.7017,396.0008,397.0928,397.6660,393.5013,397.5566
347.5249,345.9191,348.3229,344.2627,345.2908,345.8533
366.8278,352.9084,345.7664,349.2532,349.1217,353.5611
445.5325,418.1232,412.0906,409.7168,417.8347,410.8596
404.7265,394.9335,387.2172,390.9160,392.3115,387.1367
382.7591,384.2981,388.7800,386.7737,390.8530,385.3950
358.2732,346.9075,347.6021,348.7635,348.4146,353.9359
364.2971,362.9472,360.4591,367.2501,360.7769,358.1464
367.0015,389.1153,384.7322,385.7484,387.9294,383.1334
351.6888,358.6413,357.9772,359.9831,363.5126,360.4164
372.9944,362.0488,367.3177,365.7221,361.3967,365.2631
346.0661,346.4229,341.7914,352.2216,344.7382,340.3469
406.8812,423.2455,412.3243,415.8055,408.6738,411.7358
409.0624,407.1184,405.6778,405.4794,406.7677,409.4315
362.6234,358.4231,363.0533,364.6240,354.4407,356.7427
420.9360,399.7366,403.3520,396.8059,396.9446,400.8182
346.0428,349.2610,356.2594,342.5101,346.3855,347.1170
346.9768,376.7291,378.0698,369.5537,380.7759,378.7305
388.5659,384.9854,376.9758,374.7130,377.7221,376.0268
386.8348,388.3230,390.3346,382.7938,390.8719,385.5474
351.3013,355.6457,358.2599,356.8362,361.8638,353.2112
365.3049,370.3224,374.8982,372.6601,375.4890,375.4361
359.8166,367.6055,362.8885,364.5403,366.5852,367.5086
409.4993,408.4386,412.4502,412.0306,408.7924,413.6014
373.8365,368.9011,366.6913,367.1328,362.5329,361.5218
368.5117,361.2318,365.0315,361.0948,361.7945,354.0285
393.6119,371.4919,373.7722,376.7442,372.0436,378.8556
368.4081,376.5027,379.3840,371.4718,370.4820,371.0624
325.7841,317.5251,314.4436,314.9645,314.5778,318.4803
376.8631,395.1985,390.5993,394.5948,395.9543,395.2451
385.5976,380.1959,382.3750,377.9184,380.1921,378.5309
398.8112,393.4324,396.0215,390.8033,397.7609,392.4885
408.1053,386.9657,389.2125,388.7269,389.5719,393.3485
326.5472,322.3024,326.2690,320.8516,320.7135,323.2880
348.1256,343.3806,345.0455,344.5034,345.2405,343.9295
354.8834,373.5957,372.3168,371.4599,375.1358,374.3252
376.2719,385.7042,383.8546,381.3856,384.1929,386.6436
361.7102,386.4912,382.5908,389.6035,375.2655,385.3857
454.5593,425.3195,421.0468,436.8230,422.7360,427.5011
359.1407,375.8253,383.3580,377.5091,372.5193,376.6871
361.5575,362.6689,367.8850,363.7149,362.5901,363.1895
372.2687,385.8484,388.1887,386.6772,388.1105,390.0858
350.8551,353.6057,357.3062,355.3750,359.0209,357.3483
399.6580,398.1026,398.9136,401.7211,391.2832,403.6456
322.1763,339.6866,331.2127,333.5895,338.2083,338.8158
393.9518,385.5688,390.2949,391.9384,384.3575,383.4224
346.6352,347.4745,347.9485,355.9526,354.4491,349.4673
368.9288,367.1989,368.9369,361.6613,370.3195,363.1738
363.7607,364.2412,362.6106,359.4140,363.8408,367.4139
338.6794,331.4118,334.2668,331.2476,336.8631,329.1728
375.5712,394.7755,390.4985,389.6081,388.0123,394.9323
369.3559,360.8411,361.4120,367.2117,367.2505,364.7191
338.0971,344.2324,342.1152,343.2603,346.4388,347.4532
348.2012,344.9188,343.9342,346.5705,344.6431,345.4397
424.1903,407.1504,402.6757,407.1649,408.5378,406.7280
376.8390,401.0989,398.8435,391.7785,391.7297,399.2013
399.9856,394.0121,388.6332,385.7353,387.0440,390.3886
363.2286,353.8089,351.6093,354.4073,350.5749,357.7791
341.8489,340.3235,330.8439,333.9812,337.9453,334.1891
347.0988,364.8415,367.3400,363.4282,363.7410,363.0783
428.4992,393.6172,399.3151,396.9271,398.8297,394.5732
442.4280,420.0695,428.9749,436.1093,424.3769,422.7257
390.9590,369.8616,369.5622,371.3204,374.0421,369.7300
378.6525,384.7844,376.2726,382.0708,390.4171,382.5186
370.4661,363.9440,368.3114,368.9601,364.4985,366.4372
340.7944,347.6722,352.2492,354.4443,352.7591,350.5879
383.3762,381.9433,383.8946,385.8709,388.1580,394.2861
334.9752,349.6776,349.3855,347.3424,349.2250,351.6064
361.9135,388.5981,388.6345,393.3527,398.8705,390.6879
392.5949,374.1942,373.1709,375.9504,374.5291,374.2232
341.8390,357.1897,351.0951,359.1608,355.4011,360.9288
392.2327,391.5412,392.2330,391.7180,389.5531,395.7378
359.3600,370.1433,372.1460,370.6372,375.0704,373.7243
399.7080,392.8716,398.6346,384.4307,384.1107,395.5658
399.2041,395.6516,398.0236,395.7313,399.1987,395.8565
350.7068,358.7413,355.4882,359.5162,351.5726,351.4480
415.8977,422.1354,416.7095,416.9946,418.2581,418.9207
376.1487,382.7838,387.4044,385.9756,388.8926,387.4843
382.1525,355.0180,352.7473,360.6414,355.5379,357.5875
409.3721,380.2792,380.5958,379.7771,378.8539,380.4420
361.2283,366.1541,364.5264,362.3188,353.4034,358.9919
417.9668,410.6870,408.2622,413.0180,407.2636,417.0288
394.9504,398.2795,398.8674,394.9898,401.9962,397.1199
395.6225,397.8493,400.9279,405.2927,407.5723,394.2919
369.0938,357.6480,359.8684,362.5795,356.0992,358.9025
331.3340,357.4023,358.5820,359.8422,359.0617,354.4998
364.0959,373.4501,367.2035,370.7564,372.6696,374.4869
333.7089,364.2718,366.3578,358.0474,358.4478,366.2589
370.5301,372.1924,367.6560,372.2725,370.0747,374.1587
392.0918,414.7797,408.4200,416.1720,411.3545,402.7006
313.0561,323.0398,325.9496,323.8768,328.7094,318.5612
356.1170,352.2745,352.7523,344.8960,357.2365,349.5207
394.5428,390.0899,388.0132,382.3512,384.8883,388.3787
388.8035,367.6305,373.3514,363.9959,371.8626,366.8621
362.9695,373.9286,373.1733,372.0719,363.7670,378.7872
337.6411,361.8054,364.6380,364.5755,368.7309,367.0532
365.1862,365.8255,364.9197,364.1957,364.4676,368.5424
408.9071,402.6089,400.5176,397.5411,407.2752,401.5302
382.1131,373.7854,380.0985,380.8742,381.0946,383.8276
364.4072,352.9642,343.5732,344.8337,350.3271,348.5953
348.0411,354.2657,370.5324,363.7664,364.9664,363.6639
366.7114,369.4899,369.0525,362.0539,363.8033,367.2584
371.6198,385.5316,384.8112,389.7817,383.0154,389.9469
352.6716,346.6899,351.7720,351.3612,352.4821,352.3078
375.6361,383.1372,385.1303,379.9043,383.2016,376.7393
339.2495,332.6622,329.6197,331.2482,330.9721,329.6403
355.8145,355.9092,363.0790,360.8839,360.7142,362.9545
365.3032,367.4771,366.2604,368.4720,369.3641,365.4467
414.3315,396.9917,397.8389,390.2948,396.5035,394.5338
379.2786,356.8421,364.8840,355.6490,353.9014,359.5715
330.8902,323.7422,319.9505,322.6932,320.3048,320.4059
387.6966,380.2263,385.4684,385.1409,382.6492,385.9080
391.2959,397.8199,400.4601,398.3394,392.4352,398.2418
380.8087,367.1552,371.2629,365.3768,369.8625,367.5832
415.7699,399.3583,401.2063,403.1055,401.1852,399.8253
375.8341,383.9137,383.1013,383.9623,383.4476,384.8676
368.1038,381.0308,381.8255,379.9472,380.3483,376.1991
333.5947,349.1440,350.9883,345.9143,353.0814,348.4728
399.3059,392.1196,391.2129,387.9624,397.2067,392.0545
374.0856,382.3038,382.8909,376.1956,379.7972,380.8301
407.4931,399.7055,404.6559,400.8848,398.8717,399.6198
404.1956,379.4555,373.8138,379.4034,375.4298,384.3875
403.6906,411.1907,410.3596,406.4848,410.2748,408.0937
422.8833,409.6003,409.4373,414.1643,405.6012,404.3158
407.0562,407.2423,405.8120,410.2902,400.3122,408.9867
393.6302,383.2998,383.4386,381.9812,383.3799,382.8832
408.8385,401.8979,402.3855,399.0616,406.5966,403.1302
330.3940,332.4427,332.1573,337.1806,331.5434,333.6595
395.8841,382.7925,384.9402,386.4687,386.6434,385.7937
404.8918,415.7094,410.1040,401.8039,400.0175,405.3127
360.0556,378.9941,380.9600,383.0976,380.3935,384.6317
454.8328,445.2816,440.1733,441.4950,446.4503,440.6458
445.8825,461.0460,464.7967,464.7568,457.0577,451.6731
429.4426,406.2531,401.4489,406.7072,401.3411,406.0364
320.4800,341.3582,342.0742,339.4042,342.5248,342.8824
384.3941,393.4793,384.1724,383.9738,386.0556,385.1681
380.0182,352.0164,351.2708,355.4366,353.8016,354.5169
444.1242,415.3778,409.9141,409.7820,413.4996,407.8563
395.6961,404.1877,403.1897,404.2083,401.9230,403.2879
387.7772,402.8560,397.6989,398.9430,399.5664,392.9809
397.4501,384.0934,377.4918,375.4107,380.1615,382.4477
351.7733,322.6415,320.3250,325.3986,327.6348,318.9973
417.3079,411.9200,407.9571,403.0547,412.9593,409.2267
402.5836,392.7357,397.0574,396.7185,388.2623,393.1678
388.0438,369.1739,367.2213,369.4854,368.2811,368.4167
362.2053,339.9464,342.6124,346.1990,341.0790,348.5809
362.3628,389.8489,392.3411,392.4675,388.1994,388.2186
350.0055,348.8995,341.1826,342.8911,341.1229,339.4699
346.0058,357.4542,353.3041,354.4340,357.2404,354.3440
385.1232,388.0062,384.8367,378.6430,380.4114,388.0980
317.4642,315.2173,322.6777,317.8519,316.4910,320.1310
350.6834,356.8834,349.8997,352.9069,359.1440,351.6226
364.4221,375.4871,374.6107,373.9688,376.9627,376.1670
343.8852,362.7866,360.3516,363.8206,366.2701,354.7557
411.8817,404.6655,402.2252,402.6660,403.4908,399.1897
360.9593,380.8959,381.8564,381.6623,380.9610,382.8727
380.1935,376.7491,373.1336,372.7781,375.8917,374.5182
370.4482,400.6769,397.7642,396.3460,399.9309,398.8370
413.3569,405.5946,408.5310,412.4612,408.3476,410.5200
396.8178,380.9651,379.2359,384.8400,374.7374,382.4739
358.4522,370.4876,373.9040,371.5652,371.0843,370.0401
359.0183,369.9955,371.6839,374.4169,371.1204,372.6483
404.0075,397.7078,398.5675,400.1557,398.8066,399.1107
415.9542,415.9211,417.7640,416.5393,422.7993,418.0185
372.0262,380.5711,383.5482,383.6036,378.1506,380.0511
375.9264,377.8890,384.6635,383.2077,379.6317,383.6027
345.8801,335.7793,334.8539,331.7895,334.0489,331.9680
366.0204,355.6695,365.7678,359.2959,359.4756,361.2559
348.7287,359.2678,355.1700,359.1631,362.4998,356.6395
367.2767,360.2377,350.7027,360.7995,356.7720,359.5730
353.2359,348.7849,348.0593,348.1088,348.6870,344.3596
348.6875,359.5085,356.7931,362.2191,353.7352,360.0374
383.2333,358.7928,366.2071,362.5086,367.3669,358.6619
392.0255,380.9522,375.8818,381.0811,380.5763,380.3429
464.8315,424.3554,419.6909,414.9421,420.5015,420.5506
338.0895,355.2768,352.0549,351.2234,354.2891,351.7557
361.2665,358.3332,360.5203,365.0385,358.3307,366.8352
388.2661,396.8314,403.1560,404.3537,401.5021,403.4210
391.6921,388.0839,389.0400,385.8905,385.4457,387.3746
348.7061,363.3342,363.0005,362.3004,358.2668,362.5098
422.9252,417.3036,415.9455,418.3558,416.5755,412.1458
407.4822,419.8754,418.6095,411.4613,418.3911,412.9778
369.5254,378.7030,370.6343,382.9608,370.0710,377.8870
405.2362,385.6924,393.2463,392.7909,390.7748,389.2691
412.3038,416.9060,419.0095,418.2051,423.1908,409.3161
401.2952,417.4253,417.1610,413.0748,408.7266,409.2263
381.8391,381.9542,388.2977,383.2424,385.0706,383.7829
364.5512,375.2033,375.7469,374.5452,372.4319,371.0929
296.6503,318.5192,318.8972,326.3000,322.2426,319.5696
382.1555,373.2484,376.3819,378.4624,373.0051,375.4120
397.6809,393.8516,397.9145,402.4277,398.3209,391.7426
332.5664,322.0526,338.0389,331.7791,325.4305,327.7093
399.7493,383.2038,377.6133,381.2945,378.2420,380.1401
398.6381,397.1548,404.6008,402.2958,404.7713,399.8913
403.7752,390.0892,394.4046,390.9593,395.6002,390.3808
374.0317,398.0606,389.1362,388.2318,398.0798,394.8876
367.6874,341.7745,340.5980,345.8994,339.9961,345.4521
404.2295,420.5135,414.7321,408.5258,416.1926,409.9677
392.7091,388.5179,381.8061,390.8383,395.7451,398.8431
364.4344,359.9069,358.4520,354.5166,358.7343,354.6836
390.7545,363.1447,365.9870,363.2237,364.3903,366.8582
460.5247,427.6731,419.0987,418.5011,424.8700,421.4961
307.5269,340.9688,335.1464,337.9094,334.0634,338.9933
355.1172,366.6430,369.4377,373.7680,365.6954,371.5649
373.3210,373.6948,378.3069,378.0745,376.7593,381.1255
348.9029,393.4514,392.7551,391.8201,395.2210,396.6273
393.6877,394.7256,391.7575,387.0939,384.4052,386.8436
354.5742,365.4187,370.6710,369.8228,365.8716,362.5262
385.4751,374.7196,374.1850,375.1176,378.0958,375.3195
337.6108,334.3163,329.2890,331.3350,330.4634,331.0502
405.8789,389.5225,388.1652,387.8743,388.2482,385.8735
373.8749,393.4371,394.0266,387.3056,391.3939,393.1952
381.8611,380.2189,385.1444,378.9608,376.8879,386.9016
373.4845,386.0866,387.6640,384.5815,378.4250,381.8709
335.3165,374.8030,371.1710,377.9492,372.9349,375.9265
366.3022,369.9107,372.6397,377.6628,371.8060,369.0929
417.5107,419.4169,416.8356,418.8731,421.2499,416.8522
381.9722,397.2195,389.3364,390.6990,398.0204,394.0932
390.2446,380.0442,386.2410,376.2034,379.8263,376.7159
365.0479,378.3983,381.8674,385.4253,380.9834,380.4483
381.2875,394.4908,395.0271,394.9022,388.7195,396.7372
422.5253,391.9072,393.7998,390.8799,393.4510,400.7331
293.2433,297.0165,304.9585,299.6788,299.5113,299.2517
403.5358,408.8200,411.9388,406.0995,407.5116,409.7010
393.4115,399.4663,399.7057,397.3952,399.3520,396.8006
409.5409,394.6013,397.9833,398.5750,401.3915,394.7041
354.4179,334.4435,340.3212,343.2425,325.7770,343.2995
388.2392,372.3925,367.5753,368.0330,366.4403,367.9850
427.6814,420.1650,417.9259,413.1993,421.5385,416.6878
391.0328,406.2069,413.0934,408.1833,408.5206,406.7499
411.3433,388.2310,387.7220,392.7085,386.0224,389.1622
382.2860,389.2065,393.1790,400.5558,390.1961,387.2687
376.7176,379.0959,371.1396,360.9354,363.6548,368.2068
405.4306,388.4097,396.7906,396.7921,394.2619,400.3760
382.3940,396.1837,387.3181,390.0664,386.9397,390.7406
356.2417,362.3508,362.9045,356.9847,353.9373,359.5619
379.4056,378.0556,381.6154,377.9284,377.4417,376.5623
378.3956,360.3495,367.7479,363.9601,362.4060,367.3727
348.4916,374.4431,375.7314,379.2530,376.6251,375.4255
378.8610,377.0382,381.6950,382.8816,380.5982,380.1370
414.6166,397.2798,395.4547,397.0708,395.8848,404.6735
312.2821,327.6496,326.6130,324.0115,327.4663,326.5595
416.0663,411.9588,414.1112,416.6555,419.0741,411.3575
400.2976,359.8378,363.6787,366.8080,361.7906,363.3538
344.7808,345.2452,347.8600,353.0949,346.6081,345.5913
384.5720,383.7793,381.5826,386.0094,387.7710,381.3400
386.8736,392.7517,384.7523,391.5683,384.9188,387.0445
423.0630,401.4089,404.6340,406.6355,402.1884,399.9417
452.0702,456.7089,470.3412,464.3634,465.7514,457.6939
344.1848,351.2553,347.6842,344.2712,339.9073,347.3297
367.7311,366.9447,371.6765,380.3993,372.1365,369.9197
354.2261,370.2307,372.9511,372.8303,374.0312,371.5448
423.9480,408.4789,408.4167,405.7180,414.2405,408.4028
300.4747,303.8834,304.3709,301.9742,300.4006,302.2350
354.6825,341.8696,330.1921,328.7729,325.0294,326.1790
375.9459,379.5577,383.6526,385.1497,385.7820,394.1134
316.0678,316.3275,307.5896,308.9273,309.6157,308.5690
323.6078,304.0480,314.9829,314.1258,303.7969,318.5863
341.3852,339.7897,342.8279,342.6436,344.9884,344.9331
443.0497,413.6259,418.0450,411.3205,407.6096,408.6222
388.9924,388.7198,385.4539,385.7897,385.5375,385.6298
336.4189,341.4341,332.3901,331.6940,336.3969,333.0435
344.0917,344.2289,340.9127,344.3693,341.7535,338.7938
328.2657,327.1908,329.9768,333.6197,330.4382,333.1261
368.8277,385.7254,384.7385,385.4367,389.9347,382.8958
346.1715,330.6443,333.3595,330.9408,332.8163,334.9151
350.1971,357.5332,355.2586,348.4604,352.8777,361.4817
338.2911,340.4492,335.5586,330.7065,342.0414,339.2883
346.5342,360.7681,358.7765,355.9885,348.8599,356.7393
395.7013,387.1503,390.1542,386.1803,392.5487,390.1868
356.0429,360.4909,362.9880,362.4773,364.8391,365.7621
358.5336,364.1771,366.7070,366.1218,364.3268,368.2129
349.6022,335.0009,332.0989,328.7120,328.8716,328.1605
386.6095,384.2658,383.0212,381.4652,389.0114,384.4793
393.6702,363.9186,360.4382,361.3944,365.0837,369.3095
355.6940,381.3061,377.6990,382.4341,374.0374,384.2876
363.8671,387.0081,388.1468,386.8894,385.4807,392.4208
348.5328,357.1035,361.3308,362.8098,357.1249,356.2210
327.2126,326.2644,325.6663,326.1358,316.6915,325.0566
336.8899,341.5486,336.9016,335.3897,341.3921,336.3300
363.4984,370.0657,371.7321,369.9127,369.6134,372.1085
345.2885,385.6035,380.9061,380.0149,379.7357,377.3939
424.8382,393.6114,395.7947,398.4829,398.6445,397.1317
307.4553,307.2211,309.0169,316.9860,304.4890,322.5127
312.4300,333.3502,329.9382,332.7824,331.6664,333.3468
395.7419,405.2198,402.6667,399.5013,410.1717,407.6507
380.1940,367.7262,376.2845,376.6717,370.8094,376.5291
389.9466,374.0209,368.0369,369.8386,367.4373,373.4453
373.7508,381.4275,382.2359,384.1795,375.0531,380.0563
345.0801,339.8126,335.0582,331.9906,342.8233,337.9491
327.9590,345.7847,344.2029,344.8597,343.9118,345.6864
330.2850,322.0686,317.5073,313.3257,320.7403,319.5304
422.7913,407.8515,411.0186,406.8031,404.2265,407.2882
350.0594,348.5643,344.7585,346.6674,350.9309,347.1506
379.2593,374.1697,367.7881,372.7159,366.8362,368.7277
335.2869,361.4588,353.6056,355.6409,357.7383,355.1395
352.8227,369.5974,368.0337,370.2581,368.3545,366.4572
394.0377,380.8116,380.1310,382.0020,379.1121,384.4431
388.0896,362.9684,365.9022,358.5058,360.7238,367.6669
330.6471,349.6783,343.1519,350.9182,349.5013,352.1619
336.5494,340.7945,346.8308,343.9230,342.6716,335.8365
355.7704,369.2676,364.3951,365.4396,362.0089,366.9350
392.9117,405.6631,403.8222,402.9601,403.9012,403.2971
433.6623,420.5233,424.8662,427.4925,413.6410,424.3551
425.9914,430.1990,419.7025,424.0510,421.3024,423.0719
369.1479,368.3855,369.2487,367.8955,366.3608,371.4650
427.5030,410.8964,408.5216,407.9079,409.8098,414.8116
376.9220,370.4288,374.7186,365.5369,369.7789,371.0140
313.7597,346.7162,354.8820,346.3805,348.8272,350.6525
349.0613,333.6629,341.0974,337.6837,337.4302,337.7440
395.5835,382.4182,385.9313,384.1658,380.9697,381.6030
455.5726,421.3003,435.2705,426.4891,429.0466,431.6162
376.4079,348.7788,351.6794,352.1778,353.5154,359.9098
432.2122,416.8501,415.0024,419.6825,423.5260,417.1767
334.6865,329.4360,336.6278,336.6490,339.5833,331.9469
361.8611,362.2464,367.0956,365.0967,366.7402,364.2536
415.8745,390.7091,392.3008,391.0013,392.5439,394.0956
361.8976,356.3763,357.4224,358.8468,360.5789,369.9134
416.9635,424.3292,423.2695,433.0948,432.9997,423.9820
338.0294,341.7798,347.0973,344.9239,338.9889,337.1761
328.9852,352.0319,352.6747,362.9769,353.0470,353.9440
341.5286,333.9738,336.3364,330.6600,337.0715,333.3818
388.3634,381.1135,377.8677,382.1331,374.6353,380.4932
450.0836,417.6479,418.9467,418.0760,422.6084,423.2047
390.8924,376.5915,386.2986,386.3666,381.7237,380.6221
337.6767,331.3657,331.7772,331.6197,333.0093,340.4702
377.8447,397.1382,392.7353,398.6779,395.0547,398.2042
407.8655,359.8375,360.6489,370.8630,368.3978,364.0622
349.9134,364.7249,361.5929,367.2394,364.5074,364.7930
368.1610,364.4685,363.4533,359.3789,362.4458,366.0186
384.7677,416.4828,421.4435,419.8187,423.7097,424.6772
371.6265,374.8568,380.4817,377.6313,377.4789,368.8600
353.2908,378.2545,380.0624,381.0059,377.4811,377.4986
395.0113,382.5038,382.0566,383.2030,381.2135,381.9578
376.9489,379.1030,387.0032,388.2017,384.0910,387.1088
326.2170,336.8500,336.5060,332.1321,338.5551,340.3570
319.9042,347.4489,348.7276,343.2227,350.2977,345.6648
438.3542,411.1312,415.7514,408.1071,415.6997,407.6006
376.1241,367.6547,373.2240,368.0347,377.5971,366.9075
323.5554,336.6754,334.3787,331.0692,332.5211,330.0002
305.2793,314.4716,314.6089,311.5000,309.6817,315.2668
352.2193,323.2245,328.6153,328.4546,329.4821,330.0855
319.5375,334.4197,335.8235,334.0236,334.6462,334.6310
358.8725,341.2211,337.9738,342.2375,345.9353,342.1523
367.5320,378.5556,378.1216,372.1658,379.7680,379.4752
384.6978,357.1621,354.2548,357.5629,356.6470,360.4982
376.6133,369.0443,362.6049,364.1105,371.4072,368.1097
349.9747,329.5001,330.0251,328.8208,325.7965,334.9225
364.5101,353.4893,353.3405,348.4906,360.5515,351.4843
389.7736,398.0051,393.2187,399.1614,401.0638,404.2880
375.1814,349.5847,346.3217,347.2372,344.6453,348.6472
362.0346,359.9922,359.2016,355.1686,360.7257,359.2739
317.2392,329.3792,336.1330,333.8812,330.4962,332.7096
429.6747,435.8936,442.0669,440.5774,428.7334,442.2285
349.3424,367.4874,376.5962,371.4490,373.9932,370.8205
312.7180,322.9566,321.5497,324.0052,319.6123,319.4623
351.2155,353.2002,352.0253,353.1175,348.7749,352.8025
385.6129,384.3546,383.2180,383.1801,385.3290,382.4239
410.7876,394.3706,391.7955,390.2432,400.3927,397.4315
328.1606,343.1735,344.0850,345.2608,345.5171,340.9192
369.9743,361.6876,355.5815,359.2867,361.0876,359.7156
451.2671,417.0915,415.0360,416.5354,419.8199,418.8615
322.2496,319.3571,324.3591,323.6149,318.1169,321.4581
424.5953,410.0307,418.3327,414.4765,422.2786,416.3547
348.6329,351.7204,343.8426,351.1292,349.2476,345.5760
347.2693,353.0193,354.9395,352.1060,359.2857,344.7874
397.6276,377.0562,376.5355,379.7464,378.9701,377.3325
325.8671,363.7518,365.2857,359.6968,364.3084,365.9368
458.4580,440.7257,439.7151,438.4950,439.2608,440.6664
400.7295,378.1918,378.3331,377.9853,374.3977,381.2371
354.1630,372.1314,373.9678,370.6707,371.8899,369.3925
377.9537,392.3426,391.5501,378.5113,382.4920,387.1951
408.1982,391.9059,396.7474,392.4285,387.6568,396.6015
387.4024,395.7667,393.4948,383.6776,390.0656,389.1209
361.7773,356.8271,351.4473,351.9486,351.5645,351.8306
409.1274,370.9865,376.1927,373.6689,374.5269,366.9453
369.8841,386.7765,379.1773,388.3798,377.5883,380.2842
380.3548,384.4497,388.1376,390.0180,383.0096,388.1457
396.7321,401.5030,398.2196,397.2752,395.9748,396.9905
385.8462,376.6227,377.1069,376.7095,375.7133,379.4920
355.9995,384.6353,384.6316,383.9503,378.4161,383.4466
351.6659,336.6819,335.8031,341.6444,334.8769,337.2739
328.7313,356.3797,352.3806,348.5633,347.8855,354.9929
388.6880,395.2941,393.5231,399.1286,393.9723,397.3791
352.1768,348.1081,347.7804,348.1212,349.7283,346.6248
321.4880,325.2248,324.2255,322.3815,325.2037,327.8583
345.3854,350.2923,350.9211,344.0401,351.8079,347.1077
439.9698,426.8786,440.9503,437.4299,433.6181,438.2747
370.3512,387.2481,381.2131,387.1260,386.4649,386.8957
351.3090,367.5251,355.3817,354.5306,356.2860,352.5892
419.2632,393.5886,391.6404,381.6386,390.5226,390.2455
369.6378,344.4305,348.5039,349.1161,345.4400,347.7821
354.0836,360.0117,360.2363,364.0694,356.4899,359.2423
375.2319,369.7274,373.1187,368.7350,373.3612,374.7538
342.1743,329.7361,320.9397,330.3151,327.4039,333.7518
409.8254,419.5798,414.0728,413.2773,417.3889,413.2285
382.1905,390.3210,391.3623,394.2979,391.8441,397.2600
400.1464,386.0188,385.3973,382.7353,383.2664,388.4158
358.7086,356.5330,359.0330,353.9806,360.9273,348.2769
417.5394,410.3195,414.9887,409.2831,408.0638,408.1009
370.6486,372.0933,376.3411,372.7786,373.7767,374.1939
375.1031,386.6862,394.0894,389.3898,387.3873,389.9232
346.5014,362.9468,366.5949,369.4977,363.9282,362.6938
425.9951,422.2555,417.0989,408.7232,412.7187,413.7373
401.4551,399.5014,408.3489,400.5752,399.4699,401.0250
394.4825,392.7963,389.5551,381.8344,378.3039,383.8338
363.9611,353.2815,353.7678,356.7752,353.5469,357.2185
372.1108,360.4931,354.1359,359.7816,363.5174,370.9660
343.0085,356.1100,361.1564,358.4897,360.4113,355.8701
381.3823,379.1511,374.5414,378.7230,383.0689,381.8601
398.5884,379.1839,382.5604,381.2510,381.7450,377.2899
331.1430,350.5352,348.4804,348.4315,354.1694,352.3166
356.6099,383.3030,379.3136,379.8936,379.0496,377.6862
353.5606,395.8704,396.1037,395.8009,392.0444,395.4467
368.5578,389.0065,384.6938,388.4194,383.5377,384.2840
349.3765,341.6211,345.3512,345.4750,346.2472,346.1725
346.6797,356.3658,346.7781,349.0712,355.1086,357.5206
390.0347,391.0963,384.1665,391.9620,393.1337,385.2956
347.9348,361.1595,363.6638,367.4251,363.1844,366.5246
377.0748,363.2615,362.3727,360.6984,373.2260,371.7267
393.0699,388.2646,396.0906,387.7869,395.2513,389.7215
370.6218,370.5021,368.2567,372.5156,367.1106,370.3824
356.2668,328.3718,334.4873,331.3102,333.3874,338.9601
364.0729,373.3207,368.2094,369.4977,364.6981,372.2060
430.5183,416.7733,415.7624,422.7218,422.7552,422.9919
371.6904,357.5879,356.1662,362.7571,358.3221,360.8962
403.9928,412.0231,406.0023,410.4745,415.6348,411.8774
397.9207,406.6806,406.9355,412.9200,411.5114,406.2021
369.5668,368.7184,370.5417,377.5655,373.9498,372.8629
357.6971,387.0161,374.6976,380.1822,373.5677,381.9710
400.7616,404.1145,411.9684,404.3538,409.8951,408.6448
382.5606,418.2635,414.6996,412.3411,414.0122,411.2767
414.1059,387.5088,399.2547,398.2353,393.9634,393.3925
401.0049,390.2920,387.1204,380.5455,384.0347,388.3528
416.0391,407.9131,409.0249,411.5868,409.1327,406.8540
330.0968,305.6245,303.7942,303.5757,307.6289,305.7577
302.6085,301.3055,303.0670,298.0212,301.4666,297.1039
381.7703,368.6267,372.1562,365.7900,369.4146,372.4874
416.9465,412.5539,405.8487,404.3454,409.2110,406.2791
362.7546,368.2044,367.6147,371.9421,364.8918,360.9102
361.5794,356.8460,360.8102,362.7382,357.3787,358.9499
364.7595,355.5459,357.1093,356.7525,357.3889,355.9711
408.5467,399.1165,393.7744,392.7104,390.3637,397.3440
356.1417,360.5511,358.5636,362.7412,364.8698,359.8486
383.2662,392.3662,392.7012,394.4259,390.9887,387.1108
335.5098,346.3967,347.5461,347.8423,351.2523,344.9683
349.4221,312.4581,317.5125,312.5248,312.7668,317.0667
341.0216,354.8135,358.5358,358.4567,354.1149,359.8547
374.3490,372.4457,378.5569,376.4281,368.6190,373.3727
367.8904,354.7717,350.9501,353.8206,353.4055,349.0988
441.8220,451.4115,447.4892,454.3980,453.0631,456.8075
348.0794,371.7295,370.9698,366.5114,365.9986,372.6156
397.6377,396.7623,401.8333,401.6936,395.5518,400.4900
402.1228,396.8941,394.3680,395.6848,391.4342,399.8733
330.3257,333.5067,337.2530,331.6841,333.3467,330.5009
439.0482,427.4292,433.4425,431.7534,435.2224,431.8395
368.6789,363.6898,358.8767,356.9484,359.1251,353.3873
352.1747,372.6736,368.0457,366.0869,368.3188,369.6252
391.0942,395.3513,397.0020,392.2502,398.7043,399.2058
400.8726,389.5293,386.8138,382.2189,380.3351,383.1693
381.4496,369.0817,366.1134,362.6213,367.7664,365.4995
386.0433,367.7591,378.1995,377.3336,377.7393,369.2761
364.8823,373.1639,371.9064,367.9348,364.5534,375.2051
385.1497,358.3315,355.8684,356.4920,358.9279,354.6799
323.5838,343.6146,343.0696,334.6457,342.3466,340.5837
414.4329,406.8427,405.3529,404.8795,414.2435,409.8399
414.6812,402.0865,401.9883,408.6520,402.6400,400.8708
445.5603,405.8417,409.9222,410.0305,405.0876,409.2515
419.3139,386.0385,389.1435,387.9547,380.5635,391.2297
415.5726,399.0362,403.6387,403.3182,402.9962,401.8130
344.6028,353.9298,359.7162,358.1857,351.9527,355.7807
418.8057,410.8130,406.3900,407.4957,405.7219,403.0262
417.3104,401.6014,398.7267,399.9586,406.6079,410.7031
417.0309,424.8677,428.0415,432.4259,437.8242,428.6879
368.6494,356.6744,342.4035,348.1649,352.1578,344.5945
319.4526,354.3979,347.9849,350.1083,351.9724,346.1192
329.3836,354.0029,351.6685,351.5179,351.5840,355.4341
405.3678,392.6649,399.8564,396.0015,392.8749,392.5263
379.3981,386.9780,383.5018,376.9028,377.9496,377.5742
372.1625,370.3219,367.2453,370.0155,368.2756,367.6282
358.5932,358.8165,359.0178,357.9803,357.9880,363.7573
421.5785,404.7562,409.3452,410.6762,416.2819,407.7722
357.1965,380.4338,382.6587,378.9482,379.9686,380.0238
360.9394,375.5747,376.5878,376.0569,376.3626,373.6591
366.9256,372.2357,365.2335,366.9415,367.0138,368.6339
414.5635,418.4096,414.2800,407.8622,411.9852,410.8128
330.3536,345.0276,345.4100,350.1506,342.9161,338.6289
358.3448,367.4167,373.1427,379.3928,368.2032,372.4467
425.5809,395.5899,394.0461,392.9381,399.5457,403.5892
336.1066,348.0459,347.1097,343.4141,348.1028,353.6396
389.5320,420.0162,413.1059,419.0868,418.6550,418.7524
374.7240,375.7764,379.9085,375.6388,380.2748,383.5414
410.8164,383.7120,383.9144,384.6612,381.9945,372.4034
415.3490,420.4649,425.0300,413.8305,426.6567,420.2126
362.1718,364.6981,365.3388,365.6886,361.5515,361.1088
419.8855,401.6165,402.8962,414.6237,404.7730,412.5994
327.4847,342.3605,334.6989,341.3867,341.7597,336.5292
395.5327,360.8446,360.5387,369.7809,367.5331,372.3391
366.3296,365.4733,362.0362,364.3490,364.2005,360.5858
422.7920,396.9531,391.9632,392.7228,398.5956,402.6703
418.8101,428.4896,422.6966,425.0586,428.2432,418.4448
342.8511,356.2154,359.8373,361.7943,360.4005,362.2122
326.6705,345.2180,347.9276,341.4684,345.2367,347.2076
407.2908,429.4103,422.5052,421.8971,429.1544,421.5842
370.2731,372.9412,378.9458,376.5864,373.0321,371.3959
364.2463,392.0468,390.9217,386.8564,392.6752,390.9834
377.0737,377.9283,381.4554,382.1405,382.0560,384.7552
407.1403,387.0611,392.3020,393.7518,385.6428,388.6577
373.8257,380.0067,376.2672,374.1994,375.9906,372.6097
318.2760,314.7220,314.7270,316.3196,315.9438,319.3173
388.6344,404.0373,401.6117,402.1698,403.5189,402.8901
392.7634,380.6121,380.6669,382.3842,379.9406,383.1972
356.8327,362.2863,362.0516,366.1207,365.5608,363.6383
405.2113,396.5201,396.0217,399.7202,399.5049,399.1623
442.9603,433.2316,441.0198,439.1772,443.1260,435.5893
401.3277,397.0887,395.3583,393.0243,396.3971,396.2619
368.5741,360.3651,364.9905,365.1057,364.6813,366.8924
311.2651,310.7626,307.0135,308.3422,305.1935,313.2178
376.2561,398.7362,392.2975,388.9255,395.8255,398.2195
288.4106,298.2787,306.3086,302.1360,293.1509,300.1239
342.4107,385.7574,388.5778,391.1692,390.4581,390.8528
416.5739,405.2808,410.4454,411.6848,411.7712,409.5461
453.2805,410.8736,419.4913,414.5019,417.2845,413.8166
393.7869,394.4095,402.4615,394.8754,390.6774,393.6230
359.9006,350.8720,345.0293,352.5559,340.0515,340.3647
330.9772,353.1372,355.2105,349.9936,353.9212,354.7987
384.8565,376.5002,381.5638,375.5757,375.9554,373.5945
410.9410,411.4881,409.6368,411.9801,410.2162,412.3062
363.2453,357.7260,360.8866,365.5244,358.2420,354.1518
331.3905,340.0907,341.5939,341.8740,340.0930,343.9623
427.9904,408.3175,411.7223,410.7538,406.5111,408.4972
334.3889,344.9323,336.5828,339.7810,345.0350,340.9570
415.0464,398.2039,390.9893,394.7020,391.1764,401.0502
467.0007,416.7724,418.6540,410.1101,412.5248,412.6112
382.1695,371.9199,368.2893,370.8701,370.9756,371.4772
383.5483,389.2220,389.4080,388.3509,389.0079,387.9327
354.6595,351.5972,344.3189,344.8054,350.9687,344.8455
382.0247,398.0600,402.5679,406.4174,402.7614,404.6591
341.7607,333.4476,329.0782,328.2419,328.3920,335.2643
353.4161,354.7892,354.9121,359.7118,355.5783,353.1046
340.9685,329.1219,325.5110,327.7905,326.1499,322.0189
402.9082,393.1845,394.3930,388.4142,394.3304,394.0495
396.2703,403.8619,399.1393,407.5595,407.0235,405.7019
413.2312,422.1220,427.6051,422.3438,427.3741,423.4520
