true,pred1,pred2,pred3,pred4,pred5
365.8869,397.6490,403.6509,399.8147,405.4726,396.7093
304.9546,326.7538,330.5785,330.8810,327.1949,326.6447
361.4368,373.0333,370.9522,375.9984,372.0137,384.6796
360.1403,359.4971,370.9828,370.9381,367.1170,370.1653
334.8007,362.2232,356.4217,362.5545,357.9524,361.4991
440.2627,427.1816,423.2798,413.1722,421.4482,421.9308
328.3493,332.0822,333.6189,337.8399,335.5023,328.6007
366.2561,366.8009,369.7536,368.5024,368.6559,369.4437
357.4685,384.3638,381.7465,379.7942,382.4092,382.9830
353.0170,372.4165,367.0704,367.0780,373.1222,366.3098
381.8796,375.3808,371.1246,371.8503,370.7687,373.3613
359.5296,360.2199,357.1248,354.3026,354.8700,355.5030
355.4878,352.3086,348.4066,350.4169,353.2986,349.0332
374.8454,360.3598,363.3545,359.0905,357.0087,357.6260
365.0687,384.4792,378.4115,379.0512,385.8788,383.5621
363.4244,349.6800,350.0933,352.5749,352.1306,350.0803
347.2417,340.9979,338.2154,345.4983,340.7755,349.5892
355.1904,380.2154,378.7234,378.3840,381.4737,382.9149
368.0445,360.1162,363.0989,367.2195,361.7352,361.2872
375.3332,391.8502,391.6255,391.9666,393.4281,392.5698
396.7330,391.1163,394.0535,392.5003,392.7417,393.8047
363.8777,359.3248,363.9078,362.2943,362.5350,358.3573
374.4044,382.3327,384.1769,382.9760,382.5175,386.5232
389.3313,371.0591,376.1606,377.5516,376.8149,373.8411
349.9657,373.5051,374.6877,380.0457,372.1040,372.6174
424.3187,395.1111,391.6261,394.5922,395.0606,396.1792
315.8220,348.1197,349.9396,348.7970,344.8959,346.3812
412.7356,399.0244,395.8487,402.3904,398.2980,397.8818
388.4928,372.9198,371.9352,371.9045,372.0474,371.3715
352.4738,388.1305,391.2919,389.0224,391.6582,389.8627
413.2829,377.7739,385.5937,385.9048,390.3207,386.2395
397.2378,366.7501,360.7881,363.2052,366.9415,364.8995
400.5688,399.9485,406.5226,402.3318,400.5634,403.6707
355.3838,367.9277,371.5092,368.1957,369.7360,369.9588
405.8914,392.9338,404.5215,404.3754,398.9295,404.5166
403.2814,372.2011,367.5626,368.7764,369.5367,370.8834
399.4342,408.4826,407.4088,402.9705,412.3632,403.8873
387.8970,384.9362,382.9067,386.7109,388.9371,384.2691
390.1959,397.6705,396.3164,399.7495,402.0864,403.8208
361.7298,373.5453,374.6945,374.2776,378.6256,377.8466
343.0489,340.2724,344.3980,339.1311,341.4602,340.1902
353.5444,344.5287,345.9132,347.7411,344.7694,346.3583
320.6480,336.9694,332.3712,335.1757,338.5484,333.5040
420.4463,413.7886,415.6447,415.6215,417.4202,412.8175
399.9127,409.6210,412.6311,408.0261,411.4967,406.7675
398.1201,379.8520,374.5762,377.2835,380.4602,379.0449
377.7695,394.5606,397.3505,391.3839,394.1222,394.3459
375.2797,352.4935,357.0059,362.3381,354.3915,356.4537
385.9886,366.1210,366.7658,368.2412,371.9873,366.8252
395.2118,395.8249,397.2596,397.2000,397.5845,396.1774
362.2159,381.0388,381.1663,381.2258,377.9631,382.6956
378.6614,402.9359,402.6792,400.4999,405.7317,403.0832
403.7501,397.4109,394.0407,392.8624,395.8266,399.0041
374.8107,373.3560,371.2512,375.3816,375.7857,374.4871
346.5289,352.3884,349.8142,352.1525,350.7375,351.9453
382.5116,386.1105,389.0546,393.2528,387.3696,385.0383
464.9492,400.2808,402.8707,399.9004,401.0436,398.8272
366.4073,370.7945,371.5305,372.8684,368.3355,366.7153
347.0274,368.4691,368.3641,364.1754,366.3156,369.5800
303.9433,337.2828,343.7070,342.7465,343.8675,338.1372
304.1231,333.6691,325.6709,328.7822,323.0087,326.7265
355.8657,344.7922,345.2801,346.3244,344.5528,343.4540
380.3600,377.0313,376.1479,377.6655,373.2922,376.4606
385.2401,383.0123,381.5750,387.5153,384.5823,387.4201
345.8794,376.6635,378.0597,376.7274,377.1790,378.8961
389.3929,373.7665,367.2443,373.4551,367.7258,370.3009
367.4385,373.1065,372.6632,370.2421,371.6405,369.7829
348.1308,359.4940,362.6045,358.8669,357.2717,364.9887
457.0824,433.4013,430.1743,432.7101,432.0289,429.4608
384.0455,388.1427,382.8503,389.1996,384.2633,380.9600
376.7895,355.2960,363.2486,367.4018,362.1070,362.2571
429.2498,434.4503,435.6470,430.6590,436.2788,429.0625
424.9001,403.2952,402.7007,404.4384,412.3342,397.0981
361.0049,345.8953,345.2144,348.8596,347.8319,346.1847
349.5228,346.8134,342.3407,341.9271,345.9589,341.6716
354.5451,343.3028,343.9200,348.3334,346.6457,356.0153
407.0773,422.1819,421.7235,425.0314,423.7377,425.4864
412.2755,365.4949,369.6516,369.2156,369.9444,366.8557
318.1252,330.2075,334.3476,331.8453,332.3836,332.9579
401.4236,383.9206,381.5189,384.2100,380.7069,381.5077
375.6948,368.2394,368.2447,371.0454,371.0673,373.2336
361.4283,366.1129,368.1160,369.2045,364.7751,364.2728
378.8628,395.6471,400.9936,397.3064,403.8110,399.3519
328.7551,327.9297,324.8294,325.3848,324.0291,324.9253
370.7069,356.5898,357.8132,357.1096,360.2314,356.0137
369.0240,368.9910,365.7448,364.9416,362.6199,361.4870
418.0223,403.3406,397.1107,403.2510,401.1319,400.0910
364.7038,373.5182,368.8230,371.0751,365.0914,373.1358
284.6487,296.9538,296.3918,296.4982,305.8579,300.1522
373.2122,372.4062,370.6321,373.4674,370.1888,373.6231
372.8172,370.2725,371.3193,371.1393,374.4136,372.4428
339.0893,336.4199,339.3230,337.4417,340.5896,337.3275
314.0930,329.2496,329.7629,333.2559,331.8492,325.9479
404.0524,400.8884,402.6067,398.8024,401.5246,400.7704
391.8366,376.5493,379.4463,379.0943,376.9090,374.6421
434.2352,417.8211,413.9513,410.2483,415.5425,408.3002
402.6675,397.3386,396.8333,400.6226,394.6656,394.7779
323.7092,326.9888,332.0909,332.4817,328.6818,325.5773
341.4188,368.6887,371.3691,369.3184,374.7221,370.2242
359.5291,368.4224,371.9178,371.7974,365.9770,370.0392
405.2156,414.3279,411.9621,409.1108,412.4089,415.9532
349.4491,351.7566,352.2045,352.3970,353.3429,346.1178
357.5126,357.0656,355.0796,355.1168,354.6576,354.8930
357.9363,338.0538,331.9585,341.3380,336.9134,339.3964
358.2825,362.4890,364.1527,360.1814,364.0729,359.1039
425.6635,405.4260,402.6972,410.4931,405.1702,406.5966
357.8849,347.5883,350.8620,345.1797,343.8691,346.6140
346.5661,346.0757,349.7847,348.3747,342.8642,347.9227
378.7821,394.9155,393.2212,392.9597,390.8996,391.5770
345.3776,358.8894,359.0966,358.4211,355.3890,356.5835
361.6039,364.2712,366.4263,360.1472,367.6485,365.2307
422.5579,400.1333,392.1509,402.7821,399.2394,400.3337
353.3279,362.2925,364.5429,369.4640,361.8625,368.6211
360.8554,363.6605,361.8964,372.1210,367.3559,371.9294
364.3870,365.3421,363.4245,369.6210,361.0925,367.8044
320.5901,313.1937,309.0492,306.4524,309.8386,309.6463
348.6086,376.8873,378.4665,379.5962,378.0788,375.8422
355.3059,355.6764,353.7355,354.4169,356.1471,351.4768
335.0648,308.3306,311.0672,311.2782,307.5823,310.0899
347.3893,362.2235,360.1393,360.4782,361.6646,358.8940
403.8575,416.8982,423.8571,421.8121,421.2457,420.6354
362.5101,351.9569,347.2735,351.6058,351.1458,350.8247
355.4041,347.1401,346.1187,343.3604,345.9199,342.5481
382.7211,381.5296,380.4245,380.2831,380.4747,378.7096
359.3783,363.5273,358.4942,362.0937,363.2005,362.0190
325.5642,342.0607,343.2455,343.5634,339.7382,339.2045
365.5638,361.7252,365.5599,361.9247,360.9160,365.5624
337.3747,324.4056,325.7580,319.7165,319.7603,329.9824
322.8951,341.5740,342.1991,341.4092,344.1840,340.2509
371.9296,362.5575,360.2537,366.5472,360.2083,363.4210
425.3818,415.1560,419.0032,420.3519,419.0717,420.7049
413.1340,399.7137,398.5558,404.5699,403.6242,400.7488
357.1761,360.3128,354.3018,354.0199,354.1692,358.4205
384.8420,388.5401,387.0933,388.6228,394.5075,397.3950
352.1765,359.6473,359.7004,361.1285,356.1769,361.2004
415.8567,395.6680,399.7631,402.3283,398.0659,395.3749
378.3047,364.1505,366.3798,365.9805,364.0239,368.1213
359.0278,392.1347,386.3012,382.4829,380.8447,383.3013
392.6890,392.0130,389.3917,391.9025,387.4935,390.4995
366.2897,399.0026,396.0853,399.8252,401.4017,398.4226
451.0723,434.3803,439.1110,433.2116,427.0053,430.5457
333.9749,331.2802,341.8145,333.8722,329.7465,330.0956
378.9802,382.7966,383.3821,381.8374,378.9375,380.7031
387.2476,406.5812,399.8870,397.2886,399.7965,399.8434
329.6472,348.7778,350.9933,349.6061,350.2012,348.7477
412.7570,385.8791,389.1688,394.7148,391.1141,393.4871
338.5426,359.6516,366.3222,363.6187,365.4087,365.0591
327.1659,354.5115,365.2565,356.9567,357.1090,359.8377
361.4134,352.9273,360.1935,362.9772,359.2058,372.5504
417.2831,387.0320,390.5098,388.4382,387.6359,395.0729
326.7397,346.1499,343.7060,344.3863,344.0746,344.0259
381.3500,395.3290,400.2871,403.4715,394.3671,397.7839
349.1378,374.2845,365.3140,375.8446,369.3080,379.5490
374.8020,351.1272,352.4634,352.9323,349.5350,349.9129
364.7476,369.4217,362.9619,355.0878,367.3647,366.6050
400.5425,391.7245,384.2193,385.0053,384.8568,384.0921
362.3399,365.3760,360.8697,362.3483,362.4517,362.3598
307.7736,332.2556,331.6842,332.3320,331.1275,331.0302
345.3514,351.5388,355.4740,351.7766,358.3798,354.9995
384.9469,387.5663,386.5509,382.8315,383.3340,383.0397
372.9104,378.1593,378.7496,379.3255,377.4001,377.7335
424.8430,408.9043,403.5416,404.0059,409.0093,409.8348
358.9048,390.5559,395.2599,389.8251,383.9381,393.3440
382.0342,368.4177,367.8977,360.8425,369.6313,363.0021
410.2156,373.8106,375.9894,373.9735,375.4152,370.4946
389.8250,383.9880,386.2574,386.4138,385.5956,383.9844
384.4678,385.8412,385.8005,385.6193,389.1268,389.8608
370.4893,399.4807,396.2092,387.6626,404.8137,394.6334
329.3868,356.6367,358.3577,357.0967,359.6428,358.3538
338.8836,363.6866,364.2709,365.1838,363.7796,369.6882
354.6228,371.4402,372.7906,373.4827,371.4540,372.3965
381.6585,365.2959,364.6796,364.8429,360.7186,364.4248
364.0704,358.4598,357.3005,353.3761,353.7177,356.9929
385.9146,383.5192,384.8979,381.9078,384.4029,384.6204
362.5056,368.5973,365.1274,368.9429,371.4870,366.4500
362.0886,356.1116,357.0353,358.0927,357.5353,355.0336
301.5669,327.2964,319.0984,321.6501,319.0540,326.7372
343.9311,342.0372,344.2450,343.3550,348.7239,345.0754
409.2632,391.8822,384.9987,385.5506,384.2549,388.5809
387.1096,372.4094,372.9501,373.2795,371.6995,374.9662
364.4320,352.3599,348.5149,349.9098,353.7784,349.1550
390.9021,376.9249,380.5891,381.9911,381.2939,376.6124
375.1960,364.0699,365.6332,364.7971,366.1451,362.8982
366.4759,367.0150,366.2279,362.9328,366.1848,367.1164
391.8535,413.9590,409.2512,407.0136,410.0312,407.7547
375.4025,381.2256,380.3822,381.0390,380.5653,385.4594
365.5553,383.9610,380.3659,379.4186,385.6936,381.9576
345.9357,342.6732,345.8259,344.4236,345.2310,349.3484
364.8823,384.9818,382.3182,381.9212,381.0540,384.9422
394.2209,434.5851,431.6924,432.6519,425.3885,438.3362
339.9549,366.8147,371.4390,369.7131,359.7458,372.4272
356.8762,360.6970,359.6151,354.4198,359.4341,361.5296
352.6619,372.3611,375.8124,373.3026,374.6059,378.3828
403.8356,368.1522,371.1277,368.6590,369.0541,367.2460
371.2714,360.8194,361.8605,364.0741,365.0275,362.8463
324.2331,359.0543,355.1543,353.9192,348.9740,353.7647
371.5664,369.7623,370.2841,369.6787,365.0078,372.5409
375.8040,375.2837,378.7622,388.8348,382.5811,389.5662
419.2188,406.5887,408.8694,407.9134,406.7303,408.9725
399.7086,395.6335,393.9621,397.5871,396.1370,393.4011
336.1636,352.5547,360.2673,354.2689,355.9931,355.0088
351.8301,342.3671,342.1574,346.1956,345.7865,342.8693
345.3129,351.8953,352.2827,348.3971,351.7707,349.4356
370.4522,372.7925,375.2240,374.0303,379.7271,376.2036
326.2016,351.7858,349.9683,351.5702,350.7520,350.7174
373.1503,382.8372,381.4086,381.1168,381.1827,387.4140
336.6978,367.5538,364.1653,367.4808,365.8535,366.1682
383.9481,362.9749,359.7850,360.3200,358.4721,360.3794
425.9159,428.9004,432.6569,429.7911,433.7022,426.9245
374.6071,406.1398,406.5740,405.6672,398.5831,404.3807
363.4223,377.1087,378.2385,378.3685,373.0297,375.9618
387.9665,396.6798,395.8169,392.3621,391.6403,392.0636
317.7579,332.7717,328.5481,331.5724,330.9313,331.6889
413.7970,415.7653,416.2107,419.6479,416.6636,415.4379
377.1683,372.7198,373.0553,372.5353,369.6551,376.2205
429.6471,404.0064,394.2491,395.6327,402.9744,399.0164
338.3951,356.8837,353.6668,353.2533,354.5804,354.1868
402.9571,384.6594,388.4903,383.6882,386.5796,386.9781
389.5283,373.5586,370.9485,369.6090,370.8842,373.1300
385.0651,357.7559,364.9997,362.7216,367.7300,357.8342
415.4007,430.2838,425.9931,415.5343,423.3515,418.6127
384.9950,397.3850,394.4637,388.9986,398.2086,392.9791
393.7680,391.1425,395.8573,390.8832,388.1905,397.7566
390.9168,405.3548,402.5376,398.4916,405.3662,399.0650
408.2911,356.5923,359.4637,362.6034,359.9634,359.5650
373.1846,381.8493,382.4014,379.9514,381.1144,384.9196
365.3988,348.3195,346.6064,347.3050,345.2237,351.5646
382.4508,393.9871,399.2663,396.9775,395.1921,395.3287
403.7451,387.0764,388.5294,387.7434,388.0647,390.5523
344.8750,341.0093,341.8079,341.7899,343.7974,341.1359
349.1747,369.4027,375.5258,368.5708,367.0077,368.5683
404.9376,390.8399,386.1728,383.9622,386.8301,388.0678
414.5835,392.9142,398.8681,391.8807,393.1317,395.7855
418.0542,401.4229,401.6369,404.2784,402.0452,402.7568
365.7415,393.4281,395.5935,395.9610,395.3158,398.1592
369.0511,373.5175,371.4889,379.4327,368.6008,376.8481
334.7041,337.7838,330.7747,337.9191,333.5122,328.1712
399.1427,388.2413,392.2812,388.2762,382.6673,396.0431
407.6526,421.1648,421.6882,419.9240,421.7798,420.3194
387.5333,375.4886,377.4247,380.4862,374.9108,378.9760
379.1042,372.2304,379.4886,378.1864,370.8390,376.9593
427.7039,392.6573,392.1135,392.8383,389.4150,390.8438
321.4124,322.7607,323.2523,325.2125,325.0383,318.6571
424.5541,397.2538,407.0003,397.0151,401.8811,405.6334
323.7962,366.3642,364.1719,363.1248,360.4288,362.9736
361.3990,369.0805,370.0705,369.6293,376.9789,366.7449
354.2566,363.5166,361.3313,361.2307,357.7338,359.7412
406.3896,395.4025,392.9919,393.9789,394.4915,396.1940
333.7121,348.3461,349.1777,345.8595,354.3714,351.0514
400.6855,393.9941,387.1165,394.3212,392.6034,389.4990
393.6313,391.8030,388.4076,389.8127,389.7834,390.9981
412.1054,408.5474,409.7036,408.2163,407.5273,404.4448
396.1976,376.6461,374.7574,376.0810,376.3462,378.3564
382.6242,397.6330,398.0398,401.2033,399.3580,404.9208
408.0822,385.1751,387.0733,384.9875,385.9500,387.0746
368.7559,365.7774,365.1590,362.1001,363.3733,358.4172
350.8588,368.9729,369.0437,369.0465,369.5271,371.3121
404.0605,377.1481,373.7623,370.1348,374.1098,370.2796
396.0917,381.6234,380.7339,383.5180,385.5474,380.2443
343.2159,364.9313,359.7588,366.6133,364.7838,373.1647
351.0901,371.2880,369.8549,375.4266,368.6282,369.3456
305.0436,321.5816,319.1438,318.4764,325.0422,318.8996
384.0977,359.3229,367.0842,371.4995,365.3547,371.2597
365.4428,358.2730,357.4040,357.2429,353.8148,354.0109
411.8357,404.5706,407.2156,406.6523,408.5544,406.4748
370.9799,349.6497,350.7334,348.3921,349.1726,346.7396
367.6002,380.8446,375.1835,384.9421,379.9101,373.0761
388.7115,370.4614,373.0227,371.2426,369.2062,368.3517
373.7783,370.8295,372.4346,371.6346,380.6026,367.6178
380.0109,383.2191,381.9810,380.5143,384.2856,382.9040
376.0379,361.5337,357.4711,357.3384,358.8803,361.7208
351.9006,350.2096,349.9024,350.7416,348.7564,354.6374
405.3966,401.9870,405.0049,403.3785,410.1898,403.0841
397.5981,407.8837,400.9205,400.3033,403.9532,401.7088
452.3468,395.6999,398.2281,397.9886,396.0181,399.2841
368.8198,366.4676,366.8139,363.9368,361.9407,367.8511
423.6574,380.1467,384.6161,375.5150,385.4411,388.9272
390.8492,395.5063,389.3216,394.4479,389.6241,389.9359
341.9593,339.3524,339.1114,340.4811,338.7915,341.1917
399.1775,384.2682,382.0962,383.4424,381.8065,384.8126
370.8759,336.3530,339.4965,339.6531,342.0660,339.0562
406.5178,409.3144,406.3488,404.3237,408.9620,406.2795
384.6660,384.2484,379.0065,382.4972,375.1338,369.6003
341.9203,356.8467,353.3408,355.0464,359.3672,355.7267
376.8961,392.3960,396.2931,385.9328,390.1778,396.0554
386.4172,370.7543,372.9720,373.4998,372.5468,370.8520
382.6672,386.3717,383.5196,385.8811,387.4061,386.5509
444.0641,398.4865,394.8106,392.7151,396.2802,397.5373
385.9106,369.7147,365.6232,369.1929,368.9841,367.8273
389.6926,384.5657,379.7653,382.8252,386.2760,382.2139
406.8261,384.7656,378.3865,386.7594,384.2984,388.4163
348.2347,387.1959,383.7181,389.4889,382.4041,380.9908
344.9959,326.9099,327.5370,332.6360,329.2018,330.8377
335.9935,352.6436,350.9926,343.3796,351.8478,349.8993
417.0582,388.5947,385.5781,390.9022,387.7736,391.1894
439.2402,418.9306,419.6435,420.7308,414.9819,426.6799
409.5665,389.8643,390.7595,399.2137,395.6998,396.8331
375.6293,378.4331,381.0179,379.3116,379.8613,377.6086
415.0702,377.4681,376.0553,374.8614,373.4055,375.8317
362.7017,392.5577,391.2775,393.2498,394.7123,392.6008
347.5249,342.9730,347.8457,342.9168,346.3044,344.7021
366.8278,360.0074,357.4419,356.5940,357.6466,361.7964
445.5325,419.2116,414.2391,416.8922,417.8599,418.4186
404.7265,397.9955,402.7259,402.3399,404.6573,397.6626
382.7591,384.6666,387.5535,388.3834,391.5733,388.3274
358.2732,351.8299,351.5030,354.3084,351.8481,355.9412
364.2971,363.2260,363.4709,364.5959,365.1960,365.2007
367.0015,389.1456,388.6535,390.5397,393.8697,385.4385
351.6888,359.4408,366.5147,360.2825,365.8459,360.9337
372.9944,364.2400,365.8055,364.2242,363.1712,366.8667
346.0661,340.2449,333.4879,337.7031,331.9683,335.3420
406.8812,404.2095,408.1901,412.0642,409.3845,409.4361
409.0624,394.8712,396.8710,397.4937,398.9312,394.8029
362.6234,354.9444,360.7834,355.1042,353.1912,351.2141
420.9360,398.9010,401.1095,398.9073,395.0366,402.8620
346.0428,357.7910,352.1580,355.1631,353.5594,358.8364
346.9768,381.3380,378.4278,375.1969,386.8188,378.3032
388.5659,366.8050,365.7463,366.6214,367.6112,364.3699
386.8348,390.0207,388.9504,386.7344,388.5611,387.3263
351.3013,367.9552,366.6559,366.9495,367.3806,369.3224
365.3049,381.4935,382.7646,378.5657,381.6215,382.5305
359.8166,359.6982,358.0954,358.8287,358.5246,360.1394
409.4993,397.4788,397.8076,393.9571,395.8093,394.8064
373.8365,362.3913,363.7860,371.3041,358.2912,359.1861
368.5117,352.6361,353.6223,358.3527,357.1974,352.8675
393.6119,369.1633,370.3699,365.5408,369.5688,367.6730
368.4081,381.3488,386.8019,378.1426,376.9344,380.6705
325.7841,330.0671,329.4104,329.5338,330.3125,331.4500
376.8631,389.3578,393.9911,386.9049,392.3102,391.7981
385.5976,362.8047,363.1984,361.8631,362.3437,363.1483
398.8112,387.4270,389.3819,384.3910,390.9417,388.4331
408.1053,392.4658,391.4970,392.2749,391.6631,399.4034
326.5472,335.0628,332.0975,330.2070,331.8383,325.1742
348.1256,343.9429,342.6747,344.4782,346.9760,340.4417
354.8834,372.9535,373.0548,371.8281,369.1358,373.4936
376.2719,383.8062,385.5545,385.2486,383.7775,384.1313
361.7102,389.0692,385.7549,385.4579,385.3690,391.9285
454.5593,413.9734,418.6926,422.6799,415.3975,422.8502
359.1407,386.7309,385.2011,386.4464,383.7105,387.7659
361.5575,369.3143,369.7320,368.3619,368.1904,369.8771
372.2687,385.3714,389.5746,393.8364,386.0664,389.7358
350.8551,357.9047,358.9041,356.1025,356.6693,354.0507
399.6580,397.5958,398.0008,391.4886,395.3619,394.1888
322.1763,335.9960,339.3917,340.0711,334.9458,336.4696
393.9518,385.6521,384.9183,384.7240,381.4118,383.8829
346.6352,359.2296,356.4217,351.0993,352.2673,355.0280
368.9288,374.7048,372.8843,376.7803,374.8604,374.8377
363.7607,372.7737,359.6297,360.1884,360.9119,365.9319
338.6794,339.6565,339.5396,341.8764,342.9737,340.9795
375.5712,398.0539,394.3593,393.9429,391.5040,393.1538
369.3559,360.5510,360.6768,362.4890,364.1626,365.5419
338.0971,333.8243,337.2452,332.1563,340.6420,336.4380
348.2012,352.1204,349.7769,348.9547,347.1675,343.5946
424.1903,409.1122,414.6993,409.5216,411.1173,408.6649
376.8390,387.5005,386.1255,389.7345,387.7924,383.3159
399.9856,394.8749,398.2607,393.5085,392.5163,397.5487
363.2286,364.9647,362.9719,362.3254,365.9137,364.0276
341.8489,339.5771,337.0401,340.9184,339.1545,337.9518
347.0988,358.8564,361.2340,360.0821,366.0720,362.6087
428.4992,386.6368,390.4444,391.2028,391.8132,394.3328
442.4280,414.8043,412.4222,410.0023,409.5787,405.7150
390.9590,373.3853,376.5957,375.2874,374.3549,376.6950
378.6525,380.5267,387.4289,385.5670,390.3443,378.8113
370.4661,371.0634,374.1930,371.0300,370.8900,369.3300
340.7944,347.0181,347.6960,347.9641,347.1159,343.4088
383.3762,396.1745,393.4738,394.1159,393.9602,390.1890
334.9752,359.4998,358.5668,364.4070,357.2656,359.8648
361.9135,388.8447,397.3228,392.4929,396.7252,391.5139
392.5949,356.4335,359.1335,356.4196,359.8318,363.1269
341.8390,351.7956,352.2021,355.6685,353.0227,347.9769
392.2327,385.0643,390.6285,389.0306,387.8543,385.0893
359.3600,359.8984,363.2689,355.5007,362.4713,364.5543
399.7080,387.6385,383.3829,387.9308,379.5793,390.1889
399.2041,397.5853,399.8014,400.3652,394.4471,399.7285
350.7068,350.8897,350.0976,350.8678,348.5713,346.0581
415.8977,399.8219,400.2783,400.2995,398.3683,403.6313
376.1487,382.0237,381.3752,378.4820,382.6671,382.3729
382.1525,360.2252,358.4166,364.2062,363.6123,363.2026
409.3721,384.9308,389.2406,383.3555,390.6319,386.5588
361.2283,378.9552,377.4816,375.0173,376.5413,372.7797
417.9668,397.6448,399.9921,402.3865,400.5868,402.3031
394.9504,404.5765,404.8117,393.7118,408.4370,402.3155
395.6225,403.7836,417.8076,407.2069,408.3791,407.6992
369.0938,368.5980,360.1556,366.2730,370.5537,362.4765
331.3340,363.4603,364.1272,362.9621,366.9331,366.0428
364.0959,370.9777,372.8799,376.5786,372.1094,370.2250
333.7089,370.9743,370.3843,364.5643,368.2187,366.3970
370.5301,371.7353,371.7084,370.1500,373.9270,373.1093
392.0918,398.5352,404.5960,416.5388,402.8571,403.6303
313.0561,337.0888,337.9200,338.0110,335.6890,339.7488
356.1170,342.7977,343.7401,344.7463,347.1162,345.8081
394.5428,383.3492,379.5621,375.2631,380.9212,379.2106
388.8035,353.8732,350.4358,356.0492,353.8868,346.5362
362.9695,374.8914,374.8595,372.8072,375.8001,373.3939
337.6411,363.2646,366.7501,363.7259,362.2266,364.9412
365.1862,371.9591,370.3983,374.9260,373.6531,368.3625
408.9071,410.3372,404.0883,406.2571,407.2593,406.4851
382.1131,381.8980,384.3272,384.0249,379.4552,383.2368
364.4072,346.8532,349.7222,344.8653,347.3875,352.1136
348.0411,360.0089,365.3303,368.3145,364.2407,376.0215
366.7114,356.5061,357.1143,353.7945,358.8660,356.1961
371.6198,379.4359,382.5389,386.6021,380.0809,382.8414
352.6716,351.8342,356.9247,353.7479,357.4745,352.7910
375.6361,373.6543,371.5079,372.6753,371.0480,372.6043
339.2495,332.0509,335.0231,337.4219,336.2485,333.3142
355.8145,355.0258,351.9357,349.9840,353.6969,352.9742
365.3032,351.4542,351.5331,357.4555,359.3959,351.9847
414.3315,389.6537,391.0351,385.3118,389.0503,380.8407
379.2786,359.3073,354.2288,356.1762,355.7008,353.7899
330.8902,324.5373,324.9494,330.5052,325.5138,325.1251
387.6966,381.8439,382.3368,386.7368,384.8400,383.7505
391.2959,403.1655,402.7889,401.9621,405.1212,398.8129
380.8087,378.3814,376.0439,377.0166,377.0041,375.6380
415.7699,397.0195,391.4052,393.6556,392.2636,392.6416
375.8341,379.4554,382.9793,380.1720,380.6614,383.0773
368.1038,384.5975,382.0233,378.9140,385.2547,380.6988
333.5947,360.7712,358.1508,356.7243,363.3443,356.4233
399.3059,410.0925,422.5992,418.9726,415.5230,414.9861
374.0856,376.4776,378.4721,388.9423,382.7517,381.4737
407.4931,395.7542,400.4168,405.4056,394.6626,397.1513
404.1956,380.5217,374.2753,380.4333,373.4017,379.9372
403.6906,408.6022,421.9105,416.5279,416.3538,415.4107
422.8833,401.5257,403.9129,403.0801,398.8767,404.6506
407.0562,403.0595,409.9363,414.1575,400.9352,419.9862
393.6302,380.0820,380.4297,378.9946,381.3713,381.6264
408.8385,396.3780,390.4599,393.9215,396.7670,393.5225
330.3940,327.8500,325.5002,328.5697,331.9583,324.0878
395.8841,384.4124,379.8197,385.1305,381.8229,386.9996
404.8918,404.6295,405.4027,403.9128,404.1425,405.4988
360.0556,375.3399,377.0148,375.5386,382.2984,374.7704
454.8328,415.8507,405.2733,417.3910,419.6016,418.0598
445.8825,434.9342,436.2796,439.3862,440.0295,437.0174
429.4426,402.6084,406.2185,403.3043,403.9099,405.5811
320.4800,346.4401,346.7424,347.2507,345.1759,343.5168
384.3941,383.7058,387.2556,383.5511,389.7826,382.1703
380.0182,362.2704,367.7207,360.2536,368.5395,362.7855
444.1242,405.4235,401.2264,406.8613,407.8809,406.0704
395.6961,416.2884,415.1320,410.7017,415.7968,412.4495
387.7772,397.9200,388.8373,393.2583,390.0985,391.6174
397.4501,381.1308,376.7482,379.4840,379.2020,378.6656
351.7733,332.7436,331.0515,330.9287,332.0057,339.1180
417.3079,411.3666,397.5493,398.3366,399.8127,401.5106
402.5836,391.6191,392.2572,390.2980,392.7593,392.0239
388.0438,367.5363,367.8045,371.1172,371.4761,371.7783
362.2053,340.3135,339.7817,345.8588,341.3044,344.2225
362.3628,391.9869,389.7731,399.4266,393.3407,388.7148
350.0055,346.8687,344.7078,347.5193,341.6516,342.8406
346.0058,367.8701,368.3249,367.3280,369.5028,368.0782
385.1232,380.8347,382.3610,385.8157,380.7975,383.2911
317.4642,320.4812,324.6340,323.9179,322.0087,320.3947
350.6834,352.8738,351.0900,351.2412,353.1999,354.8983
364.4221,364.9461,367.6571,364.4441,365.9800,362.2433
343.8852,351.3930,356.4608,358.6805,358.1163,353.6478
411.8817,404.4066,407.5049,402.7951,407.3928,407.3855
360.9593,381.7828,387.0099,382.8897,384.3367,387.9348
380.1935,377.8717,382.2158,375.8884,376.7449,383.9566
370.4482,394.9757,392.4384,392.4111,391.3786,393.1011
413.3569,400.9317,399.8878,402.5612,399.2446,401.5414
396.8178,390.7782,389.3139,399.4993,387.2288,388.7516
358.4522,365.7641,366.9586,367.7974,366.8708,365.1070
359.0183,370.6170,365.8650,371.7014,368.8022,372.8031
404.0075,390.7269,398.7261,400.9889,400.0551,398.9237
415.9542,402.7530,414.9522,412.3194,408.6611,407.1113
372.0262,379.6244,384.5459,384.6367,380.0825,381.0892
375.9264,370.5530,369.5188,369.2635,370.8962,370.2821
345.8801,335.3991,338.2334,333.8484,336.7942,333.3890
366.0204,370.3136,366.3314,368.1305,364.1926,366.9496
348.7287,366.3419,365.9733,365.1553,363.5907,364.8772
367.2767,343.6103,343.8448,354.7139,346.8341,345.4814
353.2359,351.0888,350.4047,348.7579,353.2735,351.0540
348.6875,369.8816,369.6895,374.0794,369.6631,371.3027
383.2333,360.6503,363.3593,360.8449,364.1971,359.4098
392.0255,384.0074,376.7311,377.9870,377.4445,379.8785
464.8315,422.3642,428.0697,421.7266,416.2780,417.5200
338.0895,369.6644,371.7202,370.3804,371.3660,369.5128
361.2665,372.1891,371.0884,375.0618,368.8122,375.8743
388.2661,398.4942,396.7209,405.8856,396.6513,395.8592
391.6921,375.8044,383.2541,383.8417,380.5574,382.0122
348.7061,368.9946,366.8712,365.3832,364.6816,367.0384
422.9252,416.4241,417.3536,415.2105,416.5604,413.2229
407.4822,417.9303,418.6762,416.0216,420.0045,413.2774
369.5254,385.1224,376.8671,386.8320,381.2367,387.3771
405.2362,393.2061,393.7065,395.6003,392.4209,395.7773
412.3038,408.9014,411.1149,411.3689,413.1742,409.0050
401.2952,402.1786,406.2063,401.1336,404.8574,407.7777
381.8391,386.0159,388.4113,387.6877,390.0915,393.1068
364.5512,375.8707,379.4034,375.8339,378.4942,380.4014
296.6503,332.5450,328.8416,338.7312,336.1065,329.3122
382.1555,384.1710,384.0033,379.4393,378.7133,390.3262
397.6809,400.1886,399.8338,402.0390,399.3074,398.1659
332.5664,336.5067,339.0062,338.6280,337.9879,335.9495
399.7493,371.0598,364.8244,367.0605,365.6430,369.0587
398.6381,406.4933,406.1663,407.3452,409.3678,408.1925
403.7752,393.9526,395.2868,396.7621,395.9177,397.2481
374.0317,380.9356,381.2602,375.5789,383.5807,380.6273
367.6874,344.1449,348.3711,346.3692,343.1491,349.3315
404.2295,409.2374,418.1208,415.1948,417.3134,412.2763
392.7091,374.2892,377.2596,376.3393,373.4232,380.7263
364.4344,358.8222,362.3393,361.0840,361.8510,360.7818
390.7545,361.4286,368.5019,365.0073,367.5175,367.2400
460.5247,409.4972,416.3256,407.7259,413.2761,409.8870
307.5269,342.2516,340.1792,338.4872,340.6376,340.5824
355.1172,365.0490,368.6835,366.6759,368.5977,365.2686
373.3210,379.6033,379.1305,379.3692,377.4969,381.0758
348.9029,387.6158,389.1842,385.6478,385.3387,389.9929
393.6877,390.4923,389.5188,389.6642,389.8166,389.6999
354.5742,368.4424,364.7100,372.5345,364.9365,368.0406
385.4751,377.2150,374.1068,376.8545,372.4027,376.5991
337.6108,343.8717,343.8567,343.6382,344.2045,345.4105
405.8789,389.4298,387.2598,386.7152,387.1137,388.3082
373.8749,388.0309,389.8455,386.0078,386.4373,387.0607
381.8611,381.6546,379.1153,380.8760,377.9494,376.3098
373.4845,384.1969,385.9222,387.8318,383.7784,385.9188
335.3165,374.9386,374.2294,379.9949,380.1650,378.0039
366.3022,371.8001,376.7255,375.5289,373.7989,371.3852
417.5107,406.4569,417.4619,419.1234,411.3413,413.1564
381.9722,396.7857,400.2340,399.5810,400.7011,400.0848
390.2446,387.6139,380.9578,387.1478,382.3324,385.8964
365.0479,385.8345,387.2359,388.9445,384.1022,383.0637
381.2875,393.4625,400.7586,395.6765,391.4518,397.8047
422.5253,388.6545,387.3345,388.4464,387.4060,390.2092
293.2433,306.2436,307.1682,302.1674,301.4842,301.2248
403.5358,420.1317,420.6195,416.0099,417.0945,421.7966
393.4115,385.2110,386.2614,382.0755,382.7911,384.4426
409.5409,402.0340,398.8755,403.9372,407.8390,401.6478
354.4179,345.7456,348.3839,345.5868,342.4016,348.5154
388.2392,362.9178,362.0569,362.2802,366.2997,362.4539
427.6814,416.2600,415.9188,414.6511,419.0750,416.5048
391.0328,421.3288,418.9016,419.8576,416.9105,414.3905
411.3433,387.0942,382.0539,384.9914,388.6609,386.6417
382.2860,391.5483,394.9048,392.2405,388.1655,392.0806
376.7176,369.7410,370.3888,372.5142,365.6231,366.0661
405.4306,388.9526,398.1266,394.4891,393.7101,395.3918
382.3940,385.7476,384.2969,388.5975,387.9639,385.5082
356.2417,364.0370,361.4086,362.9514,359.6125,363.2976
379.4056,377.9363,379.8924,379.0223,380.4305,379.4048
378.3956,359.9286,360.3060,358.9506,362.7514,359.4957
348.4916,374.8015,376.3561,374.1169,369.3109,376.2993
378.8610,389.2823,393.3974,391.0270,387.1039,394.4008
414.6166,387.7419,384.9331,386.4089,388.1760,390.4730
312.2821,317.8124,320.0182,320.3010,325.9725,315.3249
416.0663,396.0601,392.8550,395.8195,396.9982,394.6639
400.2976,368.0571,372.1845,371.2027,370.9527,365.6907
344.7808,354.1995,350.6754,351.2965,354.3232,350.2665
384.5720,389.1919,387.4132,393.9944,388.7785,387.4803
386.8736,385.7276,388.1910,385.6204,385.3275,387.7190
423.0630,394.6145,396.1002,398.0866,394.5106,398.3023
452.0702,420.9493,423.7327,429.1662,425.7727,435.0364
344.1848,352.1480,352.6985,349.1643,351.9123,353.1090
367.7311,379.5415,381.8377,382.8227,382.3184,381.4976
354.2261,372.3507,379.2462,377.3563,377.3951,377.0484
423.9480,410.6171,408.3203,408.8492,406.4794,412.1923
300.4747,313.9901,317.7585,312.1414,313.9120,314.3808
354.6825,337.7964,336.9133,341.0368,332.5100,332.5073
375.9459,376.8627,377.8770,379.8124,380.7888,377.3203
316.0678,323.5999,330.1601,326.3498,320.3399,320.1548
323.6078,316.6674,317.1645,321.9072,319.3057,321.4467
341.3852,339.7283,337.8642,340.8161,341.9029,338.4511
443.0497,408.7328,411.9509,410.6052,407.2199,413.6406
388.9924,383.4037,384.8937,381.0109,384.2549,386.3453
336.4189,337.4929,336.6814,341.2458,337.2333,338.1111
344.0917,339.2862,333.9888,337.7767,339.1326,331.2180
328.2657,329.1892,331.5167,329.8939,332.1203,332.1878
368.8277,392.9020,387.3282,383.5602,380.9041,386.4348
346.1715,349.8500,344.4836,345.5783,342.2276,347.9368
350.1971,359.2593,354.5782,351.8874,354.9661,355.5563
338.2911,331.8356,326.8848,327.1017,327.4447,327.0939
346.5342,348.7155,352.0893,351.6115,346.4857,349.4077
395.7013,404.0158,406.0713,397.0438,394.5793,403.9441
356.0429,348.8051,351.6313,353.4914,353.1452,352.1341
358.5336,375.2425,371.7303,375.4042,370.2637,371.8236
349.6022,341.1530,341.5570,340.3731,338.1931,338.6873
386.6095,379.3476,377.9427,377.2110,376.3853,377.9396
393.6702,363.0176,366.7053,361.8699,365.1009,365.6335
355.6940,391.3818,384.1809,383.9350,383.8337,384.2851
363.8671,381.6149,384.3805,381.8837,388.4350,384.1327
348.5328,358.5545,363.1835,365.2831,359.4306,363.1863
327.2126,322.8637,324.4792,324.6111,325.7681,324.6387
336.8899,348.2778,342.9938,340.2743,340.2381,337.9451
363.4984,370.1939,374.8574,373.6312,369.8694,371.6245
345.2885,375.6536,373.6582,372.3650,375.1018,377.0271
424.8382,410.2882,401.0618,400.8952,405.2100,401.5492
307.4553,322.9965,320.7148,323.9706,322.5885,323.2428
312.4300,351.6828,347.9795,345.3794,341.2687,343.8401
395.7419,400.4956,401.8104,404.8855,404.5061,407.5845
380.1940,369.8333,372.0187,368.2229,368.5746,369.0680
389.9466,377.8600,373.4724,378.4803,373.8524,377.1017
373.7508,378.9155,383.1972,380.0916,380.3995,385.3545
345.0801,341.6049,339.1820,339.9509,344.8110,343.4005
327.9590,348.4592,350.6323,346.0688,347.5236,344.7359
330.2850,318.1516,320.1478,318.4941,326.5929,313.5224
422.7913,400.2207,391.5346,401.4554,385.3266,393.2933
350.0594,356.6630,356.6944,356.1781,358.7045,355.5061
379.2593,375.4355,373.7103,371.3164,378.8775,378.4496
335.2869,363.5668,365.8732,357.7746,365.7779,369.1889
352.8227,374.4414,366.1470,373.0368,372.1907,372.6513
394.0377,382.6483,380.3287,381.9809,378.5956,378.1687
388.0896,355.7421,352.8777,353.8933,348.0279,356.3615
330.6471,361.1046,355.0325,357.2762,361.5197,357.2419
336.5494,335.5669,335.6583,333.2601,337.6635,333.6135
355.7704,372.8979,372.2226,375.3175,374.1176,375.6732
392.9117,389.8977,393.3470,395.7935,395.7921,394.0300
433.6623,410.6422,410.9157,415.2090,409.4727,409.9194
425.9914,414.5285,414.0240,410.4479,411.8087,415.0686
369.1479,376.5117,374.4161,377.2795,378.0621,377.3157
427.5030,409.2305,406.5416,402.1546,411.6906,407.3572
376.9220,372.4871,368.9597,371.6615,375.9962,370.9792
313.7597,355.3807,356.5289,355.4593,352.7186,356.5630
349.0613,339.7556,338.8946,336.9325,338.0563,344.1425
395.5835,371.6689,370.6351,369.4538,364.4143,368.1529
455.5726,410.1315,419.3677,415.4368,416.6057,418.1231
376.4079,363.6906,362.7292,357.7607,356.4491,360.8345
432.2122,406.3792,410.4182,404.9184,404.1842,406.8953
334.6865,329.9960,334.2516,334.8289,329.4929,328.1172
361.8611,368.6013,367.5400,362.9536,367.8418,366.8762
415.8745,382.0625,388.5735,386.4058,385.3442,387.3126
361.8976,363.8313,364.6027,368.5371,372.0518,370.6890
416.9635,418.7506,420.8638,425.7062,431.0918,421.1559
338.0294,336.4762,335.1008,337.5389,333.9584,339.5125
328.9852,352.2367,353.9711,345.7141,345.8774,351.0455
341.5286,336.9645,334.9600,332.4715,334.1203,329.9935
388.3634,373.4109,376.3513,374.8676,369.4282,374.3064
450.0836,414.0351,425.8556,419.7576,418.0635,418.7247
390.8924,377.1965,377.2976,379.2486,373.4977,375.1050
337.6767,325.8580,333.1251,332.6547,330.9281,338.1524
377.8447,379.7910,381.6478,380.5041,378.7945,382.8356
407.8655,354.2804,357.3264,360.2635,352.9964,354.3435
349.9134,367.2878,367.7750,366.9404,365.4793,363.1820
368.1610,367.4170,372.4133,370.9572,365.2465,367.9508
384.7677,425.1794,422.5821,417.2317,423.5937,416.5344
371.6265,364.6928,366.6705,364.0573,372.7702,371.1215
353.2908,384.1082,385.0446,386.4119,383.4744,384.3638
395.0113,381.3549,378.4389,376.8201,380.6342,376.7826
376.9489,380.9606,383.3226,382.9500,382.8013,385.6001
326.2170,342.8709,341.1590,337.0875,339.4783,339.9798
319.9042,353.8133,352.1409,350.7956,354.2611,353.7596
438.3542,412.1005,419.4857,412.5942,414.0378,414.6241
376.1241,377.5644,380.1056,381.0424,377.8086,381.6314
323.5554,336.6312,334.7004,337.1210,334.8284,331.0291
305.2793,310.8969,308.8550,308.9097,312.4765,308.3293
352.2193,333.1952,331.7877,332.3034,334.3511,332.7885
319.5375,346.4181,341.7184,345.1743,342.0709,341.3414
358.8725,342.0983,342.6279,343.5193,346.4616,344.6224
367.5320,374.2061,371.8224,368.3752,372.6312,372.7610
384.6978,353.9129,349.1830,347.0463,353.4045,349.7515
376.6133,374.1782,371.9412,370.8584,375.6876,377.5085
349.9747,334.6096,326.9816,330.2052,327.3074,332.4664
364.5101,369.7175,370.0959,383.5902,370.0000,361.7131
389.7736,392.2605,390.4746,394.7607,394.1128,397.9555
375.1814,337.3210,339.0671,339.9769,341.1907,339.6464
362.0346,354.4144,353.3054,352.9668,353.9834,354.7675
317.2392,343.0664,341.5222,340.9874,336.3353,336.6035
429.6747,415.6148,429.0950,421.1901,420.9990,431.9187
349.3424,372.3097,371.4553,372.8753,372.9460,371.9425
312.7180,321.8451,316.6470,319.8776,322.4540,322.7467
351.2155,358.0897,360.1367,364.9742,361.3401,357.1509
385.6129,385.3664,383.9641,382.2964,385.7708,381.0961
410.7876,390.1456,394.5872,384.4817,388.7821,391.0589
328.1606,342.1075,343.5327,339.9857,346.8746,342.7902
369.9743,363.1766,360.7879,363.3001,360.4432,361.3283
451.2671,406.7065,415.0529,416.5124,409.4354,408.8166
322.2496,329.9993,328.5557,321.0288,325.3081,331.7047
424.5953,407.7267,417.6959,411.8807,426.2685,417.0021
348.6329,346.0721,340.6597,339.0326,343.7314,337.1387
347.2693,356.0888,351.8591,351.8095,352.6101,354.8272
397.6276,372.5861,372.4092,368.8758,366.6664,371.7826
325.8671,370.4774,368.9889,366.8762,366.8328,369.4638
458.4580,426.7410,427.6480,424.5199,427.3562,426.2675
400.7295,386.5805,386.7149,386.6762,382.4987,383.5210
354.1630,372.9434,372.2783,375.6153,372.7644,372.6504
377.9537,390.9546,395.7769,391.4698,388.6083,394.6940
408.1982,383.8698,383.0905,387.0783,383.5696,388.6048
387.4024,379.6152,387.9576,383.5904,383.8651,384.0719
361.7773,345.8832,342.2993,344.1682,344.2999,343.6224
409.1274,374.7287,373.2722,374.1986,373.2217,374.8066
369.8841,386.0139,386.4882,386.6403,383.1895,377.8800
380.3548,381.6383,387.2383,385.8156,384.0014,385.9868
396.7321,394.0079,397.3462,392.6493,395.5098,389.1892
385.8462,362.8486,368.6917,364.1693,365.2361,365.6496
355.9995,381.1032,372.5711,385.9768,378.0899,384.0952
351.6659,344.6296,345.4959,348.0101,344.0290,343.1807
328.7313,353.0309,349.5937,349.0859,350.5217,347.3614
388.6880,401.2076,398.7621,400.3338,398.0482,400.0166
352.1768,354.9715,354.0701,355.8522,356.5657,351.3788
321.4880,327.1023,324.3893,326.6206,326.4847,332.3901
345.3854,350.5744,354.9491,352.5433,353.3719,352.4978
439.9698,423.3374,427.8471,437.3522,423.7047,428.6036
370.3512,385.2658,379.9229,379.0934,381.7678,386.1885
351.3090,358.8683,355.3726,355.1876,354.2360,354.3271
419.2632,385.3421,387.3735,384.5538,381.5340,387.6936
369.6378,348.7529,346.7439,343.7895,343.7541,342.2088
354.0836,370.9986,369.8924,372.3310,366.8320,371.7389
375.2319,375.1423,378.8425,376.4767,377.6295,377.0613
342.1743,332.0137,329.3814,334.0533,327.1531,330.9385
409.8254,411.4541,415.9725,413.3182,409.5318,415.6878
382.1905,385.5193,388.7247,390.6780,391.6373,389.6528
400.1464,371.9549,367.4170,370.3679,371.4751,368.6341
358.7086,349.5040,347.2656,348.0350,350.6429,343.0374
417.5394,393.8800,399.3850,395.0867,392.2779,391.6316
370.6486,391.4279,392.5607,389.9022,387.2544,395.3406
375.1031,392.0301,394.7168,393.0798,390.7731,390.5285
346.5014,366.7809,369.5959,369.8165,365.1950,367.5691
425.9951,420.2513,415.2357,414.8251,422.3119,416.3149
401.4551,403.9645,406.7402,408.0565,409.4526,410.0251
394.4825,399.7349,405.7873,401.9422,400.3916,398.0122
363.9611,357.6287,354.8954,359.9475,360.2017,356.7492
372.1108,360.0333,358.2445,357.9318,356.1128,367.0085
343.0085,353.8794,353.2978,354.6920,353.4398,356.1371
381.3823,381.3730,387.4352,381.9110,378.5790,385.8386
398.5884,372.4918,373.3371,377.1683,371.6394,369.8896
331.1430,368.3628,367.4147,376.1904,369.0165,363.4445
356.6099,390.1110,388.9389,382.2756,385.1844,388.7790
353.5606,396.4546,397.7771,396.4712,395.2112,398.3004
368.5578,381.9920,382.7046,382.0709,383.4392,386.2325
349.3765,349.8571,352.4665,349.5186,348.3304,354.0965
346.6797,343.3702,345.9882,342.1792,342.5110,344.5257
390.0347,385.7031,389.9382,391.0077,391.3109,390.0316
347.9348,366.2509,367.4931,364.0485,361.7246,362.7001
377.0748,367.7580,366.0536,361.3334,368.0219,364.8680
393.0699,379.2939,376.9285,380.6139,380.5237,376.0731
370.6218,364.2568,360.7039,355.7528,357.6001,360.2538
356.2668,349.9460,354.9009,346.3424,351.8630,350.6968
364.0729,365.9305,366.5937,368.6865,367.9797,369.7304
430.5183,424.8868,422.6259,420.1166,423.4589,422.3997
371.6904,366.1318,363.1362,367.3413,359.5892,363.0665
403.9928,408.1608,413.2917,408.3854,414.6395,397.6752
397.9207,406.8104,407.4019,405.8823,402.7791,405.8378
369.5668,366.8541,364.8405,365.1294,365.5418,368.0523
357.6971,383.1383,383.1203,381.2695,381.3729,388.1113
400.7616,405.1725,404.4072,399.7473,396.9340,395.1780
382.5606,411.6691,414.4176,411.1024,414.8077,410.0851
414.1059,393.8326,400.7730,401.3119,397.9839,396.1600
401.0049,382.7836,382.4528,389.4706,379.8046,385.1334
416.0391,408.4947,410.3561,405.8672,408.4452,405.8810
330.0968,313.6077,313.0045,318.1235,310.4123,311.0494
302.6085,304.2541,311.3157,305.5629,305.8807,302.4987
381.7703,373.2880,368.8174,369.9479,372.6303,371.4742
416.9465,409.9223,410.6561,406.8634,406.9654,407.0955
362.7546,367.9187,361.5113,364.0072,366.8911,367.7791
361.5794,357.2900,356.0329,360.4238,357.1645,358.3481
364.7595,360.6526,364.2783,365.9747,365.3237,364.4942
408.5467,385.8325,389.2868,388.1093,382.8189,386.2895
356.1417,366.1619,362.4820,363.1390,365.4368,364.8070
383.2662,385.5852,386.4425,387.8055,386.0035,388.2933
335.5098,350.9999,349.2744,348.4354,349.1047,346.7363
349.4221,322.3491,316.5395,318.7507,317.2468,320.7785
341.0216,354.1980,361.7542,362.6426,358.7169,356.7420
374.3490,369.3975,369.9939,367.6101,370.3706,367.6140
367.8904,345.9752,346.8101,345.3565,346.8909,344.2571
441.8220,428.1936,445.7868,444.0896,444.3968,443.6986
348.0794,369.1464,367.8510,362.0202,366.7048,364.3731
397.6377,396.1074,391.6369,395.3783,394.8867,392.0818
402.1228,384.8811,387.4297,387.0196,386.9821,392.2024
330.3257,342.6331,338.7122,345.8983,346.0865,342.4955
439.0482,403.7472,403.4587,409.6991,403.3858,406.6836
368.6789,348.1223,353.8320,346.5448,354.6014,350.3450
352.1747,362.9674,367.5913,361.2313,363.8118,362.5209
391.0942,393.6527,397.0680,393.2231,399.8379,387.2686
400.8726,383.6390,384.4329,383.6306,384.8426,387.7367
381.4496,374.9808,371.9918,372.7107,375.0681,373.5940
386.0433,382.7172,382.1175,392.5094,391.0684,391.0063
364.8823,377.7824,374.4785,367.1941,367.0499,371.3958
385.1497,358.9317,362.0825,360.7639,368.9939,372.7393
323.5838,345.9792,349.3211,344.1156,348.8288,346.5947
414.4329,403.7907,406.0479,406.9699,401.5502,405.7981
414.6812,397.2940,400.5261,395.3798,400.6946,395.8706
445.5603,399.0937,399.8072,404.2259,398.0947,402.1173
419.3139,393.3744,393.9355,389.2567,390.5210,393.8274
415.5726,387.8459,388.5686,391.3959,392.6275,392.9367
344.6028,351.7399,357.2562,358.8104,353.8648,356.3045
418.8057,409.2162,412.6882,412.3695,411.4735,411.9097
417.3104,399.3853,394.7439,400.3746,398.5049,401.2545
417.0309,429.6212,428.2618,427.0796,433.5032,431.8450
368.6494,345.8512,343.7079,349.7223,343.0617,348.0305
319.4526,349.7728,349.3670,350.5729,348.7717,346.0690
329.3836,365.9320,363.5316,359.0658,365.1690,359.1259
405.3678,389.3917,394.2632,394.2879,392.8354,387.3703
379.3981,383.1760,386.4070,381.0015,378.4759,381.0539
372.1625,354.8175,352.8073,352.5520,351.0724,348.6674
358.5932,360.5352,366.2269,363.2863,361.2399,362.5088
421.5785,417.7840,413.9192,411.9304,421.2103,418.5079
357.1965,383.1542,388.6200,381.5913,382.3413,380.0618
360.9394,376.1134,374.1229,372.9641,376.7485,374.1208
366.9256,377.3527,372.0218,376.1459,378.2908,377.6459
414.5635,396.6100,392.1387,407.9310,401.1636,401.3290
330.3536,335.4844,337.2221,338.4930,335.1472,333.9192
358.3448,366.7294,366.6026,366.7697,366.9449,367.2254
425.5809,380.6952,381.3033,389.8096,386.1496,386.9785
336.1066,343.1935,349.0117,351.2190,343.4668,350.7609
389.5320,429.5839,428.9718,421.1026,433.4931,411.1210
374.7240,375.9649,377.6406,372.2791,373.1028,377.0498
410.8164,391.1537,391.6364,395.0586,389.9265,390.3525
415.3490,395.6026,401.2226,396.8678,399.5951,399.5257
362.1718,368.7200,363.1205,363.7175,362.1633,363.0525
419.8855,403.1130,402.3901,409.6852,405.7217,404.3432
327.4847,338.7299,336.5878,334.3046,339.1630,336.6276
395.5327,350.4722,358.0082,355.2436,354.5019,358.6144
366.3296,356.2338,358.7974,356.1590,359.2169,354.8077
422.7920,379.9509,386.5892,390.9457,382.3421,388.1686
418.8101,424.1923,426.7378,424.7061,423.2675,421.1695
342.8511,367.6414,365.1622,367.7509,364.0460,366.8138
326.6705,354.2771,361.7537,356.4281,360.3602,358.9197
407.2908,413.5445,411.5995,409.6965,412.3370,411.8469
370.2731,368.1183,369.0464,370.3062,372.5899,368.2967
364.2463,386.7991,389.2414,391.2441,390.2914,392.5531
377.0737,374.1411,375.9935,375.2549,371.6015,376.0811
407.1403,393.7604,390.4925,393.6589,391.0294,394.3787
373.8257,374.5330,382.2134,371.7892,379.9067,380.0659
318.2760,320.5677,316.2544,315.4546,316.2608,320.5501
388.6344,401.3155,401.1306,406.0647,405.0482,401.6431
392.7634,374.1043,374.1626,377.4049,379.4881,376.6129
356.8327,363.0847,359.0789,357.9044,360.2298,359.8928
405.2113,405.2242,402.6361,396.9706,402.3015,400.8641
442.9603,421.2523,430.7202,424.0882,431.9456,426.1713
401.3277,398.9113,390.6897,398.6387,396.6010,397.4188
368.5741,358.0387,360.1512,358.6020,361.1320,353.2867
311.2651,325.6615,325.8097,328.1146,322.7732,329.4599
376.2561,396.1944,391.1540,386.5017,393.0562,391.0477
288.4106,318.4979,319.3492,319.3998,317.9373,324.2421
342.4107,387.4778,387.7596,387.7198,390.6814,388.0860
416.5739,399.9069,408.3301,399.2037,398.7843,401.8616
453.2805,418.4730,420.2197,409.6273,416.6805,417.1905
393.7869,399.4449,403.5482,400.8137,403.5448,399.3524
359.9006,338.8139,340.4720,336.1569,333.2914,338.8143
330.9772,347.1951,347.0539,351.4053,343.8878,347.4343
384.8565,376.9770,384.1229,382.0384,380.8476,378.9548
410.9410,422.0368,410.3180,412.0260,412.0204,414.7002
363.2453,358.2458,356.8746,358.9555,357.3669,353.0653
331.3905,351.9624,351.5282,347.0619,350.0368,351.4512
427.9904,415.9750,415.9994,410.6899,415.6667,413.5447
334.3889,335.5574,336.3168,338.9193,336.6609,337.5338
415.0464,405.6270,408.0167,403.2864,396.5334,406.0056
467.0007,412.6378,409.1912,407.7650,416.6211,407.4805
382.1695,359.1154,362.2501,357.0050,355.7384,360.6657
383.5483,377.9697,379.5347,380.9947,375.7108,380.8032
354.6595,352.5269,350.2650,355.3908,351.0866,354.4753
382.0247,404.2127,408.4553,407.5524,410.2637,412.1377
341.7607,332.3184,330.3116,333.1519,330.3217,334.4850
353.4161,358.6409,361.3960,355.3106,364.5592,357.0916
340.9685,331.0896,330.9646,334.3380,332.2041,329.0044
402.9082,387.7371,390.0387,391.2455,391.0773,390.4693
396.2703,424.2552,417.7735,413.4892,421.1263,416.3746
413.2312,418.8153,412.7158,405.7718,416.2297,411.5516
