true,pred1,pred2,pred3,pred4,pred5
365.8869,382.4250,385.9232,383.1971,380.6278,384.9165
304.9546,315.1623,311.7255,309.4055,312.8636,317.5119
361.4368,368.5015,365.3442,367.8355,367.4792,371.5868
360.1403,369.7309,371.7622,368.6091,369.0587,372.2494
334.8007,345.9233,346.3888,344.3106,345.6353,346.9691
440.2627,414.6526,411.1815,414.0464,414.2931,413.6545
328.3493,337.1679,331.7827,333.8633,335.3394,340.0820
366.2561,368.7906,373.3191,375.3983,371.1795,378.0562
357.4685,383.8303,385.0515,389.3877,386.7369,386.4043
353.0170,358.2252,355.7678,357.7859,359.6249,359.4248
381.8796,370.9674,374.0716,373.7401,369.8022,373.1063
359.5296,356.0247,357.9568,358.7968,353.5234,357.0264
355.4878,362.9585,354.7902,359.1961,361.7328,360.3970
374.8454,365.2164,357.3215,343.1175,358.6255,357.5546
365.0687,375.9756,376.1188,377.0229,371.9478,375.4583
363.4244,358.1058,361.2457,357.3446,358.4774,354.6835
347.2417,340.8736,340.5476,336.2161,339.4022,341.6775
355.1904,371.4538,372.5732,369.4749,373.7952,373.8990
368.0445,366.9440,362.1991,358.6862,369.0515,364.4991
375.3332,395.3122,402.0999,398.6608,396.5516,396.4236
396.7330,392.9696,396.0259,389.8137,394.9835,395.1490
363.8777,353.6714,349.6924,345.3174,355.3495,354.8052
374.4044,387.2547,384.2526,387.8027,382.5015,391.5673
389.3313,388.9077,385.7838,386.3969,386.5829,386.6005
349.9657,373.2678,377.8379,377.0798,375.7683,376.4132
424.3187,400.2708,401.6375,398.1577,402.8914,404.6691
315.8220,348.6017,350.8112,349.0099,347.3734,352.1020
412.7356,397.4318,401.3234,396.6154,396.3305,394.5496
388.4928,368.0173,369.8912,369.8271,365.5168,364.9167
352.4738,376.3130,380.1811,382.6228,373.1768,379.1235
413.2829,381.0102,382.5181,383.1389,389.5961,381.2379
397.2378,368.1866,368.9800,368.5982,373.8803,370.1538
400.5688,402.4653,404.9738,402.4588,406.1019,402.6987
355.3838,365.8222,363.4242,367.3929,366.8764,363.7364
405.8914,404.0211,412.2750,403.7898,408.1525,407.9932
403.2814,380.6280,380.4011,379.8585,382.0743,378.5298
399.4342,406.8091,406.7449,404.4890,408.5257,407.7432
387.8970,385.7457,385.1251,382.2778,381.7364,380.7797
390.1959,394.6902,393.7533,394.4553,387.2521,399.2384
361.7298,382.2404,383.1012,380.8729,383.0103,382.5310
343.0489,338.5999,338.0447,332.8579,341.4129,336.5729
353.5444,349.4812,343.3249,343.2152,351.5901,349.5607
320.6480,319.0425,319.1678,317.7142,318.8241,322.1376
420.4463,425.7314,425.4943,426.0652,424.8162,424.8470
399.9127,404.8284,406.7902,406.4675,404.6721,403.5686
398.1201,382.7057,389.3932,381.0818,383.0308,386.2108
377.7695,404.3442,400.2104,404.7652,405.6573,403.0338
375.2797,356.5906,354.9577,358.4873,355.7074,358.2382
385.9886,365.8760,367.6468,370.1252,368.2982,369.9577
395.2118,393.5826,388.2546,393.5155,391.5787,391.9317
362.2159,380.0866,378.2454,377.5887,374.1843,382.9791
378.6614,408.6108,405.9608,408.7216,407.1892,405.4017
403.7501,398.5306,400.0716,402.8398,397.4158,395.5088
374.8107,369.9242,368.2440,369.7748,370.9753,372.7353
346.5289,340.7996,342.5035,341.3398,344.9987,345.3123
382.5116,383.3280,381.3168,384.4057,380.5536,378.1230
464.9492,414.0421,417.0204,413.0066,413.9373,407.8647
366.4073,378.4908,378.3641,381.9639,380.2291,376.0453
347.0274,346.8864,344.6555,345.0500,343.8827,346.3143
303.9433,333.6128,332.0194,327.6277,337.0205,335.4910
304.1231,330.6617,326.6717,328.2776,332.4691,332.5605
355.8657,348.3311,343.5693,343.6710,349.5406,350.3494
380.3600,375.0566,373.4254,376.0020,370.5994,373.4644
385.2401,393.7701,393.6538,393.9174,391.3817,391.7825
345.8794,367.6419,367.9708,361.1205,370.4781,364.2032
389.3929,376.8952,373.4710,371.8292,368.6675,378.3796
367.4385,386.0820,381.2639,380.3402,385.0018,380.3246
348.1308,350.1579,351.1124,350.4698,353.5791,356.0612
457.0824,444.2733,444.4901,449.1021,444.1848,443.5399
384.0455,386.6226,385.4375,388.0714,383.9324,385.4624
376.7895,367.1251,368.1126,367.7528,362.6758,365.3635
429.2498,430.2477,425.2081,432.7748,429.8965,428.5549
424.9001,409.9923,407.8846,410.8874,411.5024,405.8946
361.0049,348.6614,348.1318,345.8020,351.4501,347.3925
349.5228,344.7945,342.5437,338.9573,341.4086,345.6767
354.5451,357.5919,356.4255,355.1266,352.5352,360.0175
407.0773,417.3885,418.5172,421.5753,419.3621,418.4489
412.2755,384.8558,382.0215,381.6685,382.2502,379.9020
318.1252,314.4569,314.1757,314.1923,316.8514,318.5791
401.4236,389.5681,390.4544,393.0554,389.5253,392.3238
375.6948,372.4435,375.9404,372.8081,373.1163,372.2269
361.4283,371.1075,368.0872,369.4784,369.1806,369.5095
378.8628,393.2175,393.6609,397.1913,391.8990,393.8586
328.7551,330.9149,333.6229,328.9704,325.9690,332.5491
370.7069,365.2379,368.6907,368.4225,370.4276,368.2481
369.0240,360.6555,362.1439,359.0328,359.9285,356.8811
418.0223,401.2682,402.9224,405.1344,402.1211,404.0085
364.7038,347.3740,349.4267,349.3990,351.3565,348.5985
284.6487,283.0131,279.1267,278.2442,277.3643,287.6131
373.2122,369.2627,367.4005,368.9665,375.9185,368.0764
372.8172,370.2721,378.0327,373.2791,370.7429,382.1191
339.0893,332.5061,329.5885,329.5509,332.6016,336.9939
314.0930,327.7062,323.4127,323.6219,329.4367,329.6133
404.0524,425.5569,417.8479,421.4614,420.9832,422.6912
391.8366,382.6974,385.3517,383.3040,384.8823,383.4888
434.2352,420.5842,417.6987,419.0266,418.4941,420.3588
402.6675,402.1259,409.0784,398.9458,399.3488,400.3673
323.7092,320.2175,313.3004,309.2254,318.1145,321.0751
341.4188,372.6615,365.6112,368.2502,366.7062,369.7811
359.5291,364.2072,360.5548,364.5537,367.7818,361.8030
405.2156,415.5308,412.1017,415.2234,411.4518,413.4240
349.4491,339.5823,339.2875,343.0065,344.6518,344.0844
357.5126,349.8935,346.8809,346.3818,350.2762,350.4865
357.9363,351.6516,351.7820,354.1592,350.5329,356.2970
358.2825,362.0309,361.3298,362.5905,365.3763,365.7055
425.6635,429.3438,428.4629,425.7251,428.1460,429.9403
357.8849,341.2211,341.9822,339.9713,338.3483,339.9420
346.5661,355.8423,354.8701,352.9522,355.2837,358.0959
378.7821,371.7422,378.4084,370.8493,372.0963,366.8152
345.3776,359.3724,358.9797,357.9309,360.8617,358.1268
361.6039,357.5709,357.6363,357.6739,356.0359,357.4478
422.5579,407.2906,408.5529,406.1392,409.1778,408.8050
353.3279,363.9126,364.6734,365.9817,363.3047,366.4541
360.8554,346.8471,350.6844,340.7685,349.8141,346.7456
364.3870,359.2110,360.3764,363.8595,364.1380,360.5433
320.5901,320.2513,319.7139,316.3018,316.7637,322.2522
348.6086,379.5313,378.4458,374.8759,377.4061,379.2011
355.3059,356.1786,354.0033,354.0335,356.0677,356.4112
335.0648,313.5303,310.4310,310.8244,316.1631,318.7255
347.3893,353.9629,355.7428,352.1203,352.5061,354.3185
403.8575,418.8884,417.9012,417.4283,411.6565,416.7190
362.5101,357.1602,356.0768,357.0992,356.7063,358.2460
355.4041,343.4012,344.3737,342.7103,339.0927,343.5140
382.7211,384.0897,383.0988,377.3788,384.0408,380.7314
359.3783,370.1184,366.7630,373.5222,374.9605,375.0555
325.5642,339.0302,339.4838,336.1638,337.5563,340.1433
365.5638,361.9530,363.6682,361.7860,360.8590,363.0196
337.3747,348.2178,350.0353,345.6952,350.6202,347.6672
322.8951,350.8678,345.0683,343.5565,348.5515,348.1383
371.9296,375.2291,375.9567,377.2279,374.3277,369.8013
425.3818,423.6040,421.6567,424.9624,423.2834,423.0194
413.1340,402.3171,406.5009,401.6206,404.5062,408.7558
357.1761,348.8947,346.0970,345.9044,347.4012,350.7368
384.8420,400.4682,396.7760,402.5955,398.4739,402.5335
352.1765,367.2882,370.2986,364.2662,366.7141,367.3848
415.8567,418.8012,418.3736,419.9321,420.2321,412.7856
378.3047,359.9281,352.5775,348.5219,357.3551,351.2983
359.0278,373.7869,372.6986,375.5632,377.1239,379.9302
392.6890,393.8594,402.0610,396.4050,397.1935,398.2925
366.2897,388.5939,393.6105,389.4364,392.5598,389.0778
451.0723,435.8986,436.7438,437.5331,435.9942,434.2614
333.9749,331.9128,334.6650,333.5822,335.8932,335.0868
378.9802,383.5793,384.9573,384.5956,379.7432,378.8707
387.2476,400.0136,402.4926,399.8154,400.2100,398.6116
329.6472,350.9379,349.4350,348.7627,354.0454,351.9247
412.7570,387.1674,399.4293,389.5542,388.3045,397.5836
338.5426,365.9292,365.4537,365.3201,362.9131,362.8988
327.1659,343.8621,344.5343,340.9045,335.9305,340.0026
361.4134,357.0847,357.8831,350.6259,360.1062,356.9121
417.2831,395.8578,395.3431,394.8201,392.6487,393.6345
326.7397,331.2468,332.8513,333.3268,333.0999,337.2038
381.3500,395.8294,394.1675,398.2147,390.4459,392.3363
349.1378,358.0271,354.6282,357.9468,355.5924,359.0178
374.8020,348.8787,348.5459,346.6491,348.6516,349.7634
364.7476,365.3495,357.1408,363.0092,357.8714,361.6792
400.5425,394.4357,394.1432,392.2052,387.1708,393.7990
362.3399,359.2292,361.5586,361.2228,358.2048,358.1112
307.7736,327.7643,321.8147,317.9604,326.1162,328.0403
345.3514,337.8398,330.3909,329.9343,337.3426,338.6414
384.9469,364.8865,366.1145,366.6854,363.0854,366.7837
372.9104,379.6540,371.5552,376.4820,373.0775,371.2071
424.8430,413.8055,409.3022,412.6217,411.4421,417.1195
358.9048,395.3887,396.7593,399.5826,396.1222,397.2043
382.0342,366.7911,365.0013,366.2855,365.2970,362.7359
410.2156,384.6359,386.1141,378.1056,385.2821,379.1481
389.8250,380.2692,381.2549,381.6378,378.5260,380.1991
384.4678,389.7947,392.5807,393.3419,392.3741,388.8143
370.4893,377.6272,378.7724,377.2265,379.3310,375.6685
329.3868,357.8669,358.5049,357.7052,356.6994,362.0234
338.8836,363.2734,356.9362,363.9163,364.3253,362.4973
354.6228,369.0750,370.4696,370.3554,372.3913,368.4986
381.6585,364.3177,367.2642,361.7803,359.7903,367.5521
364.0704,361.5356,359.3975,364.0753,359.5530,362.0124
385.9146,392.1519,385.8910,393.8582,391.2579,402.4110
362.5056,356.9174,358.9818,360.1523,358.4403,361.4418
362.0886,364.4806,363.5130,363.8640,364.8843,367.4009
301.5669,310.8405,308.7582,304.6979,307.4264,311.7682
343.9311,339.7871,337.1375,337.6556,343.4493,345.8057
409.2632,403.5549,404.2467,393.8272,397.1490,396.6651
387.1096,386.7828,387.8526,386.7578,384.8880,386.4137
364.4320,340.9669,341.5249,338.9830,339.7328,339.4516
390.9021,386.2068,387.7329,384.8767,384.3795,386.9651
375.1960,346.4034,349.3626,346.2778,345.7243,346.7852
366.4759,375.5925,378.8297,372.9241,376.9257,376.3893
391.8535,392.3217,398.1618,397.8477,398.7205,396.2393
375.4025,372.0177,373.0532,376.0036,370.0411,378.5563
365.5553,369.6688,370.1705,374.9406,372.4323,373.6538
345.9357,327.9948,328.1847,327.0968,327.7523,330.9813
364.8823,384.5480,387.8029,382.5150,384.9057,383.9702
394.2209,434.0089,436.8610,432.0556,430.8889,440.6458
339.9549,374.1400,371.0677,367.0837,369.2788,372.4843
356.8762,356.4820,354.1838,348.5758,355.1265,356.5131
352.6619,364.7099,369.1132,365.4202,368.4373,365.9961
403.8356,382.3601,382.3544,385.2961,386.4294,382.3562
371.2714,377.9686,381.8522,378.4506,381.8452,380.6435
324.2331,334.9833,335.5216,329.2182,332.5856,331.4377
371.5664,374.6978,373.4640,374.2838,376.6623,372.0186
375.8040,389.2862,387.3443,384.7430,384.5586,383.7208
419.2188,422.4704,419.7079,425.1026,421.4706,422.5526
399.7086,386.7134,386.9682,387.9985,384.3043,390.2565
336.1636,350.3826,353.9250,342.7732,354.8519,349.1458
351.8301,331.0909,331.4864,328.0194,334.9229,335.0910
345.3129,354.9756,355.9123,355.7696,357.5194,359.8796
370.4522,377.0115,378.7698,377.3043,382.0899,383.1505
326.2016,348.8124,344.1654,349.6940,350.7914,351.6292
373.1503,392.7461,395.2234,387.7180,392.5888,389.4228
336.6978,352.9786,357.2747,354.8151,353.1174,357.4058
383.9481,365.6231,366.7764,360.3376,362.2292,365.7003
425.9159,414.4139,416.1231,414.7604,418.2113,411.6616
374.6071,403.2804,408.9554,406.3766,405.5872,408.8792
363.4223,374.2522,375.1931,373.6650,375.0558,371.7641
387.9665,414.7534,417.0139,418.1194,415.9276,415.9249
317.7579,332.3654,330.7816,329.1317,331.5895,335.4160
413.7970,424.9369,421.0676,426.6147,423.4342,423.4931
377.1683,359.4959,360.6550,363.6447,358.2735,365.7810
429.6471,394.7413,396.9209,391.3894,394.6205,390.9472
338.3951,350.4239,351.2294,350.4135,348.9693,353.1135
402.9571,391.9676,384.1447,388.2690,386.6193,382.1474
389.5283,384.4748,382.8973,382.2957,379.7881,382.3559
385.0651,361.6379,361.9456,355.0963,362.6682,365.0230
415.4007,426.7937,424.5474,426.3803,423.9256,422.7207
384.9950,380.1676,385.3287,381.3800,384.7896,387.4136
393.7680,392.5670,394.7974,395.2515,394.3825,393.7013
390.9168,382.5336,385.1669,385.4761,382.3767,387.4876
408.2911,364.5188,363.6769,365.6031,366.9857,363.9146
373.1846,389.5255,383.9137,384.9775,383.0331,386.5528
365.3988,348.7470,350.2908,348.8116,348.5276,352.2997
382.4508,390.1929,397.1878,397.0367,389.4106,390.9911
403.7451,386.8089,390.7747,392.2698,389.9228,393.4825
344.8750,343.8377,339.8404,337.4576,340.4300,345.9803
349.1747,361.8851,361.5378,366.2651,360.4902,364.7996
404.9376,387.3711,384.6523,382.5599,380.5375,388.3589
414.5835,395.2491,399.8546,396.5520,395.9413,392.6927
418.0542,408.1708,407.9710,408.0682,407.6667,407.4309
365.7415,380.2953,379.2114,379.1826,378.1920,373.8733
369.0511,369.1056,364.6575,365.9156,363.8385,365.9696
334.7041,335.7668,330.5221,334.0321,329.7947,338.2801
399.1427,383.7133,386.4684,388.2607,382.7550,382.3519
407.6526,429.9406,426.0471,428.3663,431.2097,430.7300
387.5333,389.8197,390.6480,391.0665,387.6248,385.4099
379.1042,373.0880,370.8855,367.5227,371.3737,369.6096
427.7039,400.4958,401.0247,404.5287,401.9330,400.8225
321.4124,319.9725,317.3629,318.0444,322.2462,324.2791
424.5541,428.2851,424.1698,428.9138,431.1197,425.2327
323.7962,347.3717,348.5293,350.1592,354.1434,354.2156
361.3990,367.1247,367.9682,370.2127,368.4160,370.0021
354.2566,348.9933,345.4381,347.5846,348.8234,348.4952
406.3896,410.2176,411.6493,408.7592,411.4814,409.2623
333.7121,349.9189,352.5230,349.9262,352.3002,354.6269
400.6855,401.6883,407.4293,403.4229,404.4752,404.3525
393.6313,389.5435,389.3866,391.9758,394.3358,386.2021
412.1054,409.6974,409.0061,404.5048,407.4517,404.5300
396.1976,378.4347,378.8955,380.8864,376.7276,377.2303
382.6242,409.1134,401.8634,413.7655,409.6054,411.3645
408.0822,383.3683,384.1371,379.6414,385.1126,382.0701
368.7559,364.3507,364.3174,363.9855,357.0388,362.3902
350.8588,347.3556,349.6649,350.9400,349.9364,354.0452
404.0605,376.0980,376.5475,373.5829,377.3831,379.1964
396.0917,374.0585,370.5656,373.7396,371.2912,367.5607
343.2159,354.5895,357.9111,351.0787,354.6118,351.1957
351.0901,381.1033,377.4329,375.3841,374.2237,379.7594
305.0436,306.3067,301.4240,301.5424,310.4789,311.8595
384.0977,379.1760,376.1927,378.3466,382.0772,378.5446
365.4428,351.0689,345.1416,348.3959,347.1157,349.9925
411.8357,412.7450,411.6027,415.5034,411.5361,412.9794
370.9799,331.2745,327.8734,329.7921,332.2651,332.3100
367.6002,383.4491,386.5396,387.1321,383.8725,391.7336
388.7115,367.8914,368.3992,366.4975,368.9926,371.8213
373.7783,377.9884,381.1854,376.6410,380.5418,376.0887
380.0109,393.0349,393.4264,392.5153,388.4913,392.2128
376.0379,358.6759,354.3067,358.5572,354.2538,359.6457
351.9006,345.4538,343.8745,347.8301,348.3841,348.3853
405.3966,406.8990,409.0293,407.6039,404.3309,407.8616
397.5981,401.3143,395.0733,402.3690,397.2860,400.6058
452.3468,416.5458,419.1808,418.8448,416.5346,417.5809
368.8198,363.6447,361.8689,361.1127,364.4380,363.6570
423.6574,404.9867,401.3378,407.4616,400.2180,398.6283
390.8492,381.5502,388.8502,384.0324,381.3170,386.1510
341.9593,334.9203,334.8787,336.4250,333.1841,338.6264
399.1775,380.0575,381.2607,377.6948,377.6385,375.5095
370.8759,337.8902,332.4626,332.2634,338.8472,341.7822
406.5178,410.8876,412.7099,406.7534,410.4916,409.3280
384.6660,362.1397,369.3391,364.9302,361.5305,375.3600
341.9203,351.8438,354.2064,349.2637,349.4405,351.0425
376.8961,378.5250,378.5676,379.8290,376.0750,379.4029
386.4172,377.1345,376.9915,377.8651,378.2842,373.1600
382.6672,386.8422,386.3500,388.7639,384.0742,385.3843
444.0641,399.8922,405.9911,404.2957,402.1562,400.9776
385.9106,378.4306,380.4268,378.7676,376.3616,377.2776
389.6926,385.6282,381.4619,375.1846,383.1965,387.8202
406.8261,390.1938,389.7397,391.9542,391.7568,388.7811
348.2347,391.8043,394.4831,396.7433,392.9540,404.4264
344.9959,323.9102,319.5377,318.5836,326.6885,326.1605
335.9935,350.9345,351.0369,353.2595,353.0228,352.4483
417.0582,393.2716,396.0249,393.8025,390.3382,394.8794
439.2402,426.5710,418.9570,428.1372,420.0916,419.7898
409.5665,397.2698,395.0072,398.1092,395.4044,396.0942
375.6293,367.7565,369.6480,364.3585,372.1703,369.2907
415.0702,385.5660,385.8187,386.3318,387.9772,383.6115
362.7017,400.4378,403.7028,400.2228,406.7488,396.4672
347.5249,347.6748,351.4546,346.8822,343.8320,348.8138
366.8278,354.1784,350.6262,354.2368,353.2467,352.8849
445.5325,410.7802,417.6645,411.1718,415.4907,416.8094
404.7265,388.8967,393.1646,392.8856,390.0010,387.7780
382.7591,388.5349,396.6221,385.8167,391.5668,388.0155
358.2732,344.4791,347.4518,347.1298,350.1030,349.6114
364.2971,354.3438,349.6980,350.6879,352.4300,351.7640
367.0015,381.8138,384.5488,384.1181,382.4762,381.2751
351.6888,351.8741,352.7178,349.6526,352.6343,350.6556
372.9944,364.5022,363.1538,361.5112,369.4051,363.4411
346.0661,347.3529,345.8651,344.1166,349.8292,348.0154
406.8812,417.5120,411.0359,415.9484,411.6393,413.9752
409.0624,407.4130,407.8939,412.9854,409.4489,413.3037
362.6234,361.2075,360.4111,359.1082,361.1943,359.4658
420.9360,411.5432,409.1494,408.9950,412.0319,403.6442
346.0428,347.3705,344.2437,345.1120,350.0847,351.9844
346.9768,377.9539,379.5564,376.9086,379.5094,379.4058
388.5659,374.1803,375.2716,377.7431,377.2282,372.7122
386.8348,386.4077,386.2091,387.0522,386.4452,385.1966
351.3013,355.6900,357.2975,360.9192,354.7501,356.2249
365.3049,373.4815,373.7891,372.5369,376.8383,375.3471
359.8166,357.5029,357.7884,356.0366,356.0391,358.2181
409.4993,400.4302,407.6028,405.1047,405.2190,404.6413
373.8365,365.0886,360.4073,361.2683,358.7778,363.3212
368.5117,351.8568,351.5525,352.7663,349.4158,352.5629
393.6119,378.3340,378.6841,378.1385,374.5269,380.6880
368.4081,372.8746,381.8477,378.1049,377.1721,378.9661
325.7841,313.5927,313.2379,312.3000,313.9209,318.0591
376.8631,396.9431,395.1149,393.8618,396.0167,396.6438
385.5976,383.7369,380.4245,384.3594,375.4228,387.2614
398.8112,386.9720,386.6702,385.7840,388.0911,388.5981
408.1053,386.8356,389.5991,388.8332,387.1955,385.8659
326.5472,327.9171,324.7269,322.0963,324.1188,325.5511
348.1256,335.0169,336.5006,334.8970,342.3464,342.6912
354.8834,359.2700,360.3563,363.5451,359.8953,363.9427
376.2719,387.1058,387.6626,386.1732,388.5002,385.9013
361.7102,376.6137,370.9914,372.3841,367.5280,373.3224
454.5593,439.1143,436.3684,442.1666,438.4167,435.6450
359.1407,382.6902,383.8347,385.1341,380.0673,387.1360
361.5575,361.7230,364.2401,367.8538,363.2330,365.8975
372.2687,390.0009,391.1991,392.1116,389.0630,386.5369
350.8551,362.2166,354.9522,360.2784,359.4535,359.1876
399.6580,398.3595,399.6610,403.1988,399.8761,398.4469
322.1763,325.4646,323.4818,322.4326,320.6866,329.3091
393.9518,397.8285,399.8860,398.5840,396.5426,394.8408
346.6352,356.4257,356.3407,356.5270,352.7413,361.1573
368.9288,359.1481,358.4754,356.2728,357.0851,354.7567
363.7607,370.6230,369.7808,370.2745,366.2050,375.0478
338.6794,336.6837,335.0760,328.3091,336.3715,339.7919
375.5712,395.3564,395.9331,394.4404,398.3735,392.7609
369.3559,363.1321,363.8144,355.0819,363.7176,359.3556
338.0971,354.6844,352.3864,350.5383,357.6796,354.1191
348.2012,340.7899,338.2271,337.2177,343.8254,336.8645
424.1903,407.1010,410.5048,408.5186,411.7398,405.1900
376.8390,399.3419,405.2396,395.7023,399.6079,397.5741
399.9856,395.9106,394.7359,390.3705,392.7597,393.1615
363.2286,344.9114,348.6945,346.6538,343.4955,345.2084
341.8489,333.3929,330.6045,324.8548,333.3515,335.8802
347.0988,372.9386,364.5045,365.8519,368.2467,366.0750
428.4992,402.9634,398.6201,403.8815,400.4158,399.2388
442.4280,409.6982,408.3405,406.5273,415.8737,406.5131
390.9590,369.3004,372.8034,372.5698,370.8524,372.8655
378.6525,393.6530,392.1915,395.5497,393.5018,395.3190
370.4661,361.3494,361.0358,358.6070,361.2482,361.8158
340.7944,345.2411,347.0398,343.5484,344.7437,348.0455
383.3762,382.9038,379.1780,377.0772,380.9668,379.2147
334.9752,358.4701,353.9289,350.7747,353.7880,350.4755
361.9135,386.2949,390.5905,390.8494,387.3662,388.1979
392.5949,373.4371,380.3429,374.6720,379.8386,377.3416
341.8390,364.6300,367.3778,366.2030,364.2324,364.9073
392.2327,392.8992,389.9621,390.5449,393.0627,393.1708
359.3600,365.4795,363.1728,368.1406,367.1355,366.8304
399.7080,389.9989,392.4453,391.8727,389.6931,388.8347
399.2041,391.9784,391.0850,395.9759,388.4020,390.5070
350.7068,356.3721,351.1848,349.9144,355.4753,353.7188
415.8977,417.3296,417.8323,420.7729,419.7817,420.4423
376.1487,382.4224,382.5632,383.2932,384.2743,386.5387
382.1525,353.9490,348.4673,352.6805,355.3714,353.3111
409.3721,388.6996,390.7792,386.4626,387.6225,386.8253
361.2283,364.6168,365.6849,367.4492,367.1066,368.5639
417.9668,399.0391,402.7596,397.4425,401.2196,397.6399
394.9504,398.1740,395.5134,395.3688,391.4843,392.7298
395.6225,389.7665,392.8140,388.1579,392.1281,392.1823
369.0938,363.7585,362.5915,361.4306,366.0118,363.6913
331.3340,362.0823,362.9441,362.4617,359.6528,359.5162
364.0959,374.8964,370.3763,371.1653,371.5571,371.7205
333.7089,366.5482,366.1512,367.6298,367.7497,366.8455
370.5301,377.7986,376.9338,373.4059,373.9663,378.4008
392.0918,418.6764,412.8046,417.1030,416.8240,415.2405
313.0561,320.3776,319.6247,319.8946,318.8900,323.4110
356.1170,354.4029,351.3604,346.4822,348.9755,355.1392
394.5428,384.8604,384.8307,382.4109,379.9745,381.6554
388.8035,371.9553,364.6160,368.1544,370.8828,370.1177
362.9695,379.2134,381.7069,378.3593,380.8972,377.7898
337.6411,359.1409,359.3154,358.2793,355.7348,359.4331
365.1862,366.2757,368.1186,366.0905,368.1772,366.5577
408.9071,402.9893,404.4685,406.3351,403.7019,404.5756
382.1131,372.7204,374.9515,381.8610,368.3163,377.0297
364.4072,343.9638,342.2459,335.2796,343.2893,344.7850
348.0411,358.1323,362.8485,354.5227,360.9064,361.9269
366.7114,365.7413,363.1260,365.8065,364.1838,361.9327
371.6198,379.3949,380.4570,378.5990,374.4300,382.2962
352.6716,354.3565,354.7692,354.6236,355.8453,355.4002
375.6361,379.0694,376.2956,378.2812,384.9222,379.1107
339.2495,342.2305,347.2534,344.3076,346.9933,348.9104
355.8145,359.7591,353.7487,353.0633,358.5843,357.7118
365.3032,351.7025,349.1033,357.9178,354.8214,354.4130
414.3315,410.7550,410.6125,410.1882,409.4731,409.0615
379.2786,359.3295,354.9235,356.8168,358.1705,358.2095
330.8902,325.8268,319.9731,319.4553,323.4706,324.8314
387.6966,387.9941,384.2415,385.4695,381.4889,382.4227
391.2959,402.7301,401.6795,403.4120,404.9344,398.8004
380.8087,374.1440,373.4151,370.3232,373.9940,370.4796
415.7699,399.4794,402.9474,402.8953,396.2884,396.9174
375.8341,382.9339,383.2794,381.6315,381.1310,385.2497
368.1038,381.5125,385.0480,380.9460,384.9977,384.6106
333.5947,350.8332,351.4957,349.4791,348.0646,349.8164
399.3059,389.8617,392.5068,389.9057,388.4439,388.5817
374.0856,362.9439,366.2715,358.6945,363.0875,369.7264
407.4931,402.8354,406.3351,415.1171,403.7346,401.5339
404.1956,369.7955,367.9881,366.8739,367.6938,368.8469
403.6906,412.3051,411.0301,411.6449,413.4524,410.9973
422.8833,410.0205,418.5630,416.5224,416.4671,410.5528
407.0562,418.2802,417.8080,416.8436,417.6983,414.1334
393.6302,383.0835,390.3631,380.5123,385.8872,384.7964
408.8385,405.6307,403.0178,404.6125,403.9484,402.1195
330.3940,325.9058,324.4173,325.9813,334.0317,333.2793
395.8841,389.3733,392.7232,391.0240,395.1561,387.4018
404.8918,407.1368,409.2418,408.5852,409.3044,410.6752
360.0556,382.4322,378.9908,378.5860,379.9250,385.9456
454.8328,444.8516,442.7456,445.1701,445.7530,446.7113
445.8825,455.7122,453.3975,455.5800,453.3962,457.2496
429.4426,403.0233,408.8692,408.0308,408.1238,407.2993
320.4800,348.6672,343.5658,340.9887,350.6406,345.7157
384.3941,385.7768,390.8261,390.2846,388.9258,384.9193
380.0182,357.0832,356.5025,358.3748,359.0740,358.1495
444.1242,409.5649,415.9925,408.6900,410.3395,412.5825
395.6961,404.3984,404.1524,406.3170,404.5758,403.0528
387.7772,398.0739,394.8433,398.1768,400.7085,394.8044
397.4501,373.0360,372.8374,368.3354,371.9637,371.5917
351.7733,318.6212,315.0589,315.7865,314.2591,320.2209
417.3079,402.0375,406.4010,405.5279,405.2342,406.8195
402.5836,387.2629,386.7889,389.0196,383.1091,387.4635
388.0438,368.6905,371.3238,369.5778,368.7995,370.8851
362.2053,344.8756,339.5456,337.7253,339.9733,341.0814
362.3628,387.9767,386.4783,385.2608,384.3237,384.8115
350.0055,344.9682,342.4254,345.4556,345.9190,343.0396
346.0058,341.8862,340.5886,338.7415,343.7430,343.2084
385.1232,395.1840,392.3662,396.3976,393.4356,390.2779
317.4642,323.5970,319.0003,314.9713,325.0851,324.8567
350.6834,353.8048,353.2137,354.4750,357.0451,357.9800
364.4221,378.2965,377.7939,379.5708,380.4211,376.8040
343.8852,358.9598,359.4511,359.2648,357.7162,358.5108
411.8817,397.5048,400.7997,402.5199,400.6443,401.9936
360.9593,375.0364,371.7018,372.8933,369.3070,375.9010
380.1935,383.6415,388.3226,381.1867,389.3347,379.6955
370.4482,402.7025,400.2847,395.9803,402.8408,398.4546
413.3569,406.4700,406.4688,407.6789,406.9886,407.4758
396.8178,389.7349,392.8905,390.3407,392.5667,387.7635
358.4522,369.2177,375.5773,364.9851,371.8567,376.2450
359.0183,365.5861,363.0464,366.9495,364.5171,370.7593
404.0075,409.7935,404.1450,408.6916,406.6448,405.4944
415.9542,405.9693,406.5766,403.4028,406.6753,407.6486
372.0262,387.6067,390.4990,389.9509,390.7186,390.1026
375.9264,372.3909,368.2576,366.1696,375.0330,371.3414
345.8801,338.6246,339.6413,338.4451,341.9847,342.1430
366.0204,371.9777,366.4420,360.7885,372.8524,366.6483
348.7287,365.4315,361.6661,370.6558,365.0537,365.1494
367.2767,353.0337,351.3461,350.0554,350.1148,354.3353
353.2359,348.7820,353.2102,346.9507,354.9451,352.5971
348.6875,361.3544,359.5354,362.0781,357.4899,365.8775
383.2333,363.9700,362.5322,365.6271,361.0853,365.2443
392.0255,386.4196,385.4722,390.9490,386.5442,389.0269
464.8315,421.9839,424.6426,423.9461,424.4841,420.8458
338.0895,353.8481,356.4608,348.6868,354.7597,352.6336
361.2665,357.4700,358.0499,359.1977,357.4082,358.5468
388.2661,397.5177,399.4600,399.8075,399.9523,400.7732
391.6921,381.2712,385.5553,379.0685,386.8885,386.3445
348.7061,358.6629,362.2530,356.6884,358.1660,363.2928
422.9252,408.1974,409.1243,405.5560,408.9589,405.4498
407.4822,414.2491,411.2290,419.1220,414.0186,413.4525
369.5254,367.8645,367.3154,375.0953,360.8516,371.8960
405.2362,391.4069,401.1245,391.7714,393.9669,391.7137
412.3038,421.2691,418.8020,419.5471,419.6216,419.9894
401.2952,397.6687,401.6703,398.7713,403.0215,406.0091
381.8391,375.3212,363.6543,369.2356,364.3778,370.5232
364.5512,373.0459,374.7262,374.1078,369.3220,370.3037
296.6503,309.5541,308.9870,310.5504,308.7693,312.7660
382.1555,368.2778,366.6845,366.9049,368.1918,363.8474
397.6809,386.5874,395.0788,388.2230,392.9826,384.9830
332.5664,336.2183,339.9668,333.1426,339.2951,336.0023
399.7493,380.2370,378.6798,377.7728,375.4959,376.4109
398.6381,401.6214,399.5245,404.5424,400.2185,403.7578
403.7752,387.5055,396.2006,386.0786,387.4950,390.6485
374.0317,389.2408,388.2883,388.2664,388.6476,381.9609
367.6874,349.1308,349.4133,347.4356,343.2635,349.7747
404.2295,411.9433,417.0174,407.9742,409.3064,410.1849
392.7091,374.6571,375.1792,373.5188,377.2807,375.2011
364.4344,375.8352,377.8670,376.3150,377.1611,373.3172
390.7545,358.5012,355.3583,347.3033,364.3083,352.1869
460.5247,417.3578,418.9873,410.6815,415.1636,408.7188
307.5269,331.7692,331.7592,331.4180,333.2213,333.8367
355.1172,367.1124,362.1833,371.7032,361.6995,365.0234
373.3210,375.1254,375.5524,374.2555,375.8594,375.1311
348.9029,387.1672,394.2546,390.3619,392.2377,393.3687
393.6877,398.0502,398.1527,395.5475,397.9404,398.3111
354.5742,364.8575,366.5175,367.0511,365.7905,371.2924
385.4751,377.1322,376.6568,375.3253,370.1574,376.6902
337.6108,331.0924,332.3690,333.3227,334.8241,335.7546
405.8789,384.2042,384.9400,386.1447,384.7009,386.3019
373.8749,389.2224,392.0399,390.8826,388.2859,390.8062
381.8611,385.5842,386.4352,383.5925,384.4910,384.1291
373.4845,385.7022,385.7221,384.1205,380.3955,381.5794
335.3165,375.4766,372.9583,377.8894,373.7796,373.0813
366.3022,376.8790,378.4290,376.3392,373.9920,376.9052
417.5107,418.5573,424.3061,419.2349,421.5835,419.2141
381.9722,392.8356,392.4380,392.5021,390.3624,388.5923
390.2446,389.9078,392.3089,394.3064,390.3228,389.6226
365.0479,378.5553,377.1985,379.0512,376.3429,373.5922
381.2875,384.3574,386.4162,385.9570,387.8033,391.5557
422.5253,392.1130,390.3954,389.3673,388.9618,387.8065
293.2433,301.2869,291.0528,294.5898,298.2670,303.9432
403.5358,406.6220,408.3493,408.0332,405.0616,410.5852
393.4115,390.8366,385.6126,389.0541,387.5194,391.0518
409.5409,390.4541,387.6996,391.9100,395.6929,399.0204
354.4179,338.0775,333.9249,332.6960,331.9212,338.7202
388.2392,379.2952,376.8781,376.3927,380.1826,372.7259
427.6814,414.9696,418.7580,413.4013,420.0942,414.6424
391.0328,397.3177,406.1575,395.2433,404.4519,393.2803
411.3433,390.8839,393.5266,389.3074,390.2967,388.6883
382.2860,390.0739,393.1057,395.7800,388.7090,392.0514
376.7176,364.8599,369.7362,367.7002,365.7755,366.4809
405.4306,387.6824,388.9446,386.9319,384.7296,385.3237
382.3940,399.8113,397.9066,400.9213,402.5412,400.9828
356.2417,346.3529,350.2669,345.7334,346.9818,349.4047
379.4056,375.8329,377.5621,375.5470,373.5422,376.2505
378.3956,354.9025,353.2619,355.1887,355.3947,355.5925
348.4916,381.0921,380.1851,378.9917,380.9676,378.5117
378.8610,378.0853,383.1155,381.0832,382.2912,386.4391
414.6166,399.6428,398.6178,398.6273,397.4578,397.5915
312.2821,325.7297,321.9477,321.7657,325.0569,328.9751
416.0663,416.6446,415.3143,425.8912,419.1437,419.0842
400.2976,371.2211,369.1688,375.0403,369.1404,366.8967
344.7808,350.3808,344.5393,347.6531,347.0728,346.5544
384.5720,386.0725,393.1855,393.0974,388.6967,391.8633
386.8736,387.0363,381.9720,381.5495,385.7924,387.0522
423.0630,405.9691,403.7250,407.0247,402.9478,405.9109
452.0702,457.2345,458.9478,458.1689,458.9747,455.3839
344.1848,349.1794,351.0799,350.2114,348.2004,352.9704
367.7311,374.7914,374.2223,373.1261,371.8544,374.7226
354.2261,370.2612,369.3844,367.8290,369.9526,365.5526
423.9480,403.1871,409.5021,401.4487,405.7891,406.4084
300.4747,319.2673,318.8170,314.0476,317.4760,317.0159
354.6825,329.6837,327.6661,326.4663,330.3281,326.5151
375.9459,370.2671,372.4114,372.7018,375.8043,379.5142
316.0678,309.2060,301.5192,300.3360,307.8678,312.4373
323.6078,308.4187,309.9370,306.2835,304.9893,309.7706
341.3852,337.3831,332.8214,335.7041,346.3193,340.1748
443.0497,420.1996,414.9120,423.9834,423.3445,419.8179
388.9924,392.7567,395.6433,389.2388,395.9475,388.4874
336.4189,329.6294,327.7148,332.3395,326.4945,331.6717
344.0917,333.9784,335.1102,328.1152,342.5484,336.4875
328.2657,325.9749,321.4357,320.6860,324.9667,327.1876
368.8277,383.6941,388.5326,383.1089,383.0534,384.7576
346.1715,348.1636,346.0073,343.8240,351.4959,345.7158
350.1971,350.5823,351.7276,346.1785,348.4505,351.2672
338.2911,335.2784,327.7632,329.9800,332.2616,332.7464
346.5342,355.9501,357.0467,355.0384,355.6847,354.6010
395.7013,388.0454,387.7575,388.1436,387.7906,388.6922
356.0429,359.0894,358.8175,360.5125,364.2796,365.8956
358.5336,367.1782,369.9243,373.0546,362.2797,367.3053
349.6022,338.2204,334.7633,332.3483,339.6558,336.1459
386.6095,386.2698,386.0758,382.0560,378.8664,385.0727
393.6702,370.7971,371.5169,375.5141,369.4083,376.1554
355.6940,369.9904,375.5540,376.8817,363.6355,372.4638
363.8671,391.8998,393.3801,390.3657,391.7148,399.5630
348.5328,359.0093,356.1035,354.6393,359.3100,355.7635
327.2126,316.3984,314.3765,313.9157,317.0829,318.7282
336.8899,337.7798,339.1931,336.8256,338.3144,338.7479
363.4984,370.5850,367.4590,367.6564,373.8459,368.9939
345.2885,374.2413,375.6968,372.3016,379.5789,375.5356
424.8382,398.9516,401.5191,401.6053,398.5503,401.8557
307.4553,311.2789,310.4325,310.0617,310.0271,314.2005
312.4300,325.3041,325.2135,325.7676,327.2569,327.4997
395.7419,414.3280,404.2513,408.6264,405.6953,405.7232
380.1940,372.3890,375.4036,371.5612,373.2214,375.1035
389.9466,377.3676,383.0033,376.7886,379.7665,379.5070
373.7508,384.6455,387.9485,383.5498,383.6481,383.7314
345.0801,339.0917,335.7810,334.4181,334.8321,335.2621
327.9590,341.2666,342.1959,337.3666,339.4846,344.4222
330.2850,315.5455,314.7751,315.1974,319.6665,319.0179
422.7913,402.9888,400.4594,403.7293,405.9092,405.2893
350.0594,348.0548,346.8046,347.0860,340.8882,344.6519
379.2593,370.8501,370.7213,371.2348,368.1592,373.8092
335.2869,356.0848,350.1857,351.8657,344.1779,351.1483
352.8227,371.1105,369.9642,371.5123,367.6278,367.6465
394.0377,384.8526,385.5363,382.5949,386.9408,382.9353
388.0896,369.7159,363.0327,359.7152,368.7751,366.3989
330.6471,344.8073,349.5999,350.5533,346.9077,351.0553
336.5494,346.7241,340.2703,341.4966,344.5934,343.5005
355.7704,372.3637,374.0428,374.3458,369.4273,373.4859
392.9117,392.2378,394.1616,391.8329,390.5810,390.2033
433.6623,427.4484,421.8131,426.4487,423.1555,424.6943
425.9914,410.3824,414.6395,410.5676,409.7269,413.1004
369.1479,366.1335,373.2837,371.8004,361.5742,370.9371
427.5030,409.5826,411.2227,409.5091,409.3824,406.2166
376.9220,361.0501,359.4935,362.8826,358.4328,362.7029
313.7597,334.3549,331.2602,331.2426,335.0822,336.8074
349.0613,331.7643,332.4627,330.6292,332.3119,337.2136
395.5835,384.4364,383.4680,381.0611,384.9118,381.6368
455.5726,425.1633,429.9417,427.0808,425.8037,427.9842
376.4079,359.6835,362.8442,363.3792,363.2383,364.4767
432.2122,416.7331,420.8953,414.1193,417.3224,415.0760
334.6865,333.4900,333.9830,331.8895,334.1841,335.5115
361.8611,369.2209,368.3565,361.0814,363.2049,368.6333
415.8745,391.6313,394.3199,394.5794,390.7689,391.6267
361.8976,364.7208,369.4629,367.9818,367.3996,367.8612
416.9635,418.9148,413.8699,415.2216,420.1179,419.6070
338.0294,340.9492,334.4914,335.4503,339.5439,340.4520
328.9852,349.5152,348.2417,341.5135,351.3001,348.0134
341.5286,329.9237,329.1342,323.9404,336.6576,333.6760
388.3634,377.3924,374.9095,377.3060,378.6961,376.1217
450.0836,425.5913,426.7087,424.6588,427.5553,424.7637
390.8924,388.1179,390.9417,387.9091,387.2171,385.8092
337.6767,351.2767,339.3350,342.1570,345.9685,351.0324
377.8447,391.9682,394.9848,391.6886,393.9755,391.1422
407.8655,365.1212,357.7698,361.9763,365.7331,366.7849
349.9134,350.0080,352.7782,351.9814,350.6081,359.3893
368.1610,358.5811,361.1628,357.7384,361.2867,359.4543
384.7677,416.8379,414.3969,414.6130,414.8846,414.7480
371.6265,373.8309,370.1636,370.9956,376.5537,370.5605
353.2908,376.1486,380.5379,378.1672,377.4046,372.4424
395.0113,386.8368,386.6476,383.9571,384.1486,385.0377
376.9489,390.8688,400.0857,394.2036,393.7778,392.3904
326.2170,320.7789,321.3097,318.8622,321.7241,326.9269
319.9042,331.9184,333.9558,334.2968,330.9424,335.8850
438.3542,395.7049,402.8092,395.1023,396.6679,400.3928
376.1241,370.3160,372.0063,369.4043,375.1711,371.8235
323.5554,332.5541,328.2856,329.1380,333.7095,329.9715
305.2793,317.3385,311.2349,315.5287,318.5522,318.5543
352.2193,323.4778,321.0628,317.2564,325.6333,324.8853
319.5375,335.3377,333.0123,335.4152,333.0898,338.5998
358.8725,352.3755,347.4562,345.6157,349.8377,348.4137
367.5320,375.6868,374.0824,371.8116,380.2852,373.5237
384.6978,366.7566,366.9164,367.6642,369.5941,378.2028
376.6133,366.5045,362.8782,368.7524,361.9918,366.5634
349.9747,330.8395,328.7642,329.2565,333.5205,333.1188
364.5101,361.2051,364.7517,363.9981,354.8717,361.3222
389.7736,386.4682,384.3712,384.0794,386.3414,385.9744
375.1814,354.5627,348.6274,353.5345,354.4498,356.0645
362.0346,352.6978,357.0971,354.3239,359.3384,357.6583
317.2392,333.5355,329.5774,328.7087,332.4473,328.5481
429.6747,441.0410,438.2029,442.8853,440.7020,440.7396
349.3424,365.6113,366.7726,365.1948,361.3200,367.6514
312.7180,325.2834,325.3549,325.0980,323.4568,327.4846
351.2155,357.7939,357.6734,355.3734,354.6895,357.0662
385.6129,389.5523,390.8225,389.2786,391.3459,390.1969
410.7876,394.8422,395.8170,396.9713,394.9916,393.9264
328.1606,346.5437,345.2187,339.8076,342.2031,350.4619
369.9743,351.4213,349.7694,348.4500,354.1595,350.6315
451.2671,417.4951,413.4441,418.0861,416.3420,418.8267
322.2496,304.3471,300.0188,303.8577,306.6563,310.6758
424.5953,424.5797,415.0574,417.2827,421.8425,422.5192
348.6329,338.0939,334.1658,336.6960,340.8975,342.6665
347.2693,350.2246,348.7373,347.5492,348.9736,352.9830
397.6276,371.6140,373.9956,370.6042,369.1043,368.2701
325.8671,354.9723,357.3946,357.1201,355.6603,358.4680
458.4580,435.0074,434.0154,434.7384,433.1352,437.5235
400.7295,382.5805,382.6420,382.1566,386.4669,377.7076
354.1630,368.6773,369.2600,368.9573,370.1076,368.2023
377.9537,384.5194,388.6042,390.4674,387.2025,387.2216
408.1982,403.0260,395.7603,399.0962,400.8698,397.5086
387.4024,387.9286,387.7707,387.6874,386.9542,387.3932
361.7773,352.7180,352.2776,350.7976,352.9415,354.1777
409.1274,376.1812,373.4049,372.2362,369.8594,375.1282
369.8841,384.1021,384.6973,381.3732,378.9805,386.5645
380.3548,387.4627,386.2672,385.6717,384.0823,384.5704
396.7321,404.1686,403.8045,408.0154,406.2385,401.2550
385.8462,380.2527,379.9283,372.7980,384.2810,375.1429
355.9995,387.1571,388.2485,384.8954,377.2569,387.5498
351.6659,332.5050,335.1537,335.0881,337.3660,335.5472
328.7313,354.7949,354.7632,349.6881,354.9226,354.3716
388.6880,397.2939,400.3603,402.0327,401.3849,399.2015
352.1768,358.1828,358.9735,355.6924,351.1459,357.9797
321.4880,330.3233,329.1175,325.4566,326.8489,330.7455
345.3854,356.4384,353.8757,351.7579,353.1608,354.9330
439.9698,436.7473,438.2610,438.1360,435.4684,437.7219
370.3512,388.5115,391.1154,392.9211,390.7911,395.9774
351.3090,353.6428,348.2425,352.5082,354.4182,352.5047
419.2632,392.2291,390.8346,393.6074,390.5476,388.9609
369.6378,354.5549,347.2140,356.8053,348.3023,355.3573
354.0836,358.2430,360.8263,361.0905,355.3532,357.7497
375.2319,371.5008,374.3099,376.3391,375.0754,373.3374
342.1743,330.0011,332.3560,328.2851,330.6632,334.6164
409.8254,402.3104,405.9016,407.5350,408.0810,409.8261
382.1905,388.7893,388.6233,387.5576,390.1343,394.4482
400.1464,383.2112,384.7206,379.2504,381.7683,382.3172
358.7086,352.3180,353.2852,350.9954,351.9470,352.6485
417.5394,411.2151,412.0226,411.4006,412.6364,411.1714
370.6486,376.9462,380.1964,377.1141,379.7452,381.2557
375.1031,388.2764,390.3891,389.6938,387.5587,387.0996
346.5014,367.1436,369.3232,365.7128,366.6324,368.2005
425.9951,427.2155,421.0757,424.9436,427.1049,423.1671
401.4551,397.6754,403.2961,402.2155,400.6177,401.7172
394.4825,385.5606,390.4185,388.2045,387.1642,388.0049
363.9611,370.7636,367.0017,360.7726,363.7856,363.4401
372.1108,364.5081,367.6722,362.0270,365.4141,368.8369
343.0085,365.0308,369.4755,366.1747,370.8872,361.9001
381.3823,374.3177,375.6152,376.2940,367.7321,372.8492
398.5884,387.8316,387.1319,388.8170,388.7150,385.4410
331.1430,356.6399,363.1169,358.1000,359.0288,360.1284
356.6099,386.4690,384.7935,386.5971,383.5782,385.2232
353.5606,401.0237,400.0270,398.7054,398.4327,395.6069
368.5578,388.0954,386.7912,389.7938,389.2600,388.7751
349.3765,348.8571,351.4392,351.6953,349.1157,353.3053
346.6797,351.9936,351.6065,346.4058,351.3667,353.5110
390.0347,398.1653,404.6895,403.1577,400.4445,403.2051
347.9348,362.2992,361.5754,364.4028,366.4296,360.8995
377.0748,359.9654,362.6996,357.9862,360.6250,358.8963
393.0699,412.4676,409.9604,409.0309,407.7298,412.9746
370.6218,360.4081,360.5020,358.7595,357.0442,359.8043
356.2668,333.1508,334.2277,329.7309,339.7213,333.8192
364.0729,380.2397,374.9195,372.9879,373.3631,379.1718
430.5183,424.5487,424.5779,424.0497,423.6301,418.9274
371.6904,364.4471,360.6259,358.7628,357.4534,359.8673
403.9928,410.8502,413.1232,414.5343,414.6064,412.2345
397.9207,397.2075,409.2342,402.9252,408.1497,403.6308
369.5668,382.5872,381.5337,380.1066,380.8327,381.9473
357.6971,376.8503,372.6987,373.6188,366.5743,375.8965
400.7616,404.2555,407.0318,405.0332,412.1412,405.8419
382.5606,408.8301,409.6974,410.1176,411.4576,410.1039
414.1059,393.7326,400.8476,397.2768,393.5042,394.4579
401.0049,386.0367,386.3410,389.6473,381.0956,385.1310
416.0391,403.3734,405.4710,407.2170,406.2124,405.9302
330.0968,298.6743,294.9352,295.2534,299.2459,301.5198
302.6085,292.8194,287.3781,288.0967,292.0389,297.1320
381.7703,367.7187,369.8937,371.5531,367.9398,372.1303
416.9465,405.1738,402.2069,403.1277,407.5605,405.8306
362.7546,367.4905,366.1168,367.6933,370.4420,365.5713
361.5794,366.4307,363.5678,360.1395,357.7051,362.5935
364.7595,353.9031,355.6975,351.5790,354.9899,356.2497
408.5467,395.0428,388.5140,390.0233,387.3362,387.3227
356.1417,356.0546,357.4029,355.3871,355.1917,356.7285
383.2662,390.9367,392.4771,392.0636,387.3388,392.4109
335.5098,352.1937,347.3241,344.9052,349.7062,348.1526
349.4221,324.1300,319.8814,316.9478,320.0466,323.3616
341.0216,350.8403,351.6606,350.8925,346.0563,352.8191
374.3490,370.0767,371.5711,362.8667,369.1510,369.2297
367.8904,349.2652,350.6390,348.9340,353.6185,353.1896
441.8220,449.4258,447.0087,451.4768,452.3280,450.7338
348.0794,362.5585,362.9351,362.9922,358.4118,364.6555
397.6377,397.8172,400.4553,399.2484,398.5332,398.0839
402.1228,392.6552,395.3222,396.9772,393.5334,395.2626
330.3257,332.9319,330.4707,329.1900,332.7882,335.0984
439.0482,412.1010,404.4142,404.7743,408.3397,411.5720
368.6789,365.0491,361.4721,362.3383,360.3813,358.9312
352.1747,365.1452,363.8065,364.2721,360.2655,365.5493
391.0942,392.0021,396.4733,391.0378,392.6910,393.7727
400.8726,382.2545,389.2002,380.7906,376.6901,383.5983
381.4496,370.8402,369.9649,367.0367,365.8692,366.2658
386.0433,374.7018,373.2645,379.1659,372.1397,379.9954
364.8823,373.6472,374.7676,372.8558,370.6937,371.8546
385.1497,358.2165,364.4950,360.1713,371.0201,365.1077
323.5838,327.5746,327.9344,319.8154,329.7210,325.3174
414.4329,397.1065,398.7820,389.8828,398.5973,396.4433
414.6812,394.7880,401.1904,397.2526,395.7392,396.5501
445.5603,416.1054,420.9442,420.2991,420.0497,416.4575
419.3139,400.2908,402.5702,408.1669,405.8549,410.0881
415.5726,410.1713,416.4383,409.3645,412.4703,407.6260
344.6028,358.4111,357.8231,353.8034,360.0283,353.1927
418.8057,398.7653,400.4335,399.7459,395.7227,395.8077
417.3104,411.4332,406.5001,413.4563,410.0318,409.7535
417.0309,422.8532,415.9254,425.3252,423.8595,421.4585
368.6494,345.6868,341.8784,344.8767,346.4866,345.9840
319.4526,340.9243,343.0444,338.4388,344.0415,342.1219
329.3836,352.3916,357.1260,353.8116,347.8884,356.0884
405.3678,390.1236,399.8408,396.5067,395.1862,393.7040
379.3981,383.0417,384.3827,384.2442,383.9123,386.1509
372.1625,372.7207,370.6171,370.8237,376.5999,371.7144
358.5932,361.6554,360.8802,360.2560,358.3224,360.8577
421.5785,396.7188,398.5364,398.6526,397.7826,396.5541
357.1965,382.7164,386.8279,385.5714,388.6264,390.0105
360.9394,373.5635,380.4572,376.7778,377.2630,378.3425
366.9256,374.6513,370.3506,371.2130,369.2844,371.4824
414.5635,419.0076,419.0784,419.7378,419.7700,422.4833
330.3536,347.8929,347.0822,348.3516,351.5435,351.6640
358.3448,366.7307,365.0368,360.2689,362.3297,368.0252
425.5809,415.9709,416.0082,423.0594,418.9189,412.7521
336.1066,349.0102,351.1718,351.7646,351.9152,352.8608
389.5320,432.6225,433.9944,431.9000,432.6280,429.4773
374.7240,370.5664,370.4322,371.0964,365.0072,376.7010
410.8164,383.7130,389.6629,384.5194,384.3141,381.8864
415.3490,436.8697,429.9884,434.6490,434.0591,432.8102
362.1718,355.4854,358.9158,357.9167,357.5626,360.2297
419.8855,403.7216,407.1180,409.8962,405.5713,409.7618
327.4847,343.6133,344.7176,340.9277,342.6308,346.5351
395.5327,375.8442,382.8050,375.6324,384.9951,375.1858
366.3296,374.9628,371.3870,370.8864,365.0874,372.3099
422.7920,407.1526,415.1356,406.0428,409.2807,413.7851
418.8101,427.0735,423.0682,426.6579,425.2112,425.9655
342.8511,338.8789,339.6162,338.4800,338.0763,341.8234
326.6705,334.1100,336.5892,330.4738,336.4785,340.8412
407.2908,416.6580,417.3187,414.3734,416.6530,414.5635
370.2731,370.8382,368.3185,365.3177,369.4691,371.0909
364.2463,380.7715,381.9395,384.4877,378.8108,386.7886
377.0737,383.6364,383.8697,381.2486,378.7411,382.6275
407.1403,383.7545,387.5404,381.2630,389.2387,387.5814
373.8257,384.9957,385.7208,385.1635,386.9879,391.3857
318.2760,323.7290,324.2788,322.9363,324.4437,327.1211
388.6344,400.3736,400.3767,402.0206,397.8008,396.5251
392.7634,372.9865,377.1505,376.1174,380.5223,378.5902
356.8327,373.0753,367.1357,370.2657,370.6414,368.8651
405.2113,395.3277,397.8430,394.9334,396.7555,393.4775
442.9603,432.9135,429.5497,434.4700,434.1292,433.6910
401.3277,398.6959,400.0343,398.8731,399.6223,396.6334
368.5741,368.1644,361.7394,365.6491,365.0183,373.3849
311.2651,310.7766,310.7616,307.7820,312.1591,312.3485
376.2561,389.9499,391.4715,390.8635,391.5268,390.2987
288.4106,303.2190,298.2105,298.0857,305.5518,306.7055
342.4107,387.0556,391.5755,386.1824,390.9874,385.7905
416.5739,413.0894,411.5416,415.3235,409.1713,410.0610
453.2805,405.5654,411.7676,405.0834,405.0497,408.6418
393.7869,405.4182,405.8700,408.0863,405.6530,408.7892
359.9006,346.1935,347.8342,348.7457,349.3865,350.3556
330.9772,352.7052,349.4437,346.6361,353.4226,351.2296
384.8565,376.2545,373.2140,372.1083,372.3114,369.2964
410.9410,410.3240,401.6537,408.2973,401.4746,413.3961
363.2453,355.4196,356.1986,353.6603,357.5933,356.4789
331.3905,341.2375,344.1711,342.0644,339.9389,344.8681
427.9904,415.6231,418.2596,407.5965,417.5724,410.3154
334.3889,348.8422,347.2572,341.7248,350.3404,347.7708
415.0464,405.9845,406.4268,402.3718,404.6120,404.2649
467.0007,413.6631,415.0118,414.4220,416.6651,413.8866
382.1695,379.8243,376.4424,377.4062,378.4512,371.8276
383.5483,386.1996,391.7262,384.7635,386.1714,386.0067
354.6595,343.1819,343.4214,340.7919,342.5595,339.2093
382.0247,393.7739,401.1340,397.6917,395.7983,401.5679
341.7607,326.9629,322.9174,324.9952,329.6871,329.7305
353.4161,346.6479,347.1324,351.1602,347.7620,352.1730
340.9685,324.2926,320.6911,318.6373,324.7764,324.5543
402.9082,390.0101,393.6934,394.9595,394.4975,393.3992
396.2703,409.7061,414.1066,416.2239,413.0758,414.1613
413.2312,417.6358,420.0883,420.1879,422.7629,418.1393
