true,pred1,pred2,pred3,pred4,pred5
365.8869,388.1585,388.4359,391.6575,389.5612,384.7084
304.9546,311.8491,318.9098,316.0689,316.4930,323.6034
361.4368,374.1678,374.2140,372.0194,378.7738,380.0182
360.1403,375.3427,374.2630,371.2279,374.4796,373.7869
334.8007,335.8983,340.7873,340.6750,339.8548,341.2734
440.2627,416.1116,415.1227,409.1054,415.4193,416.5596
328.3493,335.5090,340.1192,342.3229,344.9320,338.1054
366.2561,367.9773,368.0207,369.6778,368.8041,364.3932
357.4685,398.1089,396.1593,401.1257,396.9836,392.3897
353.0170,356.6652,353.7985,352.3274,356.8042,353.8560
381.8796,365.2350,365.7790,370.8202,369.3814,366.4081
359.5296,353.5605,352.0189,349.3007,349.7278,354.6039
355.4878,352.2302,352.3361,353.3488,353.4400,356.8697
374.8454,354.8830,352.6771,355.3293,354.2725,358.0427
365.0687,381.9775,383.4290,378.6185,375.8086,380.8633
363.4244,348.1344,351.4150,349.8715,350.5743,349.7555
347.2417,350.2795,346.6211,353.1042,344.9985,351.5707
355.1904,367.0395,364.6744,366.8037,368.2829,368.1685
368.0445,367.1980,367.7643,371.4383,370.6929,368.9758
375.3332,395.0756,396.8975,396.0716,395.6413,393.2703
396.7330,391.1846,391.0138,392.1556,397.7172,393.9565
363.8777,352.2906,349.0049,345.3786,349.4480,347.5436
374.4044,387.3139,386.9232,391.1273,385.7106,391.1147
389.3313,392.3852,395.8030,390.5126,395.7702,390.9615
349.9657,374.4317,383.2471,378.9900,377.3186,380.6636
424.3187,415.9167,411.2081,417.0712,416.8726,416.4493
315.8220,351.3780,350.0175,353.8651,349.0835,352.0566
412.7356,403.9709,402.1165,398.1549,398.4927,401.4542
388.4928,369.5545,369.1427,367.0427,367.1516,363.2327
352.4738,377.4461,373.1818,374.8258,373.5965,372.8062
413.2829,390.0583,392.5413,389.3772,392.3930,390.1804
397.2378,365.6036,364.6699,366.9451,362.3128,362.7653
400.5688,407.3982,411.0627,404.0045,406.6098,404.9314
355.3838,365.6477,369.3274,365.1700,365.7728,364.2639
405.8914,397.6558,402.6252,404.4085,401.9101,403.7935
403.2814,385.6568,383.1777,384.0813,379.8299,391.5263
399.4342,403.4648,398.0012,398.5046,397.2323,400.3484
387.8970,386.3809,385.7616,387.8283,390.7029,393.0626
390.1959,399.9465,402.2110,401.2219,398.1181,401.4517
361.7298,374.7059,372.9366,375.7055,370.0802,375.1620
343.0489,342.7004,338.7396,343.7826,341.2682,332.2304
353.5444,358.1504,357.7745,354.9388,361.7544,357.3919
320.6480,319.8249,322.8624,317.7017,322.8009,318.8910
420.4463,426.8441,427.1105,421.4990,422.7592,423.4229
399.9127,413.5862,415.1025,414.4543,412.1996,410.2992
398.1201,366.8042,376.2000,367.5046,364.2662,372.2530
377.7695,411.5184,409.5436,407.2225,404.0050,408.4857
375.2797,352.7981,353.3590,350.4996,353.2400,354.0847
385.9886,368.3711,365.4707,376.1126,371.4036,367.8170
395.2118,399.0445,395.1192,402.1357,397.0482,400.9387
362.2159,369.4087,365.9513,363.9989,369.5352,368.2938
378.6614,407.7551,401.8129,404.3703,403.0384,408.0095
403.7501,401.2031,402.2769,396.0759,397.2870,394.9249
374.8107,370.8806,369.1973,372.8807,372.2068,366.8969
346.5289,350.7683,349.4908,348.8884,346.4411,348.1562
382.5116,389.1935,393.6774,390.3087,386.4068,388.0920
464.9492,402.4772,397.4746,407.7580,407.9505,399.6543
366.4073,366.1507,366.9065,368.9896,367.0128,368.5320
347.0274,343.4066,344.8912,346.0147,345.3737,348.0757
303.9433,335.2664,334.0095,338.6814,335.4026,328.5676
304.1231,334.5589,333.1837,339.9899,340.3825,333.2612
355.8657,345.9178,354.1951,353.9233,347.7209,346.8009
380.3600,372.4882,372.7341,372.2827,369.2392,373.4554
385.2401,391.8611,386.3434,388.7790,389.9166,388.8486
345.8794,372.7841,370.8286,374.8717,373.2898,375.3411
389.3929,366.6074,366.3652,368.8385,365.8948,367.4075
367.4385,370.7961,368.9163,370.3494,376.4206,371.5049
348.1308,351.6924,350.9520,349.7459,347.9939,349.8381
457.0824,444.5011,440.9792,445.9122,445.8292,444.3769
384.0455,383.8423,383.2582,383.8790,383.8031,385.5453
376.7895,375.5778,372.9996,371.7055,378.5075,369.7316
429.2498,426.8323,420.6126,423.0799,426.5897,424.8425
424.9001,404.8548,413.2570,408.4015,409.7642,411.5761
361.0049,354.5428,355.3749,354.6455,355.1471,353.5245
349.5228,356.1235,359.6299,353.7424,355.6711,347.0800
354.5451,365.9092,355.5340,356.8369,367.3805,359.2280
407.0773,409.8272,408.6193,413.1794,411.4755,416.1891
412.2755,382.8943,385.1669,385.2613,391.7315,387.6762
318.1252,320.0964,323.1697,322.8556,321.1961,318.4362
401.4236,390.4774,385.5565,389.3082,385.7937,388.1342
375.6948,372.0827,372.3222,370.5619,369.1023,369.2702
361.4283,368.4612,363.4753,367.0831,360.9173,371.1333
378.8628,397.8106,396.2641,396.3652,396.8394,397.1585
328.7551,319.9747,319.4246,320.2388,316.3222,316.8567
370.7069,362.8387,363.5521,362.9831,360.4853,363.9504
369.0240,354.1665,359.6337,357.2969,350.9307,355.9463
418.0223,398.8315,393.8983,399.8681,395.5370,394.6424
364.7038,362.0900,359.3436,358.8373,354.8841,356.9690
284.6487,286.0816,285.8108,285.9204,290.4757,282.8660
373.2122,380.9319,381.4891,385.1754,384.0946,386.9711
372.8172,377.0616,374.0655,377.1065,371.6362,376.0359
339.0893,332.6086,331.8517,330.4734,333.0643,333.1648
314.0930,331.1086,328.7994,324.4460,332.8185,327.1115
404.0524,414.4360,406.3910,412.8561,410.1068,413.7667
391.8366,385.9074,388.1178,390.2504,382.8062,387.8493
434.2352,395.3356,408.5392,400.1281,398.3111,400.3212
402.6675,401.9254,400.5053,402.0707,399.9102,405.8708
323.7092,307.7962,306.4055,307.5328,309.7669,306.9248
341.4188,368.4443,368.4312,366.4464,368.2982,368.0191
359.5291,365.5850,361.7285,360.3501,360.3536,363.6194
405.2156,391.9167,390.8865,400.3145,395.4428,395.7399
349.4491,341.6917,344.6297,344.0933,345.4902,343.9594
357.5126,337.8610,337.9132,336.0827,337.1581,338.1826
357.9363,348.4379,345.1758,349.1806,348.1666,349.0351
358.2825,362.0278,365.0578,365.6948,363.4297,363.9114
425.6635,421.8580,423.4333,419.7436,423.2516,423.2620
357.8849,346.8848,345.7648,348.1600,347.6429,343.5027
346.5661,351.0382,352.9557,355.3461,357.6295,354.2414
378.7821,359.5389,356.7573,357.5710,356.2209,357.2075
345.3776,356.9039,356.6971,355.7943,353.8074,356.9595
361.6039,348.4864,352.6211,350.4782,350.9891,348.7266
422.5579,418.2101,411.6603,412.6662,410.8442,411.0631
353.3279,364.6860,368.5875,363.7531,364.1931,365.0441
360.8554,345.9052,350.2037,349.5459,356.4270,353.3047
364.3870,358.1923,354.5963,360.3677,356.5978,354.8595
320.5901,316.7319,312.2041,312.5931,315.0004,317.3256
348.6086,375.6989,376.8615,378.3869,372.2239,373.6599
355.3059,350.5808,352.4380,349.7685,353.1286,353.2076
335.0648,308.5684,304.4885,304.5858,311.6100,309.5524
347.3893,355.7778,358.5459,359.9295,362.8216,353.9248
403.8575,411.7598,417.8366,411.7289,415.9166,413.5742
362.5101,358.1206,358.3312,361.2529,358.0433,359.1520
355.4041,349.6037,348.2148,347.9471,347.9495,346.2715
382.7211,379.8770,377.1356,381.6489,377.7357,380.4388
359.3783,372.6897,376.9464,379.1999,375.6431,379.3977
325.5642,343.8595,346.3616,346.8659,341.7938,344.3569
365.5638,360.8367,360.4937,363.0677,360.4847,360.8323
337.3747,356.3012,354.8126,354.8058,354.1096,355.8348
322.8951,351.2035,354.4155,350.8733,348.4412,347.7445
371.9296,365.9538,366.6366,368.5416,359.4698,365.3329
425.3818,399.0622,407.8041,401.7287,398.9799,407.6268
413.1340,388.1211,386.1997,385.2576,390.3773,390.1259
357.1761,349.3650,352.4260,349.9990,347.7231,349.7053
384.8420,401.3353,399.3424,404.3791,406.5950,404.1808
352.1765,364.6151,370.2370,366.3916,363.5755,369.8255
415.8567,402.2345,406.3896,404.2085,406.0840,402.4487
378.3047,375.8219,374.7914,370.4267,376.8370,370.9929
359.0278,372.5740,371.3247,378.1250,374.1062,374.5835
392.6890,392.2504,400.5023,397.3544,396.0054,400.4194
366.2897,391.1771,389.8140,389.3278,389.8983,391.7757
451.0723,454.2515,456.8212,462.0348,456.4108,453.6406
333.9749,333.9981,333.1112,339.9832,334.0864,333.9989
378.9802,370.7162,377.9852,372.6579,374.6156,371.2820
387.2476,398.4002,399.5384,397.4064,398.7116,398.0180
329.6472,333.4462,336.0050,336.4696,334.0879,337.4761
412.7570,381.0900,389.5035,388.2545,393.6627,392.4970
338.5426,354.3747,355.7278,362.0508,360.6181,361.5800
327.1659,348.1357,348.9120,349.1869,356.3027,345.2778
361.4134,351.2235,352.7630,353.6194,348.3663,353.3843
417.2831,403.8826,406.3005,404.4618,401.4302,403.7544
326.7397,333.5406,335.4986,336.2325,339.2092,335.8335
381.3500,394.5030,383.8969,392.2402,391.9648,391.3732
349.1378,361.2864,364.1852,361.2758,359.5264,369.3224
374.8020,336.2932,335.3302,339.5239,338.7567,338.0366
364.7476,370.3431,367.8971,369.5139,375.5280,374.5018
400.5425,390.2438,391.4207,392.3153,394.5210,388.2658
362.3399,352.6518,352.3316,362.7046,352.3624,352.5802
307.7736,309.6314,309.9350,307.4140,309.0585,313.2618
345.3514,349.5898,344.0863,340.8156,347.2782,339.3463
384.9469,360.8555,365.0697,362.7904,361.5796,361.7067
372.9104,379.8956,383.8162,374.5120,381.6684,375.5398
424.8430,413.3067,418.7250,419.8705,417.6235,418.3709
358.9048,394.3026,394.7125,394.2351,387.4255,393.5044
382.0342,366.8149,365.6988,367.3378,362.9497,363.7666
410.2156,376.7288,372.6046,373.0588,377.6869,373.3037
389.8250,384.4226,383.3785,384.1588,383.2892,384.2692
384.4678,390.8423,390.1629,389.2192,392.1505,392.2831
370.4893,369.2782,369.4276,368.9149,367.9750,371.2178
329.3868,351.1419,354.2566,356.2883,353.6525,358.0749
338.8836,362.0477,363.9541,360.9776,363.1694,362.3554
354.6228,365.2667,363.2001,367.6268,366.4053,364.8370
381.6585,358.7520,361.5168,364.6308,359.8417,363.5042
364.0704,371.8642,362.3204,367.1546,365.3986,364.7248
385.9146,372.9782,373.3095,379.7176,380.3196,374.5219
362.5056,362.2730,358.1372,362.0056,360.2190,360.8653
362.0886,365.5581,368.5447,367.4878,362.5846,361.0558
301.5669,328.0517,320.4268,327.8031,326.2769,318.0961
343.9311,329.5442,331.4156,333.2771,336.1407,335.5585
409.2632,402.6714,403.1890,400.0219,398.3616,400.8718
387.1096,379.6173,380.0896,380.3956,381.0372,383.2862
364.4320,365.1485,359.1185,370.3395,363.6835,363.6207
390.9021,385.6802,384.5449,383.5050,386.2669,382.6900
375.1960,348.3791,347.0132,353.2893,351.6325,351.5296
366.4759,375.0890,373.3260,373.2836,368.6967,370.1702
391.8535,397.5535,402.8460,398.8557,398.6122,398.7056
375.4025,382.5838,385.4103,385.6203,381.2351,381.7804
365.5553,366.7735,367.6181,368.6052,363.6185,367.1574
345.9357,331.6094,333.8977,328.3909,330.6251,331.2486
364.8823,390.3854,389.0443,389.6164,386.2738,392.6048
394.2209,428.5351,430.6410,420.7867,421.5386,436.5280
339.9549,378.5188,378.1277,383.7375,375.3868,376.9308
356.8762,351.5491,351.7725,354.2314,355.9369,354.0762
352.6619,366.9994,368.9536,364.9138,365.4018,363.6895
403.8356,386.2843,385.7571,383.1605,385.3834,383.4219
371.2714,374.4839,373.8123,374.0838,370.2334,373.9718
324.2331,332.5419,329.6116,327.1922,328.8768,330.6994
371.5664,377.8439,379.3253,378.4000,378.4427,380.8734
375.8040,382.8912,381.2897,381.8586,382.4817,385.0811
419.2188,414.2632,413.8399,409.9929,413.8554,412.4334
399.7086,387.5983,386.1394,393.0721,382.7852,389.8344
336.1636,341.3210,341.6136,342.4558,332.8648,342.4723
351.8301,340.5141,340.4328,339.9636,337.3051,338.4567
345.3129,351.0688,352.8479,349.8512,350.9801,351.3126
370.4522,374.1030,366.3895,375.1850,375.1645,375.2646
326.2016,340.9329,340.2148,346.0832,344.8135,345.7064
373.1503,391.6034,389.8899,386.3275,394.1908,389.7292
336.6978,358.8748,355.7865,360.1938,358.2646,358.7546
383.9481,363.1940,361.9339,359.6469,361.3803,361.1577
425.9159,409.3967,412.9135,403.2299,412.7268,407.7695
374.6071,409.8079,413.7829,411.2439,406.5314,404.2593
363.4223,375.0198,378.6059,386.7226,373.3103,383.0188
387.9665,426.4647,424.5074,427.1022,429.6443,430.4945
317.7579,334.4376,334.3606,341.4765,342.8141,332.9153
413.7970,425.2097,416.6059,419.5756,417.5954,417.8948
377.1683,361.4651,360.7797,360.0499,356.4569,362.6176
429.6471,383.4083,385.0857,381.4807,388.4676,387.4450
338.3951,358.3117,356.8141,357.7318,357.9892,357.2916
402.9571,394.6338,390.1026,383.0896,387.0410,385.7817
389.5283,372.1571,379.1018,373.8897,372.5741,374.0637
385.0651,363.8924,363.8956,363.3292,364.8325,370.5327
415.4007,443.5037,437.4687,435.5717,445.0124,442.3567
384.9950,380.9491,380.9539,381.0090,382.6050,382.5077
393.7680,399.5999,401.9138,401.4551,400.1260,401.0925
390.9168,396.0012,392.0471,395.6831,394.7804,389.8391
408.2911,359.6848,363.0565,360.9257,361.8566,361.8402
373.1846,379.4301,373.2535,379.7946,376.6780,374.1864
365.3988,354.7450,351.4011,351.0359,355.0244,352.7405
382.4508,402.9086,403.1054,403.6363,406.4509,404.7550
403.7451,391.7261,394.8470,398.4753,396.4000,396.1698
344.8750,338.3210,337.2905,342.9185,337.5303,341.5368
349.1747,359.0333,360.9697,358.4577,358.1361,359.2274
404.9376,388.5433,384.1415,383.9235,389.6679,384.5335
414.5835,393.9939,395.3859,389.2475,388.7265,390.0259
418.0542,412.2518,409.5903,414.0638,412.1894,410.0206
365.7415,375.4291,377.0830,374.1387,375.8353,372.7639
369.0511,370.7852,371.0985,366.9336,367.1771,370.9505
334.7041,330.7867,323.6932,322.4250,328.7329,324.6074
399.1427,403.3881,400.3348,398.9627,401.5780,401.0580
407.6526,425.9330,423.6714,424.8248,426.1273,426.9793
387.5333,386.0048,379.2889,387.2462,382.1312,377.5121
379.1042,374.8378,376.1707,375.4169,377.0164,377.1311
427.7039,399.8487,401.2138,397.4274,400.1495,400.6895
321.4124,321.1866,324.3485,324.1789,317.4781,322.3829
424.5541,389.4298,390.2119,387.7713,395.5419,395.0851
323.7962,352.3050,357.7374,354.8749,359.6952,359.5040
361.3990,357.9147,360.7254,360.6827,364.8547,358.4582
354.2566,350.4999,351.7686,350.9435,352.3705,349.6759
406.3896,416.4714,414.4513,413.9463,415.2581,418.9429
333.7121,337.2118,338.7009,335.1831,339.4373,340.8679
400.6855,398.1185,402.6546,398.5590,401.4288,401.4672
393.6313,400.2789,405.3256,396.8627,393.2816,404.1800
412.1054,405.8675,410.0574,404.0171,409.2129,403.4695
396.1976,379.8495,379.5809,382.6028,381.8794,376.9252
382.6242,414.8961,412.3478,416.5311,412.9118,417.8143
408.0822,380.3090,380.2571,381.5588,381.1835,379.6446
368.7559,357.6120,358.7237,361.0290,358.4497,358.9299
350.8588,354.6350,357.1963,353.8954,356.4751,359.2760
404.0605,393.3807,383.7061,382.9577,385.2345,384.7842
396.0917,382.6114,384.6752,380.4453,379.3020,379.5562
343.2159,352.3243,355.3680,355.1019,357.5246,359.6707
351.0901,371.2899,370.1290,375.1407,377.7860,375.2093
305.0436,304.7528,303.0441,304.3044,310.5906,306.4663
384.0977,376.8627,379.2112,374.6081,377.5708,378.2983
365.4428,345.0028,345.8756,351.8329,345.1298,346.3092
411.8357,399.3892,403.1220,401.6041,406.1603,406.9161
370.9799,334.2214,337.7678,340.2374,336.8621,340.3554
367.6002,386.8837,387.4178,382.9266,388.8517,381.6048
388.7115,365.7572,365.5179,364.6057,368.8467,366.9308
373.7783,367.4698,366.7466,373.9498,370.9977,375.3996
380.0109,376.8660,376.7695,378.7558,372.9143,377.4839
376.0379,371.0020,375.6478,374.4909,372.5530,375.9318
351.9006,333.8517,335.3683,335.6590,333.8155,340.1370
405.3966,408.0407,411.8992,409.9846,411.6992,414.7367
397.5981,402.3050,403.2151,401.1160,402.3788,402.4495
452.3468,419.7985,415.9620,417.2540,413.3993,414.0417
368.8198,375.7872,372.7760,378.1092,373.7700,370.0458
423.6574,389.1627,402.3969,382.8539,385.2228,390.1349
390.8492,385.1628,386.5282,384.4248,389.2724,383.8991
341.9593,347.5273,340.7727,340.5597,343.1201,345.9845
399.1775,390.9590,372.7925,386.7486,385.3496,382.5505
370.8759,341.4892,342.2278,342.9592,343.0216,341.2750
406.5178,412.0324,411.4111,405.5880,410.1050,406.3691
384.6660,378.2575,381.2084,387.9212,372.8031,381.8558
341.9203,350.2612,351.8252,349.0396,348.5268,347.6287
376.8961,377.2901,378.3499,379.1088,382.5416,376.7996
386.4172,379.3084,379.2616,379.1343,375.5009,380.3009
382.6672,398.7858,399.3897,400.1809,400.2835,396.7012
444.0641,399.7404,403.6913,401.4887,400.9229,397.2152
385.9106,375.3640,375.3302,374.9451,372.7326,368.7480
389.6926,395.1515,396.3698,398.0086,392.1176,400.1174
406.8261,387.6858,401.7310,394.1863,401.2129,405.4626
348.2347,394.3976,389.8172,389.0175,392.0803,393.2163
344.9959,320.9608,325.8274,326.8866,318.7449,322.9986
335.9935,346.6521,345.8293,349.0408,354.4501,353.5276
417.0582,393.2282,392.5432,391.9335,393.0069,389.7753
439.2402,428.1076,428.8035,414.0515,421.8251,428.3254
409.5665,405.7406,404.6869,406.3803,411.0381,407.0296
375.6293,375.4738,376.5348,375.0995,374.9973,373.8915
415.0702,383.6087,385.4234,382.2231,383.7437,383.8047
362.7017,407.1031,408.7976,404.8742,407.0410,415.1757
347.5249,345.6521,351.1815,352.8887,348.2907,344.7095
366.8278,351.5270,348.6434,349.8429,346.3272,352.1037
445.5325,421.9483,419.0207,419.9108,421.7979,423.9887
404.7265,387.1850,389.6538,386.6164,388.5513,390.7473
382.7591,388.5283,393.1715,391.3681,392.9354,395.9703
358.2732,335.8695,341.3604,335.8013,343.2418,346.5301
364.2971,353.2664,355.8311,359.6076,358.6156,355.4922
367.0015,384.8369,385.7522,386.0431,387.2203,383.9664
351.6888,347.4058,345.9106,349.0098,347.2858,347.7134
372.9944,359.7743,359.9848,362.8841,359.9658,359.5921
346.0661,335.8208,336.3332,330.2703,336.4645,336.1786
406.8812,429.5300,427.2120,425.3449,426.8053,423.4748
409.0624,413.1592,409.7330,413.7506,410.5899,409.5197
362.6234,343.3530,344.6359,345.2455,346.6581,347.8454
420.9360,396.3149,404.0249,396.7536,396.8488,399.4122
346.0428,358.9309,353.4644,352.2760,349.7745,351.1154
346.9768,365.8596,366.3778,366.2701,362.6854,363.2080
388.5659,372.5004,371.9233,369.8448,371.5847,373.8506
386.8348,392.9001,390.8330,393.2388,390.2406,389.5483
351.3013,360.4848,355.4258,362.3881,359.7448,358.2006
365.3049,370.6057,371.0402,370.6618,367.5498,369.0732
359.8166,375.3305,372.9658,371.4568,376.2829,376.1594
409.4993,406.5093,406.3370,415.5074,409.2678,412.4121
373.8365,359.3165,360.1963,367.2719,357.3862,357.8578
368.5117,354.1535,354.3027,349.2319,351.8754,354.2173
393.6119,372.7905,373.3097,376.7499,371.1306,372.0062
368.4081,368.6249,374.2317,368.9715,375.1964,367.4996
325.7841,320.4028,320.4469,317.4741,324.8626,320.4640
376.8631,397.7480,398.7201,393.6178,391.8888,397.5733
385.5976,380.1683,378.3938,374.3705,377.1964,377.7516
398.8112,383.2652,386.0651,382.1165,385.8042,385.8407
408.1053,396.3293,392.7665,394.8052,395.3711,395.2259
326.5472,349.7027,340.6005,338.5099,338.9004,339.1921
348.1256,337.3472,339.2272,340.3748,340.6789,342.7405
354.8834,366.3604,365.8103,369.2292,365.4809,367.0603
376.2719,384.5783,387.3866,388.7773,382.1551,388.6218
361.7102,366.5784,364.7511,368.9719,365.8630,369.6535
454.5593,417.2443,422.9062,417.0178,417.2626,423.7869
359.1407,372.2904,376.9207,376.4308,375.7092,377.0409
361.5575,349.7168,352.8851,353.3396,346.0094,353.2854
372.2687,398.2973,402.3024,401.4192,397.1250,396.6169
350.8551,350.7643,349.4722,352.8735,351.7636,348.5311
399.6580,399.0432,400.4360,398.1366,398.2952,395.5143
322.1763,321.3483,323.4265,318.1897,316.6125,319.5480
393.9518,379.5626,379.6135,383.4929,380.3482,378.9268
346.6352,351.7865,353.0667,349.7854,357.8804,350.5169
368.9288,353.2729,353.2459,356.2890,352.1972,360.8493
363.7607,368.3246,365.6119,369.0505,370.1618,368.5268
338.6794,329.1382,333.7799,334.0890,332.0904,334.3059
375.5712,385.8848,393.3061,390.1469,390.2455,392.6927
369.3559,369.2268,370.1544,367.0983,370.3395,368.1220
338.0971,346.7107,345.8814,350.4478,355.1651,350.8476
348.2012,334.8307,339.4425,337.3198,344.7934,340.4235
424.1903,407.5985,410.2746,409.6984,408.5659,405.3605
376.8390,389.6059,391.1679,391.7226,387.9219,393.4462
399.9856,389.7316,392.1517,390.4261,396.4488,389.2554
363.2286,343.2036,338.7519,344.8646,338.3312,343.9948
341.8489,322.5972,317.6329,322.9439,319.6543,323.0947
347.0988,372.2494,380.2044,377.3586,381.4336,374.9734
428.4992,407.1649,409.5772,406.1578,405.2288,407.2259
442.4280,420.1833,417.3712,417.5511,417.4197,412.0131
390.9590,369.8350,366.0445,364.6024,368.8514,367.3257
378.6525,383.1698,383.9297,383.9521,381.3832,383.1586
370.4661,359.3410,363.4033,359.9603,360.7133,360.4698
340.7944,356.0621,351.0596,349.8781,350.1846,357.1850
383.3762,380.2295,373.9983,377.1437,377.5792,374.7857
334.9752,343.5081,346.7853,352.4248,349.0758,343.9339
361.9135,376.1756,379.7288,379.6958,379.0894,374.9489
392.5949,372.1403,378.0656,377.6711,376.0439,381.5960
341.8390,359.8803,357.2938,355.7745,358.5427,357.3627
392.2327,383.7601,377.0239,381.9377,384.8709,384.7633
359.3600,365.3369,366.1385,362.1257,365.1555,366.4489
399.7080,391.8838,388.4420,388.2164,386.6266,393.5189
399.2041,386.0156,382.4995,386.9152,369.8249,390.2607
350.7068,361.7848,356.0213,355.7179,359.4114,353.1329
415.8977,408.5716,414.2659,409.6766,414.7077,415.7768
376.1487,396.7577,394.7304,397.3650,395.6239,393.5468
382.1525,360.3702,362.4922,364.7449,363.5798,361.4401
409.3721,384.1823,383.5875,384.0853,382.8952,386.7842
361.2283,365.5842,365.7063,358.9948,360.7042,360.1510
417.9668,400.6724,395.4165,395.2710,397.2185,398.9627
394.9504,391.5620,381.6007,385.7712,391.3111,388.2435
395.6225,393.1460,391.9306,397.4767,394.2032,389.4853
369.0938,357.6070,361.6863,355.2046,354.5274,356.2946
331.3340,355.0794,354.6930,355.6743,351.1304,356.2436
364.0959,366.7741,365.6952,361.5267,362.8308,368.1300
333.7089,367.8117,371.5218,368.0717,366.1094,373.8191
370.5301,380.9498,375.8133,376.4657,378.5946,376.1410
392.0918,402.0899,400.7971,401.0314,404.5891,402.8223
313.0561,326.8087,324.0229,319.9933,325.5014,325.1574
356.1170,347.8217,350.2250,350.0885,348.2752,346.8342
394.5428,380.8786,382.3963,378.9156,379.6969,380.0321
388.8035,375.6826,381.9520,371.2406,369.8607,373.5672
362.9695,379.8959,378.0309,379.5947,374.4796,382.4925
337.6411,354.7437,354.9206,356.7846,352.7417,355.6920
365.1862,360.5620,361.1487,361.4173,364.9514,358.3318
408.9071,406.7262,411.2867,407.7762,406.8935,407.6340
382.1131,380.5723,379.1351,382.4774,381.3081,386.1892
364.4072,336.4751,333.8889,332.3491,338.9768,340.1749
348.0411,365.5336,363.2472,366.0345,368.5829,365.0487
366.7114,367.3829,367.0557,362.8364,368.0376,364.0595
371.6198,384.4088,381.4422,384.4317,380.3890,391.5335
352.6716,352.9356,353.4635,349.8915,352.2515,350.0915
375.6361,377.3781,379.0262,376.7197,380.3106,378.6289
339.2495,354.5337,368.7993,365.9574,359.5044,364.6278
355.8145,355.6125,351.9840,356.7118,359.3979,353.2833
365.3032,345.8769,347.3555,349.1025,347.0655,347.3800
414.3315,407.7457,405.4231,400.6973,402.7357,404.6677
379.2786,354.3367,353.9016,350.8012,351.4338,356.1335
330.8902,325.2104,326.2933,324.2062,325.9647,326.8309
387.6966,387.4163,385.0228,384.1586,384.4350,383.8506
391.2959,411.3942,405.0727,404.5298,401.5814,404.8877
380.8087,376.0510,380.6178,381.5871,378.3354,381.2756
415.7699,407.8588,410.4486,398.1107,404.7826,407.0734
375.8341,378.4015,381.2845,380.3894,383.1176,376.7060
368.1038,376.4451,378.7525,375.8046,378.8053,378.0003
333.5947,357.2567,361.9114,358.0451,360.8939,360.3677
399.3059,390.2606,393.6770,393.9195,390.5696,393.0298
374.0856,366.6594,366.9428,365.0174,369.0523,368.2939
407.4931,383.6929,397.7274,397.9219,393.5414,391.9457
404.1956,370.6076,365.6904,367.1330,366.9800,368.5740
403.6906,414.6349,419.0188,415.2465,413.3105,414.2686
422.8833,407.0519,406.0712,399.8304,404.5582,407.4076
407.0562,398.9798,404.5667,405.5492,404.3139,402.8213
393.6302,383.7401,381.2062,382.9287,375.9256,387.1457
408.8385,406.8605,411.5164,404.4773,399.6595,409.2915
330.3940,326.8314,330.4398,336.0719,335.8192,332.1389
395.8841,379.7032,384.8755,378.4230,379.9551,382.9926
404.8918,407.8239,406.0864,403.7064,406.7788,402.1581
360.0556,384.0257,384.2459,380.3395,385.8483,384.6571
454.8328,446.3709,447.1092,448.6616,442.3851,448.7976
445.8825,449.0457,452.3902,449.4089,451.7281,446.6708
429.4426,403.8641,406.4321,405.9594,404.5518,405.5543
320.4800,332.6349,336.3702,336.2167,331.1050,333.8002
384.3941,380.2723,385.7759,388.9979,378.9330,385.3790
380.0182,350.4140,357.1084,355.2511,349.7555,351.2691
444.1242,417.1621,410.3146,415.0028,410.7219,412.6999
395.6961,411.7847,407.9590,405.4903,409.3060,409.2511
387.7772,403.0057,400.2234,401.7412,405.6430,400.8221
397.4501,370.8705,364.9743,370.8371,367.6351,374.7252
351.7733,315.9526,317.8995,314.1322,322.7074,312.2630
417.3079,398.9189,395.7057,398.1893,400.8195,399.4901
402.5836,378.4884,381.4545,388.9894,380.6751,383.8967
388.0438,374.5423,372.6022,373.1030,374.7508,369.9882
362.2053,336.9765,337.1455,340.9949,338.1127,344.3436
362.3628,380.0416,375.2775,379.5629,379.5149,384.0311
350.0055,344.2201,343.7922,349.1209,346.6542,343.2935
346.0058,344.9637,343.2140,343.9379,345.3946,346.1013
385.1232,395.7879,394.2626,388.2906,389.2460,386.6550
317.4642,313.2204,316.5120,317.4632,315.2079,319.7408
350.6834,349.2096,351.7589,351.1961,348.3729,348.9374
364.4221,370.6417,367.0575,365.2467,364.3326,366.3223
343.8852,362.5304,359.6215,360.4925,357.9815,359.4007
411.8817,393.9141,388.7889,394.9272,395.0883,393.4288
360.9593,375.2082,376.3669,372.6375,374.9857,372.1190
380.1935,398.5822,403.0573,392.7144,399.2300,400.9062
370.4482,412.5315,410.6558,405.5099,406.1785,406.4831
413.3569,403.2349,399.1570,406.8494,402.9702,402.0649
396.8178,386.7029,386.2877,388.2909,385.5740,389.6593
358.4522,374.6466,374.2029,374.9373,377.1138,379.8138
359.0183,363.1339,356.0849,358.0551,366.1431,363.6732
404.0075,406.8616,409.9529,404.3508,407.3528,407.0623
415.9542,408.6279,417.3662,409.6620,412.7963,405.9718
372.0262,382.3306,377.3203,379.6103,383.1928,374.8592
375.9264,380.8969,380.4912,382.7075,381.1056,384.7440
345.8801,334.4864,334.0641,336.8647,334.4419,335.9097
366.0204,366.6256,365.4484,363.5006,365.7804,364.3234
348.7287,364.2633,366.0605,358.1442,361.3214,364.6419
367.2767,359.6280,360.9176,367.1747,359.2168,359.3272
353.2359,347.3789,348.4818,348.9468,350.9200,346.3261
348.6875,369.6075,369.2778,370.4975,371.6496,371.9900
383.2333,362.4016,360.2687,359.8766,359.6839,360.7938
392.0255,384.9942,381.7275,389.3564,378.8228,383.6270
464.8315,387.1912,386.2991,387.1377,384.9125,388.1766
338.0895,355.7217,356.7984,357.8776,353.1167,354.5741
361.2665,348.8519,347.3249,347.1521,353.6268,350.1973
388.2661,394.2141,395.6759,392.9084,392.9162,392.4132
391.6921,376.4707,378.9565,381.5914,379.1788,377.5618
348.7061,359.8032,356.3582,357.2199,354.0402,353.8567
422.9252,407.2837,409.9975,406.5224,406.1568,404.9702
407.4822,415.5679,419.3422,417.6368,417.0258,419.4907
369.5254,371.1720,364.4771,370.7835,365.6380,369.5505
405.2362,396.6065,399.1776,396.2019,394.4911,395.1558
412.3038,417.7882,417.8077,414.4003,412.4818,415.2541
401.2952,394.1207,402.5815,404.9963,406.3463,400.5896
381.8391,357.8983,359.8686,358.9075,364.7207,360.1998
364.5512,378.7000,381.2704,371.8701,372.2518,375.2250
296.6503,318.7450,314.9066,313.8051,313.2753,313.1631
382.1555,373.1947,370.4936,377.7854,373.5938,372.6687
397.6809,382.6068,382.9055,385.9711,386.4736,383.6219
332.5664,343.1006,345.3774,345.8382,341.4011,342.3278
399.7493,388.0058,386.0448,391.2018,388.7313,384.3391
398.6381,390.8040,396.8479,392.4031,389.9546,393.8130
403.7752,390.7323,393.3733,384.4017,389.4310,395.9145
374.0317,395.9764,399.4344,393.2897,395.2204,386.9267
367.6874,345.3100,344.9087,347.1722,342.2945,346.4290
404.2295,426.0809,427.8251,426.6640,423.9016,418.8887
392.7091,381.9259,374.9186,373.6076,378.2562,376.8314
364.4344,363.1584,359.6764,358.8900,357.4078,359.6870
390.7545,361.6933,362.4834,361.6922,360.0698,360.8079
460.5247,416.9063,423.2531,422.6358,419.7175,420.5177
307.5269,329.3727,331.0605,330.5871,330.6876,329.7156
355.1172,374.7531,377.5684,382.1376,373.1079,378.1245
373.3210,377.9235,373.0959,371.4871,367.6873,370.1078
348.9029,384.3234,385.2082,386.9438,384.1755,387.3441
393.6877,407.1033,404.3557,405.1333,401.9676,402.5736
354.5742,355.8101,356.7801,354.9506,353.6411,354.3256
385.4751,365.1966,365.4429,365.5679,362.1356,362.9944
337.6108,325.6622,325.1037,328.2686,325.5864,327.4542
405.8789,394.2649,397.6624,395.6145,397.2796,396.9507
373.8749,385.4952,385.1060,383.7122,384.4711,387.9104
381.8611,387.0714,382.5991,381.6114,381.4527,378.7806
373.4845,395.1702,386.6486,388.8493,387.7047,386.9574
335.3165,380.6768,384.9581,383.5179,382.1920,381.0298
366.3022,369.3052,373.6804,372.7405,365.6506,365.4458
417.5107,423.0297,423.4124,421.3615,423.0286,418.8035
381.9722,397.4282,389.6579,390.0213,385.6012,389.2974
390.2446,394.2692,390.8965,390.2476,392.5635,394.0919
365.0479,386.5461,382.1518,392.0814,385.3108,380.6177
381.2875,390.3638,389.7600,386.1912,391.2882,387.8679
422.5253,397.8150,397.9183,397.9914,391.0926,394.4070
293.2433,298.2617,300.5959,296.1373,287.9539,293.7863
403.5358,412.8118,410.7348,411.1324,417.0120,415.1712
393.4115,395.9098,397.4197,395.8241,395.4673,394.4771
409.5409,400.0917,399.3030,398.7866,403.7892,401.7698
354.4179,374.8651,368.4506,372.7552,372.7125,372.6143
388.2392,374.6787,371.1177,379.0261,378.6326,378.5068
427.6814,413.4936,414.5784,415.1840,415.3034,417.4568
391.0328,393.8609,390.7683,394.1311,401.1806,390.5720
411.3433,397.8726,401.5062,397.7168,397.4754,401.2940
382.2860,391.7532,397.0204,397.1558,394.9629,391.9509
376.7176,367.4137,364.2032,354.1182,350.3173,358.2614
405.4306,389.9659,394.2264,394.6335,393.8867,389.7730
382.3940,388.4244,387.1873,390.9297,391.5285,393.3043
356.2417,349.7722,353.3274,356.6623,346.7852,351.6962
379.4056,376.6855,379.0268,374.4259,377.4472,375.1509
378.3956,357.4923,361.5672,358.7183,361.6844,361.6986
348.4916,375.3870,376.5106,373.9729,377.4624,377.6432
378.8610,384.9476,388.6889,386.1284,388.8905,384.6472
414.6166,399.4047,399.4831,396.0888,397.9572,395.6486
312.2821,324.2272,322.9167,320.3067,322.3776,320.1373
416.0663,411.7555,410.2296,416.7179,415.4155,414.1236
400.2976,364.2083,360.3993,362.8948,364.5242,358.1690
344.7808,352.2728,349.6981,351.1606,347.5602,351.5156
384.5720,398.0567,400.4928,396.9070,399.1481,402.8431
386.8736,380.4038,380.2902,377.7471,379.2758,379.2913
423.0630,401.1250,408.4649,402.8379,407.0028,407.2851
452.0702,438.7720,446.2421,444.9750,447.4034,443.6643
344.1848,355.8749,355.6245,353.0145,354.2808,353.6834
367.7311,373.8478,374.8378,377.9167,380.7507,377.6352
354.2261,374.6179,372.2562,378.6800,373.6161,374.6392
423.9480,405.2815,408.2344,412.2131,409.4166,410.2706
300.4747,323.4829,328.9921,326.9947,326.9166,327.1121
354.6825,331.6887,328.1785,337.5568,329.8054,325.3660
375.9459,377.9576,378.6472,376.8106,377.9817,380.2180
316.0678,297.2986,302.8252,306.6690,306.5566,306.6015
323.6078,314.0199,309.7329,307.0671,309.8906,312.6594
341.3852,346.0221,345.3812,343.1102,352.5555,348.1743
443.0497,414.0940,418.5415,417.1652,417.8585,412.3423
388.9924,402.0571,400.9432,401.7265,401.8263,399.3898
336.4189,331.9508,333.2273,332.2524,328.5983,334.0246
344.0917,351.1604,343.9644,345.3928,343.9948,340.6619
328.2657,316.4199,313.9954,321.5472,321.0356,319.0215
368.8277,382.1322,382.7515,379.1059,388.0005,381.3558
346.1715,346.4210,351.5159,348.8477,343.7984,349.8059
350.1971,359.5147,351.0345,355.4895,353.8466,358.3142
338.2911,338.6144,328.8243,333.1717,335.7102,332.2254
346.5342,353.6318,352.6665,355.0914,352.2220,356.8442
395.7013,392.9171,396.5370,394.4046,394.5632,394.5132
356.0429,365.6961,367.5731,365.5054,366.5391,366.8015
358.5336,362.4361,360.7662,365.3192,361.8036,361.5212
349.6022,329.9687,332.0743,335.5463,331.2526,333.6602
386.6095,395.9563,390.0025,393.6991,389.1682,389.4818
393.6702,381.4858,381.5757,378.8547,376.1473,384.2812
355.6940,367.4040,371.3527,365.6360,363.7214,362.2175
363.8671,392.9191,394.2656,390.0635,391.5371,392.3682
348.5328,349.2014,351.8071,353.2383,346.8559,352.6826
327.2126,317.3855,318.1373,318.9067,314.4768,317.6256
336.8899,350.9580,343.3440,340.7712,342.3524,342.8876
363.4984,376.0270,373.0101,377.8842,373.2046,377.0105
345.2885,380.3345,378.2753,375.4431,379.9570,387.0248
424.8382,399.7033,393.2050,398.6498,398.4358,392.6162
307.4553,304.6242,307.6947,307.0889,309.0707,309.3915
312.4300,337.2767,331.9491,324.6547,335.8210,335.7598
395.7419,402.9907,400.6136,406.2173,404.2832,404.5435
380.1940,368.8100,369.0936,373.0931,367.5881,370.9508
389.9466,372.4801,373.4294,373.7425,369.1339,370.9036
373.7508,383.3306,384.5975,380.6201,379.7734,382.5384
345.0801,332.8917,339.0119,334.5453,338.7235,338.7075
327.9590,357.6853,359.6941,356.3595,356.7485,356.1199
330.2850,322.5427,317.7972,316.5441,320.2795,318.0780
422.7913,401.9091,399.6494,400.7551,396.6403,400.2708
350.0594,343.2784,345.4779,349.7419,344.5657,349.8728
379.2593,372.9747,370.9399,371.6432,375.8176,371.8422
335.2869,354.8524,350.1535,359.0476,352.8894,353.0136
352.8227,378.7677,373.9146,375.1528,377.1707,373.0323
394.0377,387.9089,388.2018,387.6158,391.4682,391.5420
388.0896,373.4984,371.3310,373.2389,372.8381,375.0565
330.6471,358.8820,358.4961,359.7773,356.3438,360.3347
336.5494,335.8503,338.0209,336.4440,338.4221,329.8743
355.7704,373.1420,369.8037,373.1942,374.9779,372.1377
392.9117,403.4130,403.0271,405.1444,407.7902,403.4282
433.6623,404.5741,408.9528,409.5031,408.4622,407.6189
425.9914,414.6162,415.0867,416.5656,416.4297,413.5638
369.1479,371.0334,366.2492,369.2989,365.4550,367.0353
427.5030,413.5666,415.2997,405.7597,412.9688,413.3202
376.9220,354.6638,359.7770,361.1774,353.5667,354.9898
313.7597,341.6223,338.5848,336.5893,334.1039,332.9556
349.0613,334.7255,335.9459,333.6360,334.8557,337.4714
395.5835,382.9448,383.7050,379.1692,381.5846,384.9959
455.5726,404.4786,408.2422,409.5062,410.5135,412.6512
376.4079,352.0406,357.8261,356.7231,355.2485,354.1975
432.2122,411.2746,412.8249,410.5645,410.2857,414.5596
334.6865,355.6323,351.3745,354.1282,350.7399,346.5338
361.8611,368.6013,381.4028,370.0172,371.7184,375.3983
415.8745,390.4639,398.2269,393.9723,399.1588,400.2736
361.8976,371.2651,364.6350,367.0520,367.1804,367.4725
416.9635,436.6214,441.3531,437.9300,440.2996,434.3173
338.0294,335.0538,335.4673,339.8377,334.9892,335.0841
328.9852,354.2445,353.8994,353.5665,360.7843,359.0118
341.5286,345.1855,346.0757,346.7642,346.8561,348.6931
388.3634,372.0664,370.7618,373.4251,370.6778,372.5689
450.0836,421.8667,416.3200,418.6485,420.9049,418.3730
390.8924,366.6628,373.2193,371.4489,364.8285,370.0618
337.6767,322.0629,321.4345,320.6212,319.7497,318.5860
377.8447,400.8908,401.5385,397.6603,395.4472,398.9237
407.8655,363.5402,362.4580,362.6103,363.6929,365.6924
349.9134,362.3229,362.2989,369.0403,363.9000,361.5469
368.1610,370.8662,364.3942,364.3382,367.4294,366.6926
384.7677,414.1036,413.4354,411.1530,414.9986,416.0618
371.6265,373.1184,373.2046,373.1285,368.9035,368.1766
353.2908,386.8100,388.8718,389.0603,386.5264,385.0163
395.0113,389.4875,389.3592,395.0697,386.8534,387.9918
376.9489,381.9276,386.0235,379.1838,388.2090,385.8772
326.2170,345.6481,338.4704,340.8699,350.6270,346.3622
319.9042,335.0975,331.5452,336.4449,333.2191,333.4158
438.3542,402.7277,406.4112,402.4227,410.7642,399.5187
376.1241,370.3793,373.1452,373.3249,376.6307,375.1366
323.5554,331.9017,329.2851,333.5517,327.4077,324.9038
305.2793,323.9759,321.0951,323.5024,320.1858,317.3180
352.2193,313.5141,316.0629,317.6512,316.7966,316.1714
319.5375,343.3134,342.7259,343.9345,341.5137,345.0198
358.8725,369.2007,369.3106,369.8959,368.0877,371.1279
367.5320,360.0753,369.8008,366.8052,368.2785,365.9704
384.6978,368.7125,364.1003,363.5789,365.9454,374.2434
376.6133,365.8448,365.8367,367.0393,366.1656,362.5928
349.9747,332.1768,332.7763,336.8990,338.2517,334.9978
364.5101,355.1136,358.7849,363.2770,360.6622,362.0418
389.7736,383.8988,388.4910,388.6785,379.0173,389.8031
375.1814,340.8083,340.8449,348.3847,342.9090,344.8444
362.0346,353.3338,358.4249,356.0428,354.6041,360.4159
317.2392,328.6223,330.3452,333.4084,332.0467,334.2243
429.6747,431.3755,437.1374,432.5135,435.0574,441.5103
349.3424,367.1899,363.7953,362.7991,368.9620,363.5483
312.7180,324.8449,324.1490,325.0067,327.5463,321.9336
351.2155,358.8095,357.8797,360.0373,354.7410,360.3185
385.6129,386.6737,387.4738,385.1337,387.7280,382.9286
410.7876,403.2046,396.6203,400.3803,401.0007,400.7577
328.1606,334.7374,340.6480,339.0680,341.0967,337.9050
369.9743,350.0612,348.4798,349.0069,351.4138,350.1252
451.2671,420.2943,424.2137,425.0193,426.8083,420.2653
322.2496,320.8172,326.2169,321.6103,318.7623,324.5823
424.5953,412.1630,408.4778,406.0640,408.1299,409.3930
348.6329,349.4246,345.2622,349.1595,348.5146,349.1849
347.2693,357.0070,358.6645,353.1714,356.3008,356.6034
397.6276,359.8170,359.8078,362.6589,357.5373,361.3950
325.8671,356.0829,358.1994,356.3857,359.5951,357.6990
458.4580,443.0741,440.5606,443.6495,439.7830,440.3749
400.7295,384.0343,380.0573,384.0532,377.3981,376.2786
354.1630,369.4414,369.1691,369.9054,368.9764,371.0354
377.9537,390.1056,388.3662,386.3508,387.1337,387.8890
408.1982,376.8782,377.3650,376.8557,377.6272,377.2207
387.4024,372.1719,374.9916,379.1571,376.0412,376.7780
361.7773,344.3766,342.1762,342.1768,342.8867,347.1487
409.1274,385.0842,386.3267,382.3121,382.6626,384.4079
369.8841,399.5006,384.4045,391.6580,391.4867,395.1829
380.3548,394.4530,386.0050,395.2231,391.7981,391.1778
396.7321,405.2477,406.9664,404.3956,400.6338,403.1702
385.8462,371.3187,371.2654,373.3384,370.0510,373.1315
355.9995,378.3738,380.7702,380.6245,377.6797,374.9674
351.6659,327.3698,329.1984,332.6130,329.9148,330.4591
328.7313,361.2633,352.6235,350.7207,351.1509,355.5819
388.6880,396.6873,394.1503,393.5835,393.5596,394.3548
352.1768,357.9703,356.1420,357.7626,359.5512,356.5819
321.4880,327.7957,327.8051,330.8764,328.0918,327.8474
345.3854,349.5129,350.5542,354.6322,347.2978,349.3444
439.9698,433.0305,441.4904,445.2083,442.6956,439.0325
370.3512,384.9008,388.5739,380.1467,385.9199,382.1040
351.3090,357.7015,357.4488,356.9174,359.3330,357.3248
419.2632,393.4529,395.6479,390.7104,392.4221,391.3340
369.6378,349.8994,345.5039,349.9507,349.1019,348.5069
354.0836,348.2067,351.0192,345.4074,346.8956,348.1257
375.2319,380.4529,382.5927,378.2675,378.8673,376.1939
342.1743,327.8139,329.5719,333.4568,326.4458,327.6589
409.8254,408.5257,410.6219,409.3224,408.9079,406.5097
382.1905,380.3147,380.8374,379.8587,381.6715,379.0238
400.1464,375.9982,376.3693,377.3625,369.9034,378.2671
358.7086,359.1905,359.1255,360.0168,364.6867,357.5682
417.5394,412.7688,420.4232,421.5234,419.4157,415.6631
370.6486,371.6812,372.1977,372.3005,372.6875,376.0875
375.1031,397.5162,401.7422,396.6269,394.1240,397.0202
346.5014,362.0351,364.6251,363.2599,365.3947,360.5707
425.9951,427.6019,427.0276,426.9640,424.7130,428.6405
401.4551,402.7078,400.1121,394.7287,400.2286,399.0047
394.4825,389.0968,389.2730,387.1953,385.4413,385.2027
363.9611,360.8228,360.3166,354.3717,361.5879,357.3780
372.1108,367.3630,365.0539,361.3584,362.2815,364.0038
343.0085,365.5363,367.5442,363.5469,362.8137,360.9087
381.3823,378.7015,379.8889,376.3383,380.0144,378.2433
398.5884,391.2500,392.1268,393.4445,391.8043,390.5938
331.1430,373.6387,371.0432,369.4917,369.2265,370.9956
356.6099,382.9889,386.1109,384.7847,385.0670,386.5776
353.5606,403.8055,403.7110,402.7995,400.4999,405.1052
368.5578,388.0175,388.4198,383.2032,390.7026,387.7592
349.3765,351.6125,346.6405,351.5666,351.5880,348.0404
346.6797,350.9882,348.0874,349.2944,349.4526,346.1564
390.0347,395.8883,388.7938,389.2696,392.8611,389.1715
347.9348,364.2266,356.2289,362.2843,363.5415,357.9043
377.0748,342.3543,344.6320,349.4855,341.0715,339.1139
393.0699,411.0467,409.6402,409.1955,410.7145,406.6466
370.6218,359.7256,362.4004,365.2009,359.7711,359.9455
356.2668,333.2691,334.2167,340.5142,339.6814,333.3524
364.0729,384.0352,383.5442,380.8682,383.5621,383.4619
430.5183,407.4931,411.3177,403.3729,410.8378,408.0228
371.6904,360.1445,355.7916,361.6518,360.3758,358.5151
403.9928,405.0223,410.7872,399.8011,399.4192,405.4120
397.9207,406.1363,404.2051,406.0476,400.6700,407.9825
369.5668,368.8552,381.4067,366.7532,371.3010,376.6661
357.6971,396.4732,390.7863,395.3748,397.9615,395.9375
400.7616,422.8730,424.0171,414.1196,418.1654,419.7420
382.5606,405.6568,399.9166,410.5718,410.7594,404.8303
414.1059,393.4043,389.2759,393.0937,388.6273,389.9250
401.0049,378.5063,380.3484,380.1733,380.5745,377.6176
416.0391,404.7157,406.9741,406.8827,406.7344,403.4542
330.0968,313.0934,314.7254,316.6315,314.1202,313.0039
302.6085,300.3343,300.0552,297.3247,302.0220,296.4093
381.7703,370.1730,370.5877,369.3959,367.8199,369.9694
416.9465,405.3227,403.0018,404.4193,408.6104,410.9749
362.7546,365.3876,362.7444,364.3419,360.4780,359.9867
361.5794,351.7836,345.9699,346.2507,348.0523,347.8838
364.7595,341.3800,336.6025,338.5949,337.7187,341.6766
408.5467,399.8845,399.7852,394.1272,394.5370,395.9632
356.1417,364.9228,365.1719,361.1949,363.0458,365.4152
383.2662,395.4098,397.2115,399.4332,395.3539,394.9133
335.5098,336.1724,336.1309,335.3989,332.7190,331.2816
349.4221,331.4459,327.1001,325.5160,328.6802,329.0867
341.0216,356.9927,356.5460,357.9089,358.3857,353.1547
374.3490,365.3508,367.2698,362.0808,358.0597,358.8405
367.8904,348.5823,348.8684,351.9091,346.3371,353.6497
441.8220,434.8197,436.5277,438.2868,435.8386,440.1365
348.0794,365.1376,365.0214,364.0606,363.2855,367.2348
397.6377,387.1684,381.8717,389.8557,381.0086,382.2690
402.1228,396.1025,400.1607,392.2079,400.8420,397.2271
330.3257,325.8315,327.5948,329.0438,332.0813,328.6992
439.0482,401.6613,401.5044,403.1215,405.0747,397.7016
368.6789,354.7088,354.7371,354.5033,352.6676,352.4607
352.1747,361.4042,358.0875,362.5144,360.2408,357.6027
391.0942,394.2909,391.6211,395.6989,388.7051,395.2138
400.8726,376.9852,372.0626,376.1953,369.9006,374.1341
381.4496,368.6719,365.4491,373.1652,372.2029,372.4090
386.0433,362.1482,366.3988,368.5127,361.9179,371.9335
364.8823,367.7746,368.4171,363.4973,366.6055,369.1390
385.1497,367.4371,367.4760,370.9329,367.6764,371.1250
323.5838,313.7539,317.7541,322.2538,318.5413,319.3511
414.4329,396.0360,394.9119,390.9554,397.9045,395.9056
414.6812,397.9335,401.3816,394.3310,398.4977,393.6393
445.5603,410.8768,409.3275,411.5399,411.2264,414.9094
419.3139,392.5977,398.8909,396.3163,395.7421,398.0376
415.5726,412.2860,411.1909,400.8807,409.9556,411.3590
344.6028,362.8266,360.8572,360.2799,363.9702,358.4556
418.8057,392.9616,390.4452,397.7378,392.3342,390.2631
417.3104,423.3573,424.1012,420.0331,423.4279,421.8589
417.0309,415.1249,420.6299,421.1488,418.9648,420.5841
368.6494,350.8907,348.3077,346.1545,347.2242,340.2401
319.4526,341.0338,340.4391,346.6739,339.5202,338.8560
329.3836,351.8089,350.4181,348.6368,342.0278,349.2019
405.3678,389.2718,397.8384,390.6842,397.0827,394.3210
379.3981,384.4480,387.5904,384.7385,385.5869,385.9437
372.1625,373.8432,371.7875,369.7265,371.0249,373.6796
358.5932,358.9263,360.0657,359.6909,360.5338,357.4108
421.5785,396.8173,399.5120,400.3334,400.2341,401.2852
357.1965,387.6146,385.0894,382.3804,386.2005,384.9219
360.9394,369.3813,371.6496,367.9284,367.6946,369.4123
366.9256,371.9863,371.3577,370.7149,370.0670,373.2570
414.5635,429.2081,433.5516,432.7360,435.7249,427.4520
330.3536,341.6168,343.0572,339.1612,336.2729,333.7605
358.3448,357.4092,357.7159,363.4651,361.8716,356.1977
425.5809,384.6565,387.0049,384.5292,383.6346,386.6233
336.1066,342.6939,340.4419,345.1105,350.6069,344.0141
389.5320,435.0228,430.2115,436.2812,434.2491,435.4106
374.7240,382.8889,378.7168,381.1156,380.1570,382.6734
410.8164,387.7569,383.1638,381.7696,384.8175,382.6712
415.3490,425.3731,426.9153,416.9446,425.6363,418.9148
362.1718,351.2346,353.1526,355.4158,354.3794,353.2660
419.8855,409.3449,406.9485,410.4256,410.0429,407.8843
327.4847,334.6093,335.2013,341.4431,337.0599,337.0855
395.5327,374.3925,368.5389,373.3992,372.0428,375.3726
366.3296,360.8819,362.1441,361.3053,363.5223,360.1792
422.7920,407.9328,412.6594,410.0063,415.3515,414.7738
418.8101,432.3509,440.2127,436.7344,434.4540,432.6884
342.8511,367.1910,365.1733,362.6270,365.7674,364.1562
326.6705,327.4895,331.5265,331.4559,333.1730,332.1552
407.2908,415.0785,413.2813,417.9468,412.4483,414.7314
370.2731,356.8965,360.2237,365.1220,364.7149,367.2596
364.2463,390.8748,389.1964,393.6568,389.4022,391.5908
377.0737,379.5872,384.2644,383.1752,380.2191,381.4332
407.1403,380.8595,379.9827,383.8743,381.7665,382.8366
373.8257,392.6676,397.2304,391.1157,391.3065,391.1792
318.2760,317.3426,318.5966,318.8284,317.4340,322.4597
388.6344,399.9858,397.3490,401.0115,399.4926,403.4748
392.7634,373.5474,380.4695,376.2964,375.8294,376.2862
356.8327,365.8438,362.3944,364.6103,368.7593,360.8202
405.2113,396.8725,398.8506,400.2680,396.5654,395.9874
442.9603,435.4051,435.7895,435.1156,435.8800,438.1182
401.3277,402.8880,405.7459,405.5509,407.7312,402.9844
368.5741,360.1294,357.8399,361.5114,361.8870,363.2533
311.2651,300.1557,301.3122,305.3406,300.7810,301.2959
376.2561,391.8566,396.0715,397.2848,390.9154,395.4528
288.4106,310.9228,309.0083,310.5759,309.8332,309.5144
342.4107,388.0623,384.1716,386.9597,390.4612,383.4999
416.5739,418.8781,424.9103,424.1702,424.9213,424.4066
453.2805,398.9083,402.6276,401.6789,399.9510,403.3979
393.7869,433.0479,440.2349,438.4819,437.6884,433.6080
359.9006,343.8945,342.7940,342.5686,339.2728,346.4480
330.9772,355.5136,357.1665,355.8134,356.7134,359.0002
384.8565,379.0750,381.7278,377.7119,379.4516,380.3286
410.9410,387.7560,390.9681,390.9728,381.5618,392.6463
363.2453,361.2204,367.2866,368.1242,365.5030,361.5170
331.3905,346.4303,342.9548,343.6029,344.5977,343.7857
427.9904,399.3474,400.7995,406.7040,401.9943,407.7324
334.3889,345.0722,344.8367,347.4081,348.8553,349.3097
415.0464,412.0709,405.2367,407.5552,406.4256,408.2726
467.0007,422.4796,422.9369,419.0692,423.7606,422.5788
382.1695,372.5970,374.8773,374.8070,377.8420,376.6460
383.5483,396.0400,397.1877,395.7115,397.7944,394.1700
354.6595,335.8287,340.0236,337.6786,339.9530,340.9363
382.0247,407.9703,408.7960,407.4761,406.4264,408.3074
341.7607,323.4097,323.4492,326.2223,326.3457,324.2033
353.4161,349.0809,349.8188,346.2496,345.4540,350.2129
340.9685,321.0851,322.0410,320.7497,323.8504,320.4408
402.9082,396.7076,399.7767,402.1212,398.2815,396.2327
396.2703,409.4023,413.0540,409.9714,410.5437,416.0753
413.2312,409.7671,412.1460,410.6089,408.2538,413.2028
